0 -1.06695e+12 8.64055e+11 2.70819e+10 -14266.9 -10395.2 2601.02 1.37321e+12 17843
86400 -1.06782e+12 8.6287e+11 2.7418e+10 -4471.06 -14889.1 3987.84 1.37314e+12 16049.2
172800 -1.06814e+12 8.62772e+11 2.74982e+10 -49544 -11581 10666.3 1.37334e+12 51985.6
259200 -1.06797e+12 8.62812e+11 2.74607e+10 4569.47 1061.01 -983.058 1.37323e+12 4792.93
345600 -1.06762e+12 8.62892e+11 2.73872e+10 10352.3 2410.43 -2228.43 1.37301e+12 10860.3
432000 -2.16504e+12 6.07555e+11 2.63343e+11 -2.14737e+07 -4.99631e+06 4.61708e+06 2.26404e+12 2.25256e+07
518400 -2.17061e+12 6.0626e+11 2.6454e+11 -64419.1 -14989.5 13851 2.26916e+12 67574.8
604800 -2.17062e+12 6.06256e+11 2.64543e+11 -191.124 -45.5632 41.2927 2.26917e+12 200.772
691200 -2.17062e+12 6.06256e+11 2.64543e+11 1.56017 -0.731355 -0.136332 2.26917e+12 1.72847
777600 -2.17062e+12 6.06256e+11 2.64543e+11 2.13822 -0.596859 -0.260619 2.26917e+12 2.23521
864000 -2.17062e+12 6.06256e+11 2.64543e+11 2.13996 -0.596456 -0.260992 2.26917e+12 2.23681
950400 -2.17062e+12 6.06256e+11 2.64543e+11 2.13996 -0.596455 -0.260993 2.26917e+12 2.23681
1.0368e+06 -2.17062e+12 6.06256e+11 2.64543e+11 2.13996 -0.596455 -0.260993 2.26917e+12 2.23681
1.1232e+06 -2.17062e+12 6.06256e+11 2.64543e+11 2.13996 -0.596455 -0.260993 2.26917e+12 2.23681
1.2096e+06 -2.17062e+12 6.06256e+11 2.64543e+11 2.13996 -0.596455 -0.260993 2.26917e+12 2.23681
1.296e+06 -2.17062e+12 6.06256e+11 2.64543e+11 2.13996 -0.596455 -0.260993 2.26917e+12 2.23681
1.3824e+06 -2.17062e+12 6.06256e+11 2.64543e+11 2.13996 -0.596455 -0.260993 2.26917e+12 2.23681
1.4688e+06 -2.17062e+12 6.06256e+11 2.64543e+11 2.13996 -0.596455 -0.260993 2.26917e+12 2.23681
1.5552e+06 -2.17062e+12 6.06256e+11 2.64543e+11 2.13996 -0.596455 -0.260993 2.26917e+12 2.23681
1.6416e+06 -2.17062e+12 6.06256e+11 2.64543e+11 2.13997 -0.596455 -0.260993 2.26917e+12 2.23681
1.728e+06 -2.17062e+12 6.06256e+11 2.64543e+11 2.13997 -0.596455 -0.260993 2.26917e+12 2.23681
1.8144e+06 -2.17062e+12 6.06256e+11 2.64543e+11 2.13997 -0.596455 -0.260993 2.26917e+12 2.23681
1.9008e+06 -2.17062e+12 6.06256e+11 2.64543e+11 2.13997 -0.596455 -0.260993 2.26917e+12 2.23681
1.9872e+06 -2.17062e+12 6.06256e+11 2.64543e+11 2.13997 -0.596455 -0.260993 2.26917e+12 2.23681
2.0736e+06 -2.17062e+12 6.06256e+11 2.64543e+11 2.13997 -0.596455 -0.260993 2.26917e+12 2.23681
2.16e+06 -2.17062e+12 6.06256e+11 2.64543e+11 2.13997 -0.596456 -0.260993 2.26917e+12 2.23681
2.2464e+06 -2.17062e+12 6.06256e+11 2.64543e+11 2.13997 -0.596456 -0.260993 2.26917e+12 2.23681
2.3328e+06 -2.17062e+12 6.06256e+11 2.64543e+11 2.13997 -0.596456 -0.260993 2.26917e+12 2.23681
2.4192e+06 -2.17062e+12 6.06256e+11 2.64543e+11 2.13997 -0.596456 -0.260993 2.26917e+12 2.23681
2.5056e+06 -2.17062e+12 6.06256e+11 2.64543e+11 2.13997 -0.596456 -0.260993 2.26917e+12 2.23681
2.592e+06 -2.17062e+12 6.06256e+11 2.64543e+11 2.13997 -0.596456 -0.260993 2.26917e+12 2.23681
2.6784e+06 -2.17062e+12 6.06256e+11 2.64543e+11 2.13997 -0.596456 -0.260993 2.26917e+12 2.23681
2.7648e+06 -2.17062e+12 6.06256e+11 2.64543e+11 2.13997 -0.596456 -0.260993 2.26917e+12 2.23681
2.8512e+06 -2.17062e+12 6.06256e+11 2.64543e+11 2.13997 -0.596456 -0.260993 2.26917e+12 2.23681
2.9376e+06 -2.17062e+12 6.06256e+11 2.64543e+11 2.13997 -0.596456 -0.260994 2.26917e+12 2.23681
3.024e+06 -2.17062e+12 6.06256e+11 2.64543e+11 2.13997 -0.596456 -0.260994 2.26917e+12 2.23681
3.1104e+06 -2.17062e+12 6.06256e+11 2.64543e+11 2.13997 -0.596456 -0.260994 2.26917e+12 2.23681
3.1968e+06 -2.17062e+12 6.06256e+11 2.64543e+11 2.13997 -0.596456 -0.260994 2.26917e+12 2.23682
3.2832e+06 -2.17062e+12 6.06256e+11 2.64543e+11 2.13997 -0.596456 -0.260994 2.26917e+12 2.23682
3.3696e+06 -2.17062e+12 6.06256e+11 2.64543e+11 2.13997 -0.596456 -0.260994 2.26917e+12 2.23682
3.456e+06 -2.17062e+12 6.06256e+11 2.64543e+11 2.13997 -0.596456 -0.260994 2.26917e+12 2.23682
3.5424e+06 -2.17062e+12 6.06256e+11 2.64543e+11 2.13997 -0.596456 -0.260994 2.26917e+12 2.23682
3.6288e+06 -2.17062e+12 6.06256e+11 2.64543e+11 2.13997 -0.596456 -0.260994 2.26917e+12 2.23682
3.7152e+06 -2.17062e+12 6.06256e+11 2.64543e+11 2.13997 -0.596456 -0.260994 2.26917e+12 2.23682
3.8016e+06 -2.17062e+12 6.06256e+11 2.64543e+11 2.13997 -0.596457 -0.260994 2.26917e+12 2.23682
3.888e+06 -2.17062e+12 6.06255e+11 2.64543e+11 2.13997 -0.596457 -0.260994 2.26917e+12 2.23682
3.9744e+06 -2.17062e+12 6.06255e+11 2.64543e+11 2.13997 -0.596457 -0.260994 2.26917e+12 2.23682
4.0608e+06 -2.17062e+12 6.06255e+11 2.64543e+11 2.13997 -0.596457 -0.260994 2.26917e+12 2.23682
4.1472e+06 -2.17062e+12 6.06255e+11 2.64543e+11 2.13997 -0.596457 -0.260994 2.26917e+12 2.23682
4.2336e+06 -2.17062e+12 6.06255e+11 2.64543e+11 2.13997 -0.596457 -0.260994 2.26917e+12 2.23682
4.32e+06 -2.17062e+12 6.06255e+11 2.64543e+11 2.13997 -0.596457 -0.260994 2.26917e+12 2.23682
4.4064e+06 -2.17062e+12 6.06255e+11 2.64543e+11 2.13997 -0.596457 -0.260994 2.26917e+12 2.23682
4.4928e+06 -2.17062e+12 6.06255e+11 2.64543e+11 2.13997 -0.596457 -0.260994 2.26917e+12 2.23682
4.5792e+06 -2.17062e+12 6.06255e+11 2.64543e+11 2.13997 -0.596457 -0.260994 2.26917e+12 2.23682
4.6656e+06 -2.17062e+12 6.06255e+11 2.64543e+11 2.13997 -0.596457 -0.260994 2.26917e+12 2.23682
4.752e+06 -2.17062e+12 6.06255e+11 2.64543e+11 2.13997 -0.596457 -0.260994 2.26917e+12 2.23682
4.8384e+06 -2.17062e+12 6.06255e+11 2.64543e+11 2.13997 -0.596457 -0.260994 2.26917e+12 2.23682
4.9248e+06 -2.17062e+12 6.06255e+11 2.64543e+11 2.13997 -0.596457 -0.260994 2.26917e+12 2.23682
5.0112e+06 -2.17062e+12 6.06255e+11 2.64543e+11 2.13997 -0.596457 -0.260994 2.26917e+12 2.23682
5.0976e+06 -2.17062e+12 6.06255e+11 2.64543e+11 2.13997 -0.596457 -0.260994 2.26917e+12 2.23682
5.184e+06 -2.17062e+12 6.06255e+11 2.64543e+11 2.13997 -0.596457 -0.260994 2.26917e+12 2.23682
5.2704e+06 -2.17062e+12 6.06255e+11 2.64543e+11 2.13997 -0.596457 -0.260994 2.26917e+12 2.23682
5.3568e+06 -2.17062e+12 6.06255e+11 2.64543e+11 2.13997 -0.596457 -0.260994 2.26917e+12 2.23682
5.4432e+06 -2.17062e+12 6.06255e+11 2.64543e+11 2.13997 -0.596457 -0.260994 2.26917e+12 2.23682
5.5296e+06 -2.17062e+12 6.06255e+11 2.64543e+11 2.13997 -0.596458 -0.260994 2.26917e+12 2.23682
5.616e+06 -2.17062e+12 6.06255e+11 2.64543e+11 2.13997 -0.596458 -0.260994 2.26917e+12 2.23682
5.7024e+06 -2.17062e+12 6.06255e+11 2.64543e+11 2.13997 -0.596458 -0.260994 2.26916e+12 2.23682
5.7888e+06 -2.17062e+12 6.06255e+11 2.64543e+11 2.13997 -0.596458 -0.260994 2.26916e+12 2.23682
5.8752e+06 -2.17062e+12 6.06255e+11 2.64543e+11 2.13997 -0.596458 -0.260994 2.26916e+12 2.23682
5.9616e+06 -2.17062e+12 6.06255e+11 2.64543e+11 2.13997 -0.596458 -0.260994 2.26916e+12 2.23682
6.048e+06 -2.17062e+12 6.06255e+11 2.64543e+11 2.13997 -0.596458 -0.260994 2.26916e+12 2.23682
6.1344e+06 -2.17062e+12 6.06255e+11 2.64543e+11 2.13997 -0.596458 -0.260994 2.26916e+12 2.23682
6.2208e+06 -2.17062e+12 6.06255e+11 2.64543e+11 2.13997 -0.596458 -0.260994 2.26916e+12 2.23682
6.3072e+06 -2.17062e+12 6.06255e+11 2.64543e+11 2.13997 -0.596458 -0.260994 2.26916e+12 2.23682
6.3936e+06 -2.17062e+12 6.06255e+11 2.64543e+11 2.13998 -0.596458 -0.260994 2.26916e+12 2.23682
6.48e+06 -2.17062e+12 6.06255e+11 2.64543e+11 2.13998 -0.596458 -0.260994 2.26916e+12 2.23682
6.5664e+06 -2.17062e+12 6.06255e+11 2.64543e+11 2.13998 -0.596458 -0.260994 2.26916e+12 2.23682
6.6528e+06 -2.17062e+12 6.06255e+11 2.64543e+11 2.13998 -0.596458 -0.260994 2.26916e+12 2.23682
6.7392e+06 -2.17062e+12 6.06255e+11 2.64542e+11 2.13998 -0.596458 -0.260994 2.26916e+12 2.23682
6.8256e+06 -2.17062e+12 6.06255e+11 2.64542e+11 2.13998 -0.596458 -0.260995 2.26916e+12 2.23682
6.912e+06 -2.17062e+12 6.06255e+11 2.64542e+11 2.13998 -0.596458 -0.260995 2.26916e+12 2.23682
6.9984e+06 -2.17062e+12 6.06255e+11 2.64542e+11 2.13998 -0.596458 -0.260995 2.26916e+12 2.23682
7.0848e+06 -2.17062e+12 6.06255e+11 2.64542e+11 2.13998 -0.596458 -0.260995 2.26916e+12 2.23682
7.1712e+06 -2.17062e+12 6.06255e+11 2.64542e+11 2.13998 -0.596459 -0.260995 2.26916e+12 2.23682
7.2576e+06 -2.17062e+12 6.06254e+11 2.64542e+11 2.13998 -0.596459 -0.260995 2.26916e+12 2.23682
7.344e+06 -2.17062e+12 6.06254e+11 2.64542e+11 2.13998 -0.596459 -0.260995 2.26916e+12 2.23682
7.4304e+06 -2.17062e+12 6.06254e+11 2.64542e+11 2.13998 -0.596459 -0.260995 2.26916e+12 2.23682
7.5168e+06 -2.17062e+12 6.06254e+11 2.64542e+11 2.13998 -0.596459 -0.260995 2.26916e+12 2.23682
7.6032e+06 -2.17062e+12 6.06254e+11 2.64542e+11 2.13998 -0.596459 -0.260995 2.26916e+12 2.23682
7.6896e+06 -2.17062e+12 6.06254e+11 2.64542e+11 2.13998 -0.596459 -0.260995 2.26916e+12 2.23683
7.776e+06 -2.17062e+12 6.06254e+11 2.64542e+11 2.13998 -0.596459 -0.260995 2.26916e+12 2.23683
7.8624e+06 -2.17062e+12 6.06254e+11 2.64542e+11 2.13998 -0.596459 -0.260995 2.26916e+12 2.23683
7.9488e+06 -2.17062e+12 6.06254e+11 2.64542e+11 2.13998 -0.596459 -0.260995 2.26916e+12 2.23683
8.0352e+06 -2.17062e+12 6.06254e+11 2.64542e+11 2.13998 -0.596459 -0.260995 2.26916e+12 2.23683
8.1216e+06 -2.17062e+12 6.06254e+11 2.64542e+11 2.13998 -0.596459 -0.260995 2.26916e+12 2.23683
8.208e+06 -2.17062e+12 6.06254e+11 2.64542e+11 2.13998 -0.596459 -0.260995 2.26916e+12 2.23683
8.2944e+06 -2.17062e+12 6.06254e+11 2.64542e+11 2.13998 -0.596459 -0.260995 2.26916e+12 2.23683
8.3808e+06 -2.17061e+12 6.06254e+11 2.64542e+11 2.13998 -0.596459 -0.260995 2.26916e+12 2.23683
8.4672e+06 -2.17061e+12 6.06254e+11 2.64542e+11 2.13998 -0.596459 -0.260995 2.26916e+12 2.23683
8.5536e+06 -2.17061e+12 6.06254e+11 2.64542e+11 2.13998 -0.596459 -0.260995 2.26916e+12 2.23683
8.64e+06 -2.17061e+12 6.06254e+11 2.64542e+11 2.13998 -0.596459 -0.260995 2.26916e+12 2.23683
8.7264e+06 -2.17061e+12 6.06254e+11 2.64542e+11 2.13998 -0.596459 -0.260995 2.26916e+12 2.23683
8.8128e+06 -2.17061e+12 6.06254e+11 2.64542e+11 2.13998 -0.596459 -0.260995 2.26916e+12 2.23683
8.8992e+06 -2.17061e+12 6.06254e+11 2.64542e+11 2.13998 -0.59646 -0.260995 2.26916e+12 2.23683
8.9856e+06 -2.17061e+12 6.06254e+11 2.64542e+11 2.13998 -0.59646 -0.260995 2.26916e+12 2.23683
9.072e+06 -2.17061e+12 6.06254e+11 2.64542e+11 2.13998 -0.59646 -0.260995 2.26916e+12 2.23683
9.1584e+06 -2.17061e+12 6.06254e+11 2.64542e+11 2.13998 -0.59646 -0.260995 2.26916e+12 2.23683
9.2448e+06 -2.17061e+12 6.06254e+11 2.64542e+11 2.13998 -0.59646 -0.260995 2.26916e+12 2.23683
9.3312e+06 -2.17061e+12 6.06254e+11 2.64542e+11 2.13998 -0.59646 -0.260995 2.26916e+12 2.23683
9.4176e+06 -2.17061e+12 6.06254e+11 2.64542e+11 2.13998 -0.59646 -0.260995 2.26916e+12 2.23683
9.504e+06 -2.17061e+12 6.06254e+11 2.64542e+11 2.13998 -0.59646 -0.260995 2.26916e+12 2.23683
9.5904e+06 -2.17061e+12 6.06254e+11 2.64542e+11 2.13998 -0.59646 -0.260995 2.26916e+12 2.23683
9.6768e+06 -2.17061e+12 6.06254e+11 2.64542e+11 2.13998 -0.59646 -0.260995 2.26916e+12 2.23683
9.7632e+06 -2.17061e+12 6.06254e+11 2.64542e+11 2.13998 -0.59646 -0.260995 2.26916e+12 2.23683
9.8496e+06 -2.17061e+12 6.06254e+11 2.64542e+11 2.13998 -0.59646 -0.260995 2.26916e+12 2.23683
9.936e+06 -2.17061e+12 6.06254e+11 2.64542e+11 2.13998 -0.59646 -0.260995 2.26916e+12 2.23683
1.00224e+07 -2.17061e+12 6.06254e+11 2.64542e+11 2.13998 -0.59646 -0.260995 2.26916e+12 2.23683
1.01088e+07 -2.17061e+12 6.06254e+11 2.64542e+11 2.13998 -0.59646 -0.260995 2.26916e+12 2.23683
1.01952e+07 -2.17061e+12 6.06254e+11 2.64542e+11 2.13998 -0.59646 -0.260995 2.26916e+12 2.23683
1.02816e+07 -2.17061e+12 6.06254e+11 2.64542e+11 2.13998 -0.59646 -0.260995 2.26916e+12 2.23683
1.0368e+07 -2.17061e+12 6.06254e+11 2.64542e+11 2.13998 -0.59646 -0.260995 2.26916e+12 2.23683
1.04544e+07 -2.17061e+12 6.06254e+11 2.64542e+11 2.13998 -0.59646 -0.260995 2.26916e+12 2.23683
1.05408e+07 -2.17061e+12 6.06253e+11 2.64542e+11 2.13998 -0.596461 -0.260995 2.26916e+12 2.23683
1.06272e+07 -2.17061e+12 6.06253e+11 2.64542e+11 2.13998 -0.596461 -0.260995 2.26916e+12 2.23683
1.07136e+07 -2.17061e+12 6.06253e+11 2.64542e+11 2.13998 -0.596461 -0.260995 2.26916e+12 2.23683
1.08e+07 -2.17061e+12 6.06253e+11 2.64542e+11 2.13998 -0.596461 -0.260996 2.26916e+12 2.23683
1.08864e+07 -2.17061e+12 6.06253e+11 2.64542e+11 2.13998 -0.596461 -0.260996 2.26916e+12 2.23683
1.09728e+07 -2.17061e+12 6.06253e+11 2.64542e+11 2.13998 -0.596461 -0.260996 2.26916e+12 2.23683
1.10592e+07 -2.17061e+12 6.06253e+11 2.64542e+11 2.13998 -0.596461 -0.260996 2.26916e+12 2.23683
1.11456e+07 -2.17061e+12 6.06253e+11 2.64542e+11 2.13999 -0.596461 -0.260996 2.26916e+12 2.23683
1.1232e+07 -2.17061e+12 6.06253e+11 2.64542e+11 2.13999 -0.596461 -0.260996 2.26916e+12 2.23683
1.13184e+07 -2.17061e+12 6.06253e+11 2.64542e+11 2.13999 -0.596461 -0.260996 2.26916e+12 2.23683
1.14048e+07 -2.17061e+12 6.06253e+11 2.64542e+11 2.13999 -0.596461 -0.260996 2.26916e+12 2.23683
1.14912e+07 -2.17061e+12 6.06253e+11 2.64542e+11 2.13999 -0.596461 -0.260996 2.26916e+12 2.23683
1.15776e+07 -2.17061e+12 6.06253e+11 2.64542e+11 2.13999 -0.596461 -0.260996 2.26916e+12 2.23683
1.1664e+07 -2.17061e+12 6.06253e+11 2.64542e+11 2.13999 -0.596461 -0.260996 2.26916e+12 2.23683
1.17504e+07 -2.17061e+12 6.06253e+11 2.64542e+11 2.13999 -0.596461 -0.260996 2.26916e+12 2.23683
1.18368e+07 -2.17061e+12 6.06253e+11 2.64542e+11 2.13999 -0.596461 -0.260996 2.26916e+12 2.23683
1.19232e+07 -2.17061e+12 6.06253e+11 2.64542e+11 2.13999 -0.596461 -0.260996 2.26916e+12 2.23683
1.20096e+07 -2.17061e+12 6.06253e+11 2.64542e+11 2.13999 -0.596461 -0.260996 2.26916e+12 2.23683
1.2096e+07 -2.17061e+12 6.06253e+11 2.64542e+11 2.13999 -0.596461 -0.260996 2.26916e+12 2.23683
1.21824e+07 -2.17061e+12 6.06253e+11 2.64542e+11 2.13999 -0.596461 -0.260996 2.26916e+12 2.23684
1.22688e+07 -2.17061e+12 6.06253e+11 2.64542e+11 2.13999 -0.596462 -0.260996 2.26916e+12 2.23684
1.23552e+07 -2.17061e+12 6.06253e+11 2.64542e+11 2.13999 -0.596462 -0.260996 2.26916e+12 2.23684
1.24416e+07 -2.17061e+12 6.06253e+11 2.64542e+11 2.13999 -0.596462 -0.260996 2.26916e+12 2.23684
1.2528e+07 -2.17061e+12 6.06253e+11 2.64542e+11 2.13999 -0.596462 -0.260996 2.26916e+12 2.23684
1.26144e+07 -2.17061e+12 6.06253e+11 2.64542e+11 2.13999 -0.596462 -0.260996 2.26916e+12 2.23684
1.27008e+07 -2.17061e+12 6.06253e+11 2.64542e+11 2.13999 -0.596462 -0.260996 2.26916e+12 2.23684
1.27872e+07 -2.17061e+12 6.06253e+11 2.64542e+11 2.13999 -0.596462 -0.260996 2.26916e+12 2.23684
1.28736e+07 -2.17061e+12 6.06253e+11 2.64542e+11 2.13999 -0.596462 -0.260996 2.26916e+12 2.23684
1.296e+07 -2.17061e+12 6.06253e+11 2.64542e+11 2.13999 -0.596462 -0.260996 2.26916e+12 2.23684
1.30464e+07 -2.17061e+12 6.06253e+11 2.64542e+11 2.13999 -0.596462 -0.260996 2.26916e+12 2.23684
1.31328e+07 -2.17061e+12 6.06253e+11 2.64542e+11 2.13999 -0.596462 -0.260996 2.26916e+12 2.23684
1.32192e+07 -2.17061e+12 6.06253e+11 2.64542e+11 2.13999 -0.596462 -0.260996 2.26916e+12 2.23684
1.33056e+07 -2.17061e+12 6.06253e+11 2.64542e+11 2.13999 -0.596462 -0.260996 2.26916e+12 2.23684
1.3392e+07 -2.17061e+12 6.06253e+11 2.64542e+11 2.13999 -0.596462 -0.260996 2.26916e+12 2.23684
1.34784e+07 -2.17061e+12 6.06253e+11 2.64542e+11 2.13999 -0.596462 -0.260996 2.26916e+12 2.23684
1.35648e+07 -2.17061e+12 6.06253e+11 2.64542e+11 2.13999 -0.596462 -0.260996 2.26916e+12 2.23684
1.36512e+07 -2.17061e+12 6.06253e+11 2.64542e+11 2.13999 -0.596462 -0.260996 2.26916e+12 2.23684
1.37376e+07 -2.17061e+12 6.06253e+11 2.64542e+11 2.13999 -0.596462 -0.260996 2.26916e+12 2.23684
1.3824e+07 -2.17061e+12 6.06253e+11 2.64542e+11 2.13999 -0.596462 -0.260996 2.26916e+12 2.23684
1.39104e+07 -2.17061e+12 6.06252e+11 2.64542e+11 2.13999 -0.596463 -0.260996 2.26916e+12 2.23684
1.39968e+07 -2.17061e+12 6.06252e+11 2.64542e+11 2.13999 -0.596463 -0.260996 2.26916e+12 2.23684
1.40832e+07 -2.17061e+12 6.06252e+11 2.64542e+11 2.13999 -0.596463 -0.260996 2.26916e+12 2.23684
1.41696e+07 -2.17061e+12 6.06252e+11 2.64542e+11 2.13999 -0.596463 -0.260996 2.26916e+12 2.23684
1.4256e+07 -2.17061e+12 6.06252e+11 2.64542e+11 2.13999 -0.596463 -0.260996 2.26916e+12 2.23684
1.43424e+07 -2.17061e+12 6.06252e+11 2.64542e+11 2.13999 -0.596463 -0.260996 2.26916e+12 2.23684
1.44288e+07 -2.17061e+12 6.06252e+11 2.64541e+11 2.13999 -0.596463 -0.260996 2.26916e+12 2.23684
1.45152e+07 -2.17061e+12 6.06252e+11 2.64541e+11 2.13999 -0.596463 -0.260996 2.26916e+12 2.23684
1.46016e+07 -2.17061e+12 6.06252e+11 2.64541e+11 2.13999 -0.596463 -0.260996 2.26916e+12 2.23684
1.4688e+07 -2.17061e+12 6.06252e+11 2.64541e+11 2.13999 -0.596463 -0.260997 2.26915e+12 2.23684
1.47744e+07 -2.17061e+12 6.06252e+11 2.64541e+11 2.13999 -0.596463 -0.260997 2.26915e+12 2.23684
1.48608e+07 -2.17061e+12 6.06252e+11 2.64541e+11 2.13999 -0.596463 -0.260997 2.26915e+12 2.23684
1.49472e+07 -2.17061e+12 6.06252e+11 2.64541e+11 2.13999 -0.596463 -0.260997 2.26915e+12 2.23684
1.50336e+07 -2.17061e+12 6.06252e+11 2.64541e+11 2.13999 -0.596463 -0.260997 2.26915e+12 2.23684
1.512e+07 -2.17061e+12 6.06252e+11 2.64541e+11 2.13999 -0.596463 -0.260997 2.26915e+12 2.23684
1.52064e+07 -2.17061e+12 6.06252e+11 2.64541e+11 2.13999 -0.596463 -0.260997 2.26915e+12 2.23684
1.52928e+07 -2.17061e+12 6.06252e+11 2.64541e+11 2.13999 -0.596463 -0.260997 2.26915e+12 2.23684
1.53792e+07 -2.17061e+12 6.06252e+11 2.64541e+11 2.13999 -0.596463 -0.260997 2.26915e+12 2.23684
1.54656e+07 -2.17061e+12 6.06252e+11 2.64541e+11 2.13999 -0.596463 -0.260997 2.26915e+12 2.23684
1.5552e+07 -2.17061e+12 6.06252e+11 2.64541e+11 2.13999 -0.596463 -0.260997 2.26915e+12 2.23684
1.56384e+07 -2.17061e+12 6.06252e+11 2.64541e+11 2.13999 -0.596464 -0.260997 2.26915e+12 2.23684
1.57248e+07 -2.17061e+12 6.06252e+11 2.64541e+11 2.13999 -0.596464 -0.260997 2.26915e+12 2.23684
1.58112e+07 -2.17061e+12 6.06252e+11 2.64541e+11 2.14 -0.596464 -0.260997 2.26915e+12 2.23684
1.58976e+07 -2.17061e+12 6.06252e+11 2.64541e+11 2.14 -0.596464 -0.260997 2.26915e+12 2.23684
1.5984e+07 -2.17061e+12 6.06252e+11 2.64541e+11 2.14 -0.596464 -0.260997 2.26915e+12 2.23684
1.60704e+07 -2.17061e+12 6.06252e+11 2.64541e+11 2.14 -0.596464 -0.260997 2.26915e+12 2.23684
1.61568e+07 -2.17061e+12 6.06252e+11 2.64541e+11 2.14 -0.596464 -0.260997 2.26915e+12 2.23684
1.62432e+07 -2.17061e+12 6.06252e+11 2.64541e+11 2.14 -0.596464 -0.260997 2.26915e+12 2.23684
1.63296e+07 -2.17061e+12 6.06252e+11 2.64541e+11 2.14 -0.596464 -0.260997 2.26915e+12 2.23684
1.6416e+07 -2.17061e+12 6.06252e+11 2.64541e+11 2.14 -0.596464 -0.260997 2.26915e+12 2.23684
1.65024e+07 -2.17061e+12 6.06252e+11 2.64541e+11 2.14 -0.596464 -0.260997 2.26915e+12 2.23684
1.65888e+07 -2.17061e+12 6.06252e+11 2.64541e+11 2.14 -0.596464 -0.260997 2.26915e+12 2.23684
1.66752e+07 -2.17061e+12 6.06252e+11 2.64541e+11 2.14 -0.596464 -0.260997 2.26915e+12 2.23684
1.67616e+07 -2.17061e+12 6.06252e+11 2.64541e+11 2.14 -0.596464 -0.260997 2.26915e+12 2.23685
1.6848e+07 -2.17061e+12 6.06252e+11 2.64541e+11 2.14 -0.596464 -0.260997 2.26915e+12 2.23685
1.69344e+07 -2.17061e+12 6.06252e+11 2.64541e+11 2.14 -0.596464 -0.260997 2.26915e+12 2.23685
1.70208e+07 -2.17061e+12 6.06252e+11 2.64541e+11 2.14 -0.596464 -0.260997 2.26915e+12 2.23685
1.71072e+07 -2.17061e+12 6.06252e+11 2.64541e+11 2.14 -0.596464 -0.260997 2.26915e+12 2.23685
1.71936e+07 -2.17061e+12 6.06252e+11 2.64541e+11 2.14 -0.596464 -0.260997 2.26915e+12 2.23685
1.728e+07 -2.17061e+12 6.06251e+11 2.64541e+11 2.14 -0.596465 -0.260997 2.26915e+12 2.23685
1.73664e+07 -2.17061e+12 6.06251e+11 2.64541e+11 2.14 -0.596465 -0.260997 2.26915e+12 2.23685
1.74528e+07 -2.17061e+12 6.06251e+11 2.64541e+11 2.14 -0.596465 -0.260997 2.26915e+12 2.23685
1.75392e+07 -2.17061e+12 6.06251e+11 2.64541e+11 2.14 -0.596465 -0.260997 2.26915e+12 2.23685
1.76256e+07 -2.17061e+12 6.06251e+11 2.64541e+11 2.14 -0.596465 -0.260997 2.26915e+12 2.23685
1.7712e+07 -2.17061e+12 6.06251e+11 2.64541e+11 2.14 -0.596465 -0.260997 2.26915e+12 2.23685
1.77984e+07 -2.1706e+12 6.06251e+11 2.64541e+11 2.14 -0.596465 -0.260997 2.26915e+12 2.23685
1.78848e+07 -2.1706e+12 6.06251e+11 2.64541e+11 2.14 -0.596465 -0.260997 2.26915e+12 2.23685
1.79712e+07 -2.1706e+12 6.06251e+11 2.64541e+11 2.14 -0.596465 -0.260997 2.26915e+12 2.23685
1.80576e+07 -2.1706e+12 6.06251e+11 2.64541e+11 2.14 -0.596465 -0.260997 2.26915e+12 2.23685
1.8144e+07 -2.1706e+12 6.06251e+11 2.64541e+11 2.14 -0.596465 -0.260997 2.26915e+12 2.23685
1.82304e+07 -2.1706e+12 6.06251e+11 2.64541e+11 2.14 -0.596465 -0.260997 2.26915e+12 2.23685
1.83168e+07 -2.1706e+12 6.06251e+11 2.64541e+11 2.14 -0.596465 -0.260997 2.26915e+12 2.23685
1.84032e+07 -2.1706e+12 6.06251e+11 2.64541e+11 2.14 -0.596465 -0.260997 2.26915e+12 2.23685
1.84896e+07 -2.1706e+12 6.06251e+11 2.64541e+11 2.14 -0.596465 -0.260997 2.26915e+12 2.23685
1.8576e+07 -2.1706e+12 6.06251e+11 2.64541e+11 2.14 -0.596465 -0.260998 2.26915e+12 2.23685
1.86624e+07 -2.1706e+12 6.06251e+11 2.64541e+11 2.14 -0.596465 -0.260998 2.26915e+12 2.23685
1.87488e+07 -2.1706e+12 6.06251e+11 2.64541e+11 2.14 -0.596465 -0.260998 2.26915e+12 2.23685
1.88352e+07 -2.1706e+12 6.06251e+11 2.64541e+11 2.14 -0.596465 -0.260998 2.26915e+12 2.23685
1.89216e+07 -2.1706e+12 6.06251e+11 2.64541e+11 2.14 -0.596465 -0.260998 2.26915e+12 2.23685
1.9008e+07 -2.1706e+12 6.06251e+11 2.64541e+11 2.14 -0.596466 -0.260998 2.26915e+12 2.23685
1.90944e+07 -2.1706e+12 6.06251e+11 2.64541e+11 2.14 -0.596466 -0.260998 2.26915e+12 2.23685
1.91808e+07 -2.1706e+12 6.06251e+11 2.64541e+11 2.14 -0.596466 -0.260998 2.26915e+12 2.23685
1.92672e+07 -2.1706e+12 6.06251e+11 2.64541e+11 2.14 -0.596466 -0.260998 2.26915e+12 2.23685
1.93536e+07 -2.1706e+12 6.06251e+11 2.64541e+11 2.14 -0.596466 -0.260998 2.26915e+12 2.23685
1.944e+07 -2.1706e+12 6.06251e+11 2.64541e+11 2.14 -0.596466 -0.260998 2.26915e+12 2.23685
1.95264e+07 -2.1706e+12 6.06251e+11 2.64541e+11 2.14 -0.596466 -0.260998 2.26915e+12 2.23685
1.96128e+07 -2.1706e+12 6.06251e+11 2.64541e+11 2.14 -0.596466 -0.260998 2.26915e+12 2.23685
1.96992e+07 -2.1706e+12 6.06251e+11 2.64541e+11 2.14 -0.596466 -0.260998 2.26915e+12 2.23685
1.97856e+07 -2.1706e+12 6.06251e+11 2.64541e+11 2.14 -0.596466 -0.260998 2.26915e+12 2.23685
1.9872e+07 -2.1706e+12 6.06251e+11 2.64541e+11 2.14 -0.596466 -0.260998 2.26915e+12 2.23685
1.99584e+07 -2.1706e+12 6.06251e+11 2.64541e+11 2.14 -0.596466 -0.260998 2.26915e+12 2.23685
2.00448e+07 -2.1706e+12 6.06251e+11 2.64541e+11 2.14 -0.596466 -0.260998 2.26915e+12 2.23685
2.01312e+07 -2.1706e+12 6.06251e+11 2.64541e+11 2.14 -0.596466 -0.260998 2.26915e+12 2.23685
2.02176e+07 -2.1706e+12 6.06251e+11 2.64541e+11 2.14 -0.596466 -0.260998 2.26915e+12 2.23685
2.0304e+07 -2.1706e+12 6.06251e+11 2.64541e+11 2.14 -0.596466 -0.260998 2.26915e+12 2.23685
2.03904e+07 -2.1706e+12 6.06251e+11 2.64541e+11 2.14 -0.596466 -0.260998 2.26915e+12 2.23685
2.04768e+07 -2.1706e+12 6.06251e+11 2.64541e+11 2.14 -0.596466 -0.260998 2.26915e+12 2.23685
2.05632e+07 -2.1706e+12 6.06251e+11 2.64541e+11 2.14001 -0.596466 -0.260998 2.26915e+12 2.23685
2.06496e+07 -2.1706e+12 6.0625e+11 2.64541e+11 2.14001 -0.596467 -0.260998 2.26915e+12 2.23685
2.0736e+07 -2.1706e+12 6.0625e+11 2.64541e+11 2.14001 -0.596467 -0.260998 2.26915e+12 2.23685
2.08224e+07 -2.1706e+12 6.0625e+11 2.64541e+11 2.14001 -0.596467 -0.260998 2.26915e+12 2.23685
2.09088e+07 -2.1706e+12 6.0625e+11 2.64541e+11 2.14001 -0.596467 -0.260998 2.26915e+12 2.23685
2.09952e+07 -2.1706e+12 6.0625e+11 2.64541e+11 2.14001 -0.596467 -0.260998 2.26915e+12 2.23685
2.10816e+07 -2.1706e+12 6.0625e+11 2.64541e+11 2.14001 -0.596467 -0.260998 2.26915e+12 2.23685
2.1168e+07 -2.1706e+12 6.0625e+11 2.64541e+11 2.14001 -0.596467 -0.260998 2.26915e+12 2.23685
2.12544e+07 -2.1706e+12 6.0625e+11 2.64541e+11 2.14001 -0.596467 -0.260998 2.26915e+12 2.23686
2.13408e+07 -2.1706e+12 6.0625e+11 2.64541e+11 2.14001 -0.596467 -0.260998 2.26915e+12 2.23686
2.14272e+07 -2.1706e+12 6.0625e+11 2.64541e+11 2.14001 -0.596467 -0.260998 2.26915e+12 2.23686
2.15136e+07 -2.1706e+12 6.0625e+11 2.64541e+11 2.14001 -0.596467 -0.260998 2.26915e+12 2.23686
2.16e+07 -2.1706e+12 6.0625e+11 2.64541e+11 2.14001 -0.596467 -0.260998 2.26915e+12 2.23686
2.16864e+07 -2.1706e+12 6.0625e+11 2.64541e+11 2.14001 -0.596467 -0.260998 2.26915e+12 2.23686
2.17728e+07 -2.1706e+12 6.0625e+11 2.64541e+11 2.14001 -0.596467 -0.260998 2.26915e+12 2.23686
2.18592e+07 -2.1706e+12 6.0625e+11 2.64541e+11 2.14001 -0.596467 -0.260998 2.26915e+12 2.23686
2.19456e+07 -2.1706e+12 6.0625e+11 2.64541e+11 2.14001 -0.596467 -0.260998 2.26915e+12 2.23686
2.2032e+07 -2.1706e+12 6.0625e+11 2.64541e+11 2.14001 -0.596467 -0.260998 2.26915e+12 2.23686
2.21184e+07 -2.1706e+12 6.0625e+11 2.6454e+11 2.14001 -0.596467 -0.260998 2.26915e+12 2.23686
2.22048e+07 -2.1706e+12 6.0625e+11 2.6454e+11 2.14001 -0.596467 -0.260998 2.26915e+12 2.23686
2.22912e+07 -2.1706e+12 6.0625e+11 2.6454e+11 2.14001 -0.596467 -0.260998 2.26915e+12 2.23686
2.23776e+07 -2.1706e+12 6.0625e+11 2.6454e+11 2.14001 -0.596468 -0.260998 2.26915e+12 2.23686
2.2464e+07 -2.1706e+12 6.0625e+11 2.6454e+11 2.14001 -0.596468 -0.260999 2.26915e+12 2.23686
2.25504e+07 -2.1706e+12 6.0625e+11 2.6454e+11 2.14001 -0.596468 -0.260999 2.26915e+12 2.23686
2.26368e+07 -2.1706e+12 6.0625e+11 2.6454e+11 2.14001 -0.596468 -0.260999 2.26915e+12 2.23686
2.27232e+07 -2.1706e+12 6.0625e+11 2.6454e+11 2.14001 -0.596468 -0.260999 2.26915e+12 2.23686
2.28096e+07 -2.1706e+12 6.0625e+11 2.6454e+11 2.14001 -0.596468 -0.260999 2.26915e+12 2.23686
2.2896e+07 -2.1706e+12 6.0625e+11 2.6454e+11 2.14001 -0.596468 -0.260999 2.26915e+12 2.23686
2.29824e+07 -2.1706e+12 6.0625e+11 2.6454e+11 2.14001 -0.596468 -0.260999 2.26915e+12 2.23686
2.30688e+07 -2.1706e+12 6.0625e+11 2.6454e+11 2.14001 -0.596468 -0.260999 2.26915e+12 2.23686
2.31552e+07 -2.1706e+12 6.0625e+11 2.6454e+11 2.14001 -0.596468 -0.260999 2.26915e+12 2.23686
2.32416e+07 -2.1706e+12 6.0625e+11 2.6454e+11 2.14001 -0.596468 -0.260999 2.26915e+12 2.23686
2.3328e+07 -2.1706e+12 6.0625e+11 2.6454e+11 2.14001 -0.596468 -0.260999 2.26915e+12 2.23686
2.34144e+07 -2.1706e+12 6.0625e+11 2.6454e+11 2.14001 -0.596468 -0.260999 2.26915e+12 2.23686
2.35008e+07 -2.1706e+12 6.0625e+11 2.6454e+11 2.14001 -0.596468 -0.260999 2.26915e+12 2.23686
2.35872e+07 -2.1706e+12 6.0625e+11 2.6454e+11 2.14001 -0.596468 -0.260999 2.26915e+12 2.23686
2.36736e+07 -2.1706e+12 6.0625e+11 2.6454e+11 2.14001 -0.596468 -0.260999 2.26914e+12 2.23686
2.376e+07 -2.1706e+12 6.0625e+11 2.6454e+11 2.14001 -0.596468 -0.260999 2.26914e+12 2.23686
2.38464e+07 -2.1706e+12 6.0625e+11 2.6454e+11 2.14001 -0.596468 -0.260999 2.26914e+12 2.23686
2.39328e+07 -2.1706e+12 6.0625e+11 2.6454e+11 2.14001 -0.596468 -0.260999 2.26914e+12 2.23686
2.40192e+07 -2.1706e+12 6.06249e+11 2.6454e+11 2.14001 -0.596469 -0.260999 2.26914e+12 2.23686
2.41056e+07 -2.1706e+12 6.06249e+11 2.6454e+11 2.14001 -0.596469 -0.260999 2.26914e+12 2.23686
2.4192e+07 -2.1706e+12 6.06249e+11 2.6454e+11 2.14001 -0.596469 -0.260999 2.26914e+12 2.23686
2.42784e+07 -2.1706e+12 6.06249e+11 2.6454e+11 2.14001 -0.596469 -0.260999 2.26914e+12 2.23686
2.43648e+07 -2.1706e+12 6.06249e+11 2.6454e+11 2.14 -0.596471 -0.260998 2.26914e+12 2.23685
2.44512e+07 -2.1706e+12 6.06249e+11 2.6454e+11 2.14 -0.596471 -0.260998 2.26914e+12 2.23685
2.45376e+07 -2.1706e+12 6.06249e+11 2.6454e+11 2.14 -0.596471 -0.260998 2.26914e+12 2.23685
2.4624e+07 -2.1706e+12 6.06249e+11 2.6454e+11 2.14001 -0.596471 -0.260998 2.26914e+12 2.23685
2.47104e+07 -2.1706e+12 6.06249e+11 2.6454e+11 2.14001 -0.596471 -0.260998 2.26914e+12 2.23686
2.47968e+07 -2.1706e+12 6.06249e+11 2.6454e+11 2.14001 -0.596471 -0.260998 2.26914e+12 2.23686
2.48832e+07 -2.1706e+12 6.06249e+11 2.6454e+11 2.14001 -0.596471 -0.260998 2.26914e+12 2.23686
2.49696e+07 -2.1706e+12 6.06249e+11 2.6454e+11 2.14001 -0.596471 -0.260998 2.26914e+12 2.23686
2.5056e+07 -2.1706e+12 6.06249e+11 2.6454e+11 2.14001 -0.596471 -0.260999 2.26914e+12 2.23686
2.51424e+07 -2.1706e+12 6.06249e+11 2.6454e+11 2.14001 -0.596471 -0.260999 2.26914e+12 2.23686
2.52288e+07 -2.1706e+12 6.06249e+11 2.6454e+11 2.14001 -0.596472 -0.260999 2.26914e+12 2.23686
2.53152e+07 -2.1706e+12 6.06249e+11 2.6454e+11 2.14001 -0.596472 -0.260999 2.26914e+12 2.23686
2.54016e+07 -2.1706e+12 6.06249e+11 2.6454e+11 2.14001 -0.596472 -0.260999 2.26914e+12 2.23686
2.5488e+07 -2.1706e+12 6.06249e+11 2.6454e+11 2.14001 -0.596472 -0.260999 2.26914e+12 2.23686
2.55744e+07 -2.1706e+12 6.06249e+11 2.6454e+11 2.14001 -0.596472 -0.260999 2.26914e+12 2.23686
2.56608e+07 -2.1706e+12 6.06249e+11 2.6454e+11 2.14001 -0.596472 -0.260999 2.26914e+12 2.23686
2.57472e+07 -2.1706e+12 6.06249e+11 2.6454e+11 2.14001 -0.596472 -0.260999 2.26914e+12 2.23686
2.58336e+07 -2.1706e+12 6.06249e+11 2.6454e+11 2.14001 -0.596472 -0.260999 2.26914e+12 2.23686
2.592e+07 -2.1706e+12 6.06249e+11 2.6454e+11 2.14001 -0.596472 -0.260999 2.26914e+12 2.23686
2.60064e+07 -2.1706e+12 6.06249e+11 2.6454e+11 2.14001 -0.596472 -0.260999 2.26914e+12 2.23686
2.60928e+07 -2.1706e+12 6.06249e+11 2.6454e+11 2.14001 -0.596472 -0.260999 2.26914e+12 2.23686
2.61792e+07 -2.1706e+12 6.06249e+11 2.6454e+11 2.14001 -0.596472 -0.260999 2.26914e+12 2.23686
2.62656e+07 -2.1706e+12 6.06249e+11 2.6454e+11 2.14001 -0.596472 -0.260999 2.26914e+12 2.23686
2.6352e+07 -2.1706e+12 6.06249e+11 2.6454e+11 2.14001 -0.596472 -0.260999 2.26914e+12 2.23686
2.64384e+07 -2.1706e+12 6.06249e+11 2.6454e+11 2.14001 -0.596472 -0.260999 2.26914e+12 2.23686
2.65248e+07 -2.1706e+12 6.06249e+11 2.6454e+11 2.14001 -0.596472 -0.260999 2.26914e+12 2.23686
2.66112e+07 -2.1706e+12 6.06249e+11 2.6454e+11 2.14001 -0.596472 -0.260999 2.26914e+12 2.23686
2.66976e+07 -2.1706e+12 6.06249e+11 2.6454e+11 2.14001 -0.596472 -0.260999 2.26914e+12 2.23686
2.6784e+07 -2.1706e+12 6.06249e+11 2.6454e+11 2.14001 -0.596472 -0.260999 2.26914e+12 2.23686
2.68704e+07 -2.1706e+12 6.06249e+11 2.6454e+11 2.14001 -0.596473 -0.260999 2.26914e+12 2.23686
2.69568e+07 -2.1706e+12 6.06249e+11 2.6454e+11 2.14001 -0.596473 -0.260999 2.26914e+12 2.23686
2.70432e+07 -2.1706e+12 6.06249e+11 2.6454e+11 2.14001 -0.596473 -0.260999 2.26914e+12 2.23686
2.71296e+07 -2.17059e+12 6.06249e+11 2.6454e+11 2.14001 -0.596473 -0.260999 2.26914e+12 2.23686
2.7216e+07 -2.17059e+12 6.06249e+11 2.6454e+11 2.14001 -0.596473 -0.260999 2.26914e+12 2.23686
2.73024e+07 -2.17059e+12 6.06249e+11 2.6454e+11 2.14001 -0.596473 -0.260999 2.26914e+12 2.23686
2.73888e+07 -2.17059e+12 6.06248e+11 2.6454e+11 2.14001 -0.596473 -0.260999 2.26914e+12 2.23686
2.74752e+07 -2.17059e+12 6.06248e+11 2.6454e+11 2.14001 -0.596473 -0.260999 2.26914e+12 2.23686
2.75616e+07 -2.17059e+12 6.06248e+11 2.6454e+11 2.14001 -0.596473 -0.260999 2.26914e+12 2.23686
2.7648e+07 -2.17059e+12 6.06248e+11 2.6454e+11 2.14001 -0.596473 -0.260999 2.26914e+12 2.23686
2.77344e+07 -2.17059e+12 6.06248e+11 2.6454e+11 2.14001 -0.596473 -0.260999 2.26914e+12 2.23686
2.78208e+07 -2.17059e+12 6.06248e+11 2.6454e+11 2.14001 -0.596473 -0.260999 2.26914e+12 2.23686
2.79072e+07 -2.17059e+12 6.06248e+11 2.6454e+11 2.14001 -0.596473 -0.260999 2.26914e+12 2.23686
2.79936e+07 -2.17059e+12 6.06248e+11 2.6454e+11 2.14001 -0.596473 -0.260999 2.26914e+12 2.23686
2.808e+07 -2.17059e+12 6.06248e+11 2.6454e+11 2.14001 -0.596473 -0.260999 2.26914e+12 2.23686
2.81664e+07 -2.17059e+12 6.06248e+11 2.6454e+11 2.14001 -0.596473 -0.260999 2.26914e+12 2.23686
2.82528e+07 -2.17059e+12 6.06248e+11 2.6454e+11 2.14001 -0.596473 -0.260999 2.26914e+12 2.23686
2.83392e+07 -2.17059e+12 6.06248e+11 2.6454e+11 2.14001 -0.596473 -0.260999 2.26914e+12 2.23686
2.84256e+07 -2.17059e+12 6.06248e+11 2.6454e+11 2.14001 -0.596473 -0.260999 2.26914e+12 2.23686
2.8512e+07 -2.17059e+12 6.06248e+11 2.6454e+11 2.14001 -0.596473 -0.260999 2.26914e+12 2.23686
2.85984e+07 -2.17059e+12 6.06248e+11 2.6454e+11 2.14001 -0.596474 -0.260999 2.26914e+12 2.23686
2.86848e+07 -2.17059e+12 6.06248e+11 2.6454e+11 2.14001 -0.596474 -0.260999 2.26914e+12 2.23686
2.87712e+07 -2.17059e+12 6.06248e+11 2.6454e+11 2.14001 -0.596474 -0.260999 2.26914e+12 2.23686
2.88576e+07 -2.17059e+12 6.06248e+11 2.6454e+11 2.14001 -0.596474 -0.260999 2.26914e+12 2.23686
2.8944e+07 -2.17059e+12 6.06248e+11 2.6454e+11 2.14001 -0.596474 -0.261 2.26914e+12 2.23686
2.90304e+07 -2.17059e+12 6.06248e+11 2.6454e+11 2.14001 -0.596474 -0.261 2.26914e+12 2.23686
2.91168e+07 -2.17059e+12 6.06248e+11 2.6454e+11 2.14001 -0.596474 -0.261 2.26914e+12 2.23686
2.92032e+07 -2.17059e+12 6.06248e+11 2.6454e+11 2.14001 -0.596474 -0.261 2.26914e+12 2.23687
2.92896e+07 -2.17059e+12 6.06248e+11 2.6454e+11 2.14002 -0.596474 -0.261 2.26914e+12 2.23687
2.9376e+07 -2.17059e+12 6.06248e+11 2.6454e+11 2.14002 -0.596474 -0.261 2.26914e+12 2.23687
2.94624e+07 -2.17059e+12 6.06248e+11 2.6454e+11 2.14002 -0.596474 -0.261 2.26914e+12 2.23687
2.95488e+07 -2.17059e+12 6.06248e+11 2.6454e+11 2.14002 -0.596474 -0.261 2.26914e+12 2.23687
2.96352e+07 -2.17059e+12 6.06248e+11 2.6454e+11 2.14002 -0.596474 -0.261 2.26914e+12 2.23687
2.97216e+07 -2.17059e+12 6.06248e+11 2.6454e+11 2.14002 -0.596474 -0.261 2.26914e+12 2.23687
2.9808e+07 -2.17059e+12 6.06248e+11 2.64539e+11 2.14002 -0.596474 -0.261 2.26914e+12 2.23687
2.98944e+07 -2.17059e+12 6.06248e+11 2.64539e+11 2.14002 -0.596474 -0.261 2.26914e+12 2.23687
2.99808e+07 -2.17059e+12 6.06248e+11 2.64539e+11 2.14002 -0.596474 -0.261 2.26914e+12 2.23687
3.00672e+07 -2.17059e+12 6.06248e+11 2.64539e+11 2.14002 -0.596474 -0.261 2.26914e+12 2.23687
3.01536e+07 -2.17059e+12 6.06248e+11 2.64539e+11 2.14002 -0.596474 -0.261 2.26914e+12 2.23687
3.024e+07 -2.17059e+12 6.06248e+11 2.64539e+11 2.14002 -0.596475 -0.261 2.26914e+12 2.23687
3.03264e+07 -2.17059e+12 6.06248e+11 2.64539e+11 2.14002 -0.596475 -0.261 2.26914e+12 2.23687
3.04128e+07 -2.17059e+12 6.06248e+11 2.64539e+11 2.14002 -0.596475 -0.261 2.26914e+12 2.23687
3.04992e+07 -2.17059e+12 6.06248e+11 2.64539e+11 2.14002 -0.596475 -0.261 2.26914e+12 2.23687
3.05856e+07 -2.17059e+12 6.06248e+11 2.64539e+11 2.14002 -0.596475 -0.261 2.26914e+12 2.23687
3.0672e+07 -2.17059e+12 6.06248e+11 2.64539e+11 2.14002 -0.596475 -0.261 2.26914e+12 2.23687
3.07584e+07 -2.17059e+12 6.06247e+11 2.64539e+11 2.14002 -0.596475 -0.261 2.26914e+12 2.23687
3.08448e+07 -2.17059e+12 6.06247e+11 2.64539e+11 2.14002 -0.596475 -0.261 2.26914e+12 2.23687
3.09312e+07 -2.17059e+12 6.06247e+11 2.64539e+11 2.14002 -0.596475 -0.261 2.26914e+12 2.23687
3.10176e+07 -2.17059e+12 6.06247e+11 2.64539e+11 2.14002 -0.596475 -0.261 2.26914e+12 2.23687
3.1104e+07 -2.17059e+12 6.06247e+11 2.64539e+11 2.14002 -0.596475 -0.261 2.26914e+12 2.23687
3.11904e+07 -2.17059e+12 6.06247e+11 2.64539e+11 2.14002 -0.596475 -0.261 2.26914e+12 2.23687
3.12768e+07 -2.17059e+12 6.06247e+11 2.64539e+11 2.14002 -0.596475 -0.261 2.26914e+12 2.23687
3.13632e+07 -2.17059e+12 6.06247e+11 2.64539e+11 2.14002 -0.596475 -0.261 2.26914e+12 2.23687
3.14496e+07 -2.17059e+12 6.06247e+11 2.64539e+11 2.14002 -0.596475 -0.261 2.26914e+12 2.23687
