0 6.34409e+10 8.70048e+10 -2.45999e+09 -28519.7 20306.8 1923.45 1.07706e+11 35063.4
86400 6.0942e+10 8.87318e+10 -2.29216e+09 -29084.6 19498.3 1945.06 1.07669e+11 35069.6
172800 6.09107e+10 8.87019e+10 -2.29077e+09 -638.705 -754.923 26.6081 1.07626e+11 989.223
259200 6.08868e+10 8.86667e+10 -2.28986e+09 -553.767 -816.346 20.8668 1.07584e+11 986.668
345600 6.08629e+10 8.86314e+10 -2.28896e+09 -553.948 -817.173 20.866 1.07541e+11 987.454
432000 6.0839e+10 8.85961e+10 -2.28806e+09 -554.385 -817.819 20.8824 1.07498e+11 988.234
518400 6.08151e+10 8.85608e+10 -2.28716e+09 -554.823 -818.466 20.899 1.07456e+11 989.016
604800 6.07911e+10 8.85255e+10 -2.28626e+09 -555.263 -819.115 20.9155 1.07413e+11 989.799
691200 6.07672e+10 8.84901e+10 -2.28536e+09 -555.703 -819.764 20.9321 1.0737e+11 990.584
777600 6.07432e+10 8.84547e+10 -2.28445e+09 -556.144 -820.415 20.9487 1.07327e+11 991.371
864000 6.07191e+10 8.84193e+10 -2.28355e+09 -556.586 -821.067 20.9654 1.07285e+11 992.159
950400 6.06951e+10 8.83839e+10 -2.28264e+09 -557.029 -821.721 20.9821 1.07242e+11 992.949
1.0368e+06 6.06711e+10 8.83484e+10 -2.28174e+09 -557.473 -822.376 20.9988 1.07199e+11 993.74
1.1232e+06 6.0647e+10 8.83129e+10 -2.28083e+09 -557.918 -823.032 21.0155 1.07156e+11 994.533
1.2096e+06 6.06229e+10 8.82773e+10 -2.27992e+09 -558.363 -823.689 21.0323 1.07113e+11 995.327
1.296e+06 6.05988e+10 8.82418e+10 -2.27901e+09 -558.81 -824.348 21.0491 1.0707e+11 996.123
1.3824e+06 6.05747e+10 8.82062e+10 -2.27811e+09 -559.257 -825.008 21.066 1.07027e+11 996.92
1.4688e+06 6.05505e+10 8.81705e+10 -2.2772e+09 -559.706 -825.669 21.0829 1.06984e+11 997.72
1.5552e+06 6.05263e+10 8.81349e+10 -2.27629e+09 -560.155 -826.332 21.0998 1.06941e+11 998.52
1.6416e+06 6.05022e+10 8.80992e+10 -2.27537e+09 -560.605 -826.996 21.1167 1.06898e+11 999.323
1.728e+06 6.0478e+10 8.80635e+10 -2.27446e+09 -561.056 -827.661 21.1337 1.06855e+11 1000.13
1.8144e+06 6.04537e+10 8.80278e+10 -2.27355e+09 -561.508 -828.328 21.1508 1.06812e+11 1000.93
1.9008e+06 6.04295e+10 8.7992e+10 -2.27264e+09 -561.961 -828.996 21.1678 1.06768e+11 1001.74
1.9872e+06 6.04052e+10 8.79562e+10 -2.27172e+09 -562.414 -829.665 21.1849 1.06725e+11 1002.55
2.0736e+06 6.03809e+10 8.79204e+10 -2.27081e+09 -562.869 -830.336 21.202 1.06682e+11 1003.36
2.16e+06 6.03566e+10 8.78845e+10 -2.26989e+09 -563.325 -831.008 21.2192 1.06638e+11 1004.17
2.2464e+06 6.03323e+10 8.78486e+10 -2.26898e+09 -563.781 -831.682 21.2364 1.06595e+11 1004.98
2.3328e+06 6.0308e+10 8.78127e+10 -2.26806e+09 -564.239 -832.356 21.2536 1.06552e+11 1005.8
2.4192e+06 6.02836e+10 8.77768e+10 -2.26714e+09 -564.697 -833.033 21.2709 1.06508e+11 1006.62
2.5056e+06 6.02592e+10 8.77408e+10 -2.26622e+09 -565.156 -833.71 21.2882 1.06465e+11 1007.44
2.592e+06 6.02348e+10 8.77048e+10 -2.2653e+09 -565.616 -834.389 21.3055 1.06421e+11 1008.26
2.6784e+06 6.02104e+10 8.76688e+10 -2.26438e+09 -566.078 -835.069 21.3229 1.06378e+11 1009.08
2.7648e+06 6.01859e+10 8.76327e+10 -2.26346e+09 -566.54 -835.751 21.3403 1.06334e+11 1009.9
2.8512e+06 6.01615e+10 8.75967e+10 -2.26254e+09 -567.003 -836.434 21.3577 1.06291e+11 1010.73
2.9376e+06 6.0137e+10 8.75605e+10 -2.26162e+09 -567.467 -837.119 21.3752 1.06247e+11 1011.55
3.024e+06 6.01125e+10 8.75244e+10 -2.2607e+09 -567.932 -837.805 21.3927 1.06203e+11 1012.38
3.1104e+06 6.0088e+10 8.74882e+10 -2.25977e+09 -568.398 -838.492 21.4103 1.0616e+11 1013.21
3.1968e+06 6.00634e+10 8.7452e+10 -2.25885e+09 -568.864 -839.181 21.4279 1.06116e+11 1014.05
3.2832e+06 6.00389e+10 8.74158e+10 -2.25792e+09 -569.332 -839.871 21.4455 1.06072e+11 1014.88
3.3696e+06 6.00143e+10 8.73795e+10 -2.257e+09 -569.801 -840.562 21.4631 1.06028e+11 1015.72
3.456e+06 5.99897e+10 8.73432e+10 -2.25607e+09 -570.271 -841.255 21.4808 1.05984e+11 1016.55
3.5424e+06 5.99651e+10 8.73069e+10 -2.25514e+09 -570.741 -841.95 21.4986 1.0594e+11 1017.39
3.6288e+06 5.99404e+10 8.72705e+10 -2.25421e+09 -571.213 -842.645 21.5163 1.05897e+11 1018.23
3.7152e+06 5.99157e+10 8.72341e+10 -2.25329e+09 -571.686 -843.343 21.5341 1.05853e+11 1019.08
3.8016e+06 5.98911e+10 8.71977e+10 -2.25236e+09 -572.159 -844.042 21.552 1.05809e+11 1019.92
3.888e+06 5.98664e+10 8.71613e+10 -2.25143e+09 -572.634 -844.742 21.5699 1.05765e+11 1020.77
3.9744e+06 5.98416e+10 8.71248e+10 -2.25049e+09 -573.11 -845.443 21.5878 1.0572e+11 1021.61
4.0608e+06 5.98169e+10 8.70883e+10 -2.24956e+09 -573.586 -846.146 21.6057 1.05676e+11 1022.46
4.1472e+06 5.97921e+10 8.70518e+10 -2.24863e+09 -574.064 -846.851 21.6237 1.05632e+11 1023.31
4.2336e+06 5.97673e+10 8.70152e+10 -2.2477e+09 -574.542 -847.557 21.6417 1.05588e+11 1024.17
4.32e+06 5.97425e+10 8.69786e+10 -2.24676e+09 -575.022 -848.264 21.6598 1.05544e+11 1025.02
4.4064e+06 5.97177e+10 8.6942e+10 -2.24583e+09 -575.503 -848.973 21.6779 1.055e+11 1025.88
4.4928e+06 5.96928e+10 8.69053e+10 -2.24489e+09 -575.984 -849.684 21.6961 1.05455e+11 1026.74
4.5792e+06 5.9668e+10 8.68686e+10 -2.24395e+09 -576.467 -850.396 21.7142 1.05411e+11 1027.6
4.6656e+06 5.96431e+10 8.68319e+10 -2.24301e+09 -576.95 -851.109 21.7324 1.05367e+11 1028.46
4.752e+06 5.96182e+10 8.67952e+10 -2.24208e+09 -577.435 -851.824 21.7507 1.05322e+11 1029.32
4.8384e+06 5.95932e+10 8.67584e+10 -2.24114e+09 -577.921 -852.541 21.769 1.05278e+11 1030.19
4.9248e+06 5.95683e+10 8.67216e+10 -2.2402e+09 -578.407 -853.259 21.7873 1.05233e+11 1031.06
5.0112e+06 5.95433e+10 8.66847e+10 -2.23926e+09 -578.895 -853.978 21.8057 1.05189e+11 1031.93
5.0976e+06 5.95183e+10 8.66478e+10 -2.23831e+09 -579.384 -854.699 21.8241 1.05144e+11 1032.8
5.184e+06 5.94933e+10 8.66109e+10 -2.23737e+09 -579.873 -855.422 21.8426 1.051e+11 1033.67
5.2704e+06 5.94682e+10 8.6574e+10 -2.23643e+09 -580.364 -856.146 21.861 1.05055e+11 1034.55
5.3568e+06 5.94432e+10 8.6537e+10 -2.23549e+09 -580.856 -856.871 21.8796 1.0501e+11 1035.42
5.4432e+06 5.94181e+10 8.65e+10 -2.23454e+09 -581.349 -857.598 21.8981 1.04966e+11 1036.3
5.5296e+06 5.9393e+10 8.6463e+10 -2.2336e+09 -581.843 -858.327 21.9167 1.04921e+11 1037.18
5.616e+06 5.93679e+10 8.64259e+10 -2.23265e+09 -582.338 -859.057 21.9354 1.04876e+11 1038.06
5.7024e+06 5.93427e+10 8.63888e+10 -2.2317e+09 -582.834 -859.789 21.9541 1.04831e+11 1038.95
5.7888e+06 5.93176e+10 8.63517e+10 -2.23075e+09 -583.331 -860.522 21.9728 1.04786e+11 1039.83
5.8752e+06 5.92924e+10 8.63146e+10 -2.2298e+09 -583.829 -861.257 21.9915 1.04741e+11 1040.72
5.9616e+06 5.92672e+10 8.62774e+10 -2.22886e+09 -584.328 -861.993 22.0104 1.04696e+11 1041.61
6.048e+06 5.92419e+10 8.62401e+10 -2.2279e+09 -584.828 -862.731 22.0292 1.04651e+11 1042.5
6.1344e+06 5.92167e+10 8.62029e+10 -2.22695e+09 -585.33 -863.471 22.0481 1.04606e+11 1043.4
6.2208e+06 5.91914e+10 8.61656e+10 -2.226e+09 -585.832 -864.212 22.067 1.04561e+11 1044.29
6.3072e+06 5.91661e+10 8.61283e+10 -2.22505e+09 -586.336 -864.955 22.086 1.04516e+11 1045.19
6.3936e+06 5.91408e+10 8.60909e+10 -2.22409e+09 -586.84 -865.699 22.105 1.04471e+11 1046.09
6.48e+06 5.91154e+10 8.60536e+10 -2.22314e+09 -587.346 -866.445 22.124 1.04426e+11 1046.99
6.5664e+06 5.90901e+10 8.60161e+10 -2.22218e+09 -587.853 -867.193 22.1431 1.04381e+11 1047.9
6.6528e+06 5.90647e+10 8.59787e+10 -2.22123e+09 -588.361 -867.942 22.1622 1.04336e+11 1048.8
6.7392e+06 5.90393e+10 8.59412e+10 -2.22027e+09 -588.87 -868.693 22.1814 1.0429e+11 1049.71
6.8256e+06 5.90139e+10 8.59037e+10 -2.21931e+09 -589.38 -869.445 22.2006 1.04245e+11 1050.62
6.912e+06 5.89884e+10 8.58662e+10 -2.21836e+09 -589.891 -870.199 22.2199 1.042e+11 1051.53
6.9984e+06 5.89629e+10 8.58286e+10 -2.2174e+09 -590.403 -870.955 22.2392 1.04154e+11 1052.44
7.0848e+06 5.89375e+10 8.5791e+10 -2.21644e+09 -590.916 -871.713 22.2585 1.04109e+11 1053.36
7.1712e+06 5.89119e+10 8.57533e+10 -2.21547e+09 -591.431 -872.472 22.2779 1.04063e+11 1054.27
7.2576e+06 5.88864e+10 8.57157e+10 -2.21451e+09 -591.946 -873.232 22.2973 1.04018e+11 1055.19
7.344e+06 5.88608e+10 8.5678e+10 -2.21355e+09 -592.463 -873.995 22.3168 1.03972e+11 1056.11
7.4304e+06 5.88353e+10 8.56402e+10 -2.21259e+09 -592.981 -874.759 22.3363 1.03927e+11 1057.04
7.5168e+06 5.88096e+10 8.56024e+10 -2.21162e+09 -593.5 -875.524 22.3558 1.03881e+11 1057.96
7.6032e+06 5.8784e+10 8.55646e+10 -2.21066e+09 -594.02 -876.292 22.3754 1.03835e+11 1058.89
7.6896e+06 5.87584e+10 8.55268e+10 -2.20969e+09 -594.542 -877.061 22.3951 1.0379e+11 1059.82
7.776e+06 5.87327e+10 8.54889e+10 -2.20872e+09 -595.064 -877.831 22.4147 1.03744e+11 1060.75
7.8624e+06 5.8707e+10 8.5451e+10 -2.20775e+09 -595.588 -878.604 22.4345 1.03698e+11 1061.68
7.9488e+06 5.86813e+10 8.54131e+10 -2.20679e+09 -596.112 -879.378 22.4542 1.03652e+11 1062.62
8.0352e+06 5.86555e+10 8.53751e+10 -2.20582e+09 -596.638 -880.154 22.474 1.03606e+11 1063.56
8.1216e+06 5.86298e+10 8.53371e+10 -2.20485e+09 -597.165 -880.931 22.4939 1.0356e+11 1064.5
8.208e+06 5.8604e+10 8.52991e+10 -2.20387e+09 -597.693 -881.71 22.5138 1.03514e+11 1065.44
8.2944e+06 5.85782e+10 8.5261e+10 -2.2029e+09 -598.223 -882.491 22.5337 1.03468e+11 1066.38
8.3808e+06 5.85523e+10 8.52229e+10 -2.20193e+09 -598.753 -883.274 22.5537 1.03422e+11 1067.33
8.4672e+06 5.85265e+10 8.51847e+10 -2.20096e+09 -599.285 -884.058 22.5737 1.03376e+11 1068.28
8.5536e+06 5.85006e+10 8.51466e+10 -2.19998e+09 -599.818 -884.845 22.5938 1.0333e+11 1069.23
8.64e+06 5.84747e+10 8.51083e+10 -2.19901e+09 -600.352 -885.633 22.6139 1.03284e+11 1070.18
8.7264e+06 5.84488e+10 8.50701e+10 -2.19803e+09 -600.887 -886.422 22.6341 1.03238e+11 1071.13
8.8128e+06 5.84228e+10 8.50318e+10 -2.19705e+09 -601.424 -887.214 22.6543 1.03191e+11 1072.09
8.8992e+06 5.83969e+10 8.49935e+10 -2.19607e+09 -601.962 -888.007 22.6746 1.03145e+11 1073.05
8.9856e+06 5.83709e+10 8.49552e+10 -2.19509e+09 -602.5 -888.802 22.6949 1.03099e+11 1074.01
9.072e+06 5.83449e+10 8.49168e+10 -2.19411e+09 -603.041 -889.599 22.7152 1.03052e+11 1074.97
9.1584e+06 5.83188e+10 8.48784e+10 -2.19313e+09 -603.582 -890.397 22.7356 1.03006e+11 1075.93
9.2448e+06 5.82928e+10 8.48399e+10 -2.19215e+09 -604.124 -891.198 22.756 1.0296e+11 1076.9
9.3312e+06 5.82667e+10 8.48014e+10 -2.19117e+09 -604.668 -892 22.7765 1.02913e+11 1077.87
9.4176e+06 5.82406e+10 8.47629e+10 -2.19018e+09 -605.213 -892.804 22.797 1.02866e+11 1078.84
9.504e+06 5.82144e+10 8.47244e+10 -2.1892e+09 -605.759 -893.609 22.8176 1.0282e+11 1079.82
9.5904e+06 5.81883e+10 8.46858e+10 -2.18822e+09 -606.307 -894.417 22.8382 1.02773e+11 1080.79
9.6768e+06 5.81621e+10 8.46472e+10 -2.18723e+09 -606.855 -895.226 22.8589 1.02727e+11 1081.77
9.7632e+06 5.81359e+10 8.46085e+10 -2.18624e+09 -607.405 -896.038 22.8796 1.0268e+11 1082.75
9.8496e+06 5.81096e+10 8.45698e+10 -2.18525e+09 -607.957 -896.851 22.9004 1.02633e+11 1083.73
9.936e+06 5.80834e+10 8.45311e+10 -2.18426e+09 -608.509 -897.666 22.9212 1.02586e+11 1084.72
1.00224e+07 5.80571e+10 8.44923e+10 -2.18328e+09 -609.063 -898.483 22.942 1.02539e+11 1085.7
1.01088e+07 5.80308e+10 8.44535e+10 -2.18228e+09 -609.618 -899.301 22.9629 1.02493e+11 1086.69
1.01952e+07 5.80045e+10 8.44147e+10 -2.18129e+09 -610.174 -900.122 22.9839 1.02446e+11 1087.69
1.02816e+07 5.79781e+10 8.43758e+10 -2.1803e+09 -610.731 -900.944 23.0049 1.02399e+11 1088.68
1.0368e+07 5.79518e+10 8.43369e+10 -2.17931e+09 -611.29 -901.768 23.0259 1.02352e+11 1089.68
1.04544e+07 5.79254e+10 8.4298e+10 -2.17831e+09 -611.85 -902.595 23.047 1.02305e+11 1090.67
1.05408e+07 5.78989e+10 8.4259e+10 -2.17732e+09 -612.411 -903.423 23.0682 1.02258e+11 1091.67
1.06272e+07 5.78725e+10 8.422e+10 -2.17632e+09 -612.974 -904.253 23.0894 1.0221e+11 1092.68
1.07136e+07 5.7846e+10 8.41809e+10 -2.17532e+09 -613.538 -905.085 23.1106 1.02163e+11 1093.68
1.08e+07 5.78195e+10 8.41418e+10 -2.17433e+09 -614.103 -905.918 23.1319 1.02116e+11 1094.69
1.08864e+07 5.7793e+10 8.41027e+10 -2.17333e+09 -614.669 -906.754 23.1532 1.02069e+11 1095.7
1.09728e+07 5.77665e+10 8.40636e+10 -2.17233e+09 -615.237 -907.592 23.1746 1.02021e+11 1096.71
1.10592e+07 5.77399e+10 8.40244e+10 -2.17133e+09 -615.806 -908.431 23.1961 1.01974e+11 1097.73
1.11456e+07 5.77133e+10 8.39851e+10 -2.17032e+09 -616.377 -909.273 23.2176 1.01927e+11 1098.74
1.1232e+07 5.76867e+10 8.39459e+10 -2.16932e+09 -616.948 -910.116 23.2391 1.01879e+11 1099.76
1.13184e+07 5.76601e+10 8.39066e+10 -2.16832e+09 -617.522 -910.962 23.2607 1.01832e+11 1100.78
1.14048e+07 5.76334e+10 8.38672e+10 -2.16731e+09 -618.096 -911.809 23.2823 1.01784e+11 1101.81
1.14912e+07 5.76067e+10 8.38279e+10 -2.16631e+09 -618.672 -912.658 23.304 1.01737e+11 1102.83
1.15776e+07 5.758e+10 8.37884e+10 -2.1653e+09 -619.249 -913.51 23.3257 1.01689e+11 1103.86
1.1664e+07 5.75532e+10 8.3749e+10 -2.1643e+09 -619.827 -914.363 23.3475 1.01641e+11 1104.89
1.17504e+07 5.75265e+10 8.37095e+10 -2.16329e+09 -620.407 -915.218 23.3694 1.01594e+11 1105.93
1.18368e+07 5.74997e+10 8.367e+10 -2.16228e+09 -620.988 -916.076 23.3913 1.01546e+11 1106.96
1.19232e+07 5.74729e+10 8.36304e+10 -2.16127e+09 -621.571 -916.935 23.4132 1.01498e+11 1108
1.20096e+07 5.7446e+10 8.35908e+10 -2.16026e+09 -622.155 -917.796 23.4352 1.0145e+11 1109.04
1.2096e+07 5.74192e+10 8.35512e+10 -2.15924e+09 -622.74 -918.66 23.4572 1.01402e+11 1110.09
1.21824e+07 5.73923e+10 8.35115e+10 -2.15823e+09 -623.326 -919.525 23.4793 1.01354e+11 1111.13
1.22688e+07 5.73653e+10 8.34718e+10 -2.15722e+09 -623.914 -920.393 23.5015 1.01306e+11 1112.18
1.23552e+07 5.73384e+10 8.34321e+10 -2.1562e+09 -624.504 -921.262 23.5237 1.01258e+11 1113.23
1.24416e+07 5.73114e+10 8.33923e+10 -2.15519e+09 -625.095 -922.134 23.5459 1.0121e+11 1114.28
1.2528e+07 5.72844e+10 8.33525e+10 -2.15417e+09 -625.687 -923.007 23.5682 1.01162e+11 1115.34
1.26144e+07 5.72574e+10 8.33126e+10 -2.15315e+09 -626.28 -923.883 23.5906 1.01114e+11 1116.4
1.27008e+07 5.72304e+10 8.32727e+10 -2.15213e+09 -626.875 -924.761 23.613 1.01066e+11 1117.46
1.27872e+07 5.72033e+10 8.32328e+10 -2.15111e+09 -627.472 -925.641 23.6355 1.01018e+11 1118.52
1.28736e+07 5.71762e+10 8.31928e+10 -2.15009e+09 -628.07 -926.523 23.658 1.00969e+11 1119.59
1.296e+07 5.71491e+10 8.31528e+10 -2.14907e+09 -628.669 -927.407 23.6806 1.00921e+11 1120.66
1.30464e+07 5.71219e+10 8.31127e+10 -2.14805e+09 -629.27 -928.293 23.7032 1.00872e+11 1121.73
1.31328e+07 5.70948e+10 8.30727e+10 -2.14703e+09 -629.872 -929.181 23.7259 1.00824e+11 1122.8
1.32192e+07 5.70676e+10 8.30325e+10 -2.146e+09 -630.475 -930.072 23.7486 1.00776e+11 1123.88
1.33056e+07 5.70403e+10 8.29924e+10 -2.14498e+09 -631.08 -930.964 23.7714 1.00727e+11 1124.95
1.3392e+07 5.70131e+10 8.29522e+10 -2.14395e+09 -631.687 -931.859 23.7943 1.00678e+11 1126.04
1.34784e+07 5.69858e+10 8.29119e+10 -2.14292e+09 -632.295 -932.756 23.8172 1.0063e+11 1127.12
1.35648e+07 5.69585e+10 8.28716e+10 -2.14189e+09 -632.904 -933.655 23.8401 1.00581e+11 1128.21
1.36512e+07 5.69312e+10 8.28313e+10 -2.14086e+09 -633.515 -934.556 23.8631 1.00532e+11 1129.29
1.37376e+07 5.69038e+10 8.2791e+10 -2.13983e+09 -634.127 -935.459 23.8862 1.00484e+11 1130.39
1.3824e+07 5.68764e+10 8.27506e+10 -2.1388e+09 -634.741 -936.365 23.9093 1.00435e+11 1131.48
1.39104e+07 5.6849e+10 8.27101e+10 -2.13777e+09 -635.357 -937.273 23.9325 1.00386e+11 1132.58
1.39968e+07 5.68216e+10 8.26697e+10 -2.13674e+09 -635.973 -938.183 23.9557 1.00337e+11 1133.68
1.40832e+07 5.67941e+10 8.26291e+10 -2.1357e+09 -636.592 -939.095 23.979 1.00288e+11 1134.78
1.41696e+07 5.67666e+10 8.25886e+10 -2.13466e+09 -637.212 -940.009 24.0024 1.00239e+11 1135.88
1.4256e+07 5.67391e+10 8.2548e+10 -2.13363e+09 -637.833 -940.926 24.0258 1.0019e+11 1136.99
1.43424e+07 5.67116e+10 8.25074e+10 -2.13259e+09 -638.456 -941.845 24.0492 1.00141e+11 1138.1
1.44288e+07 5.6684e+10 8.24667e+10 -2.13155e+09 -639.08 -942.766 24.0727 1.00092e+11 1139.21
1.45152e+07 5.66564e+10 8.2426e+10 -2.13051e+09 -639.706 -943.689 24.0963 1.00043e+11 1140.33
1.46016e+07 5.66288e+10 8.23852e+10 -2.12947e+09 -640.333 -944.615 24.1199 9.99934e+10 1141.45
1.4688e+07 5.66011e+10 8.23444e+10 -2.12843e+09 -640.962 -945.542 24.1436 9.99441e+10 1142.57
1.47744e+07 5.65734e+10 8.23036e+10 -2.12739e+09 -641.593 -946.473 24.1674 9.98947e+10 1143.69
1.48608e+07 5.65457e+10 8.22627e+10 -2.12634e+09 -642.225 -947.405 24.1912 9.98453e+10 1144.82
1.49472e+07 5.6518e+10 8.22218e+10 -2.1253e+09 -642.859 -948.34 24.2151 9.97959e+10 1145.95
1.50336e+07 5.64902e+10 8.21808e+10 -2.12425e+09 -643.494 -949.277 24.239 9.97464e+10 1147.08
1.512e+07 5.64624e+10 8.21398e+10 -2.12321e+09 -644.131 -950.216 24.263 9.96969e+10 1148.22
1.52064e+07 5.64346e+10 8.20988e+10 -2.12216e+09 -644.769 -951.158 24.287 9.96473e+10 1149.36
1.52928e+07 5.64068e+10 8.20577e+10 -2.12111e+09 -645.409 -952.102 24.3111 9.95977e+10 1150.5
1.53792e+07 5.63789e+10 8.20166e+10 -2.12006e+09 -646.05 -953.048 24.3353 9.9548e+10 1151.64
1.54656e+07 5.6351e+10 8.19755e+10 -2.11901e+09 -646.693 -953.997 24.3595 9.94982e+10 1152.79
1.5552e+07 5.63231e+10 8.19343e+10 -2.11796e+09 -647.338 -954.948 24.3838 9.94485e+10 1153.94
1.56384e+07 5.62951e+10 8.1893e+10 -2.1169e+09 -647.984 -955.902 24.4081 9.93986e+10 1155.09
1.57248e+07 5.62671e+10 8.18517e+10 -2.11585e+09 -648.632 -956.858 24.4326 9.93487e+10 1156.24
1.58112e+07 5.62391e+10 8.18104e+10 -2.1148e+09 -649.282 -957.816 24.457 9.92988e+10 1157.4
1.58976e+07 5.62111e+10 8.17691e+10 -2.11374e+09 -649.933 -958.776 24.4815 9.92488e+10 1158.56
1.5984e+07 5.6183e+10 8.17276e+10 -2.11268e+09 -650.586 -959.74 24.5061 9.91988e+10 1159.73
1.60704e+07 5.61549e+10 8.16862e+10 -2.11162e+09 -651.24 -960.705 24.5308 9.91487e+10 1160.89
1.61568e+07 5.61268e+10 8.16447e+10 -2.11056e+09 -651.896 -961.673 24.5555 9.90986e+10 1162.06
1.62432e+07 5.60986e+10 8.16032e+10 -2.1095e+09 -652.554 -962.643 24.5803 9.90484e+10 1163.23
1.63296e+07 5.60705e+10 8.15616e+10 -2.10844e+09 -653.214 -963.616 24.6051 9.89982e+10 1164.41
1.6416e+07 5.60422e+10 8.152e+10 -2.10738e+09 -653.875 -964.591 24.63 9.89479e+10 1165.59
1.65024e+07 5.6014e+10 8.14783e+10 -2.10632e+09 -654.538 -965.569 24.655 9.88975e+10 1166.77
1.65888e+07 5.59857e+10 8.14366e+10 -2.10525e+09 -655.202 -966.549 24.68 9.88472e+10 1167.95
1.66752e+07 5.59574e+10 8.13949e+10 -2.10419e+09 -655.868 -967.532 24.7051 9.87967e+10 1169.14
1.67616e+07 5.59291e+10 8.13531e+10 -2.10312e+09 -656.536 -968.517 24.7303 9.87462e+10 1170.33
1.6848e+07 5.59008e+10 8.13113e+10 -2.10205e+09 -657.205 -969.505 24.7555 9.86957e+10 1171.53
1.69344e+07 5.58724e+10 8.12694e+10 -2.10098e+09 -657.877 -970.495 24.7808 9.86451e+10 1172.72
1.70208e+07 5.5844e+10 8.12275e+10 -2.09991e+09 -658.55 -971.488 24.8061 9.85944e+10 1173.92
1.71072e+07 5.58155e+10 8.11855e+10 -2.09884e+09 -659.224 -972.483 24.8315 9.85437e+10 1175.12
1.71936e+07 5.57871e+10 8.11435e+10 -2.09777e+09 -659.901 -973.481 24.857 9.8493e+10 1176.33
1.728e+07 5.57586e+10 8.11015e+10 -2.09669e+09 -660.579 -974.482 24.8826 9.84422e+10 1177.54
1.73664e+07 5.573e+10 8.10594e+10 -2.09562e+09 -661.259 -975.485 24.9082 9.83913e+10 1178.75
1.74528e+07 5.57015e+10 8.10173e+10 -2.09454e+09 -661.94 -976.49 24.9338 9.83404e+10 1179.97
1.75392e+07 5.56729e+10 8.09751e+10 -2.09347e+09 -662.624 -977.498 24.9596 9.82895e+10 1181.18
1.76256e+07 5.56443e+10 8.09329e+10 -2.09239e+09 -663.309 -978.509 24.9854 9.82385e+10 1182.41
1.7712e+07 5.56156e+10 8.08906e+10 -2.09131e+09 -663.996 -979.523 25.0113 9.81874e+10 1183.63
1.77984e+07 5.55869e+10 8.08483e+10 -2.09023e+09 -664.685 -980.539 25.0372 9.81363e+10 1184.86
1.78848e+07 5.55582e+10 8.0806e+10 -2.08915e+09 -665.375 -981.557 25.0632 9.80851e+10 1186.09
1.79712e+07 5.55295e+10 8.07636e+10 -2.08807e+09 -666.068 -982.579 25.0893 9.80339e+10 1187.32
1.80576e+07 5.55007e+10 8.07212e+10 -2.08698e+09 -666.762 -983.603 25.1154 9.79826e+10 1188.56
1.8144e+07 5.54719e+10 8.06787e+10 -2.0859e+09 -667.458 -984.629 25.1417 9.79313e+10 1189.8
1.82304e+07 5.54431e+10 8.06362e+10 -2.08481e+09 -668.155 -985.659 25.1679 9.78799e+10 1191.04
1.83168e+07 5.54143e+10 8.05936e+10 -2.08372e+09 -668.855 -986.691 25.1943 9.78285e+10 1192.29
1.84032e+07 5.53854e+10 8.0551e+10 -2.08264e+09 -669.556 -987.725 25.2207 9.7777e+10 1193.54
1.84896e+07 5.53565e+10 8.05083e+10 -2.08155e+09 -670.26 -988.763 25.2472 9.77254e+10 1194.8
1.8576e+07 5.53275e+10 8.04656e+10 -2.08046e+09 -670.965 -989.803 25.2738 9.76738e+10 1196.05
1.86624e+07 5.52985e+10 8.04229e+10 -2.07937e+09 -671.672 -990.846 25.3004 9.76222e+10 1197.31
1.87488e+07 5.52695e+10 8.03801e+10 -2.07827e+09 -672.38 -991.892 25.3271 9.75705e+10 1198.58
1.88352e+07 5.52405e+10 8.03372e+10 -2.07718e+09 -673.091 -992.94 25.3539 9.75187e+10 1199.84
1.89216e+07 5.52114e+10 8.02944e+10 -2.07608e+09 -673.804 -993.991 25.3807 9.74669e+10 1201.11
1.9008e+07 5.51823e+10 8.02514e+10 -2.07499e+09 -674.518 -995.045 25.4076 9.7415e+10 1202.39
1.90944e+07 5.51532e+10 8.02085e+10 -2.07389e+09 -675.235 -996.102 25.4346 9.73631e+10 1203.66
1.91808e+07 5.5124e+10 8.01654e+10 -2.07279e+09 -675.953 -997.162 25.4617 9.73111e+10 1204.94
1.92672e+07 5.50948e+10 8.01224e+10 -2.07169e+09 -676.673 -998.224 25.4888 9.72591e+10 1206.23
1.93536e+07 5.50656e+10 8.00793e+10 -2.07059e+09 -677.395 -999.289 25.516 9.7207e+10 1207.52
1.944e+07 5.50363e+10 8.00361e+10 -2.06949e+09 -678.119 -1000.36 25.5433 9.71548e+10 1208.81
1.95264e+07 5.50071e+10 7.99929e+10 -2.06839e+09 -678.845 -1001.43 25.5706 9.71026e+10 1210.1
1.96128e+07 5.49777e+10 7.99496e+10 -2.06728e+09 -679.573 -1002.5 25.598 9.70504e+10 1211.4
1.96992e+07 5.49484e+10 7.99064e+10 -2.06618e+09 -680.303 -1003.58 25.6255 9.6998e+10 1212.7
1.97856e+07 5.4919e+10 7.9863e+10 -2.06507e+09 -681.035 -1004.66 25.6531 9.69457e+10 1214
1.9872e+07 5.48896e+10 7.98196e+10 -2.06396e+09 -681.768 -1005.74 25.6807 9.68932e+10 1215.31
1.99584e+07 5.48602e+10 7.97762e+10 -2.06285e+09 -682.504 -1006.83 25.7084 9.68408e+10 1216.62
2.00448e+07 5.48307e+10 7.97327e+10 -2.06174e+09 -683.242 -1007.92 25.7362 9.67882e+10 1217.94
2.01312e+07 5.48012e+10 7.96892e+10 -2.06063e+09 -683.982 -1009.01 25.7641 9.67356e+10 1219.26
2.02176e+07 5.47716e+10 7.96456e+10 -2.05952e+09 -684.723 -1010.1 25.792 9.6683e+10 1220.58
2.0304e+07 5.47421e+10 7.9602e+10 -2.0584e+09 -685.467 -1011.2 25.82 9.66302e+10 1221.91
2.03904e+07 5.47125e+10 7.95583e+10 -2.05729e+09 -686.213 -1012.3 25.8481 9.65775e+10 1223.24
2.04768e+07 5.46828e+10 7.95146e+10 -2.05617e+09 -686.961 -1013.4 25.8763 9.65246e+10 1224.57
2.05632e+07 5.46531e+10 7.94708e+10 -2.05506e+09 -687.711 -1014.51 25.9046 9.64717e+10 1225.9
2.06496e+07 5.46234e+10 7.9427e+10 -2.05394e+09 -688.463 -1015.62 25.9329 9.64188e+10 1227.25
2.0736e+07 5.45937e+10 7.93831e+10 -2.05282e+09 -689.217 -1016.73 25.9613 9.63658e+10 1228.59
2.08224e+07 5.45639e+10 7.93392e+10 -2.0517e+09 -689.973 -1017.84 25.9898 9.63127e+10 1229.94
2.09088e+07 5.45341e+10 7.92953e+10 -2.05057e+09 -690.731 -1018.96 26.0183 9.62596e+10 1231.29
2.09952e+07 5.45043e+10 7.92512e+10 -2.04945e+09 -691.491 -1020.08 26.0469 9.62064e+10 1232.64
2.10816e+07 5.44744e+10 7.92072e+10 -2.04832e+09 -692.253 -1021.21 26.0757 9.61532e+10 1234
2.1168e+07 5.44445e+10 7.91631e+10 -2.0472e+09 -693.018 -1022.34 26.1045 9.60999e+10 1235.37
2.12544e+07 5.44146e+10 7.91189e+10 -2.04607e+09 -693.784 -1023.47 26.1333 9.60466e+10 1236.73
2.13408e+07 5.43847e+10 7.90747e+10 -2.04494e+09 -694.553 -1024.6 26.1623 9.59931e+10 1238.1
2.14272e+07 5.43547e+10 7.90305e+10 -2.04381e+09 -695.324 -1025.74 26.1913 9.59397e+10 1239.48
2.15136e+07 5.43246e+10 7.89862e+10 -2.04268e+09 -696.097 -1026.88 26.2204 9.58861e+10 1240.85
2.16e+07 5.42946e+10 7.89418e+10 -2.04155e+09 -696.872 -1028.02 26.2496 9.58326e+10 1242.24
2.16864e+07 5.42645e+10 7.88974e+10 -2.04041e+09 -697.649 -1029.17 26.2789 9.57789e+10 1243.62
2.17728e+07 5.42343e+10 7.8853e+10 -2.03928e+09 -698.428 -1030.32 26.3083 9.57252e+10 1245.01
2.18592e+07 5.42042e+10 7.88085e+10 -2.03814e+09 -699.21 -1031.47 26.3377 9.56714e+10 1246.4
2.19456e+07 5.4174e+10 7.87639e+10 -2.03701e+09 -699.994 -1032.63 26.3672 9.56176e+10 1247.8
2.2032e+07 5.41437e+10 7.87193e+10 -2.03587e+09 -700.78 -1033.79 26.3968 9.55637e+10 1249.2
2.21184e+07 5.41135e+10 7.86747e+10 -2.03473e+09 -701.568 -1034.95 26.4265 9.55097e+10 1250.61
2.22048e+07 5.40832e+10 7.863e+10 -2.03359e+09 -702.358 -1036.12 26.4563 9.54557e+10 1252.02
2.22912e+07 5.40528e+10 7.85852e+10 -2.03244e+09 -703.151 -1037.29 26.4861 9.54017e+10 1253.43
2.23776e+07 5.40225e+10 7.85404e+10 -2.0313e+09 -703.946 -1038.46 26.5161 9.53475e+10 1254.85
2.2464e+07 5.39921e+10 7.84956e+10 -2.03015e+09 -704.743 -1039.63 26.5461 9.52933e+10 1256.27
2.25504e+07 5.39616e+10 7.84507e+10 -2.02901e+09 -705.542 -1040.81 26.5762 9.52391e+10 1257.69
2.26368e+07 5.39311e+10 7.84057e+10 -2.02786e+09 -706.344 -1042 26.6064 9.51847e+10 1259.12
2.27232e+07 5.39006e+10 7.83607e+10 -2.02671e+09 -707.148 -1043.18 26.6367 9.51304e+10 1260.55
2.28096e+07 5.38701e+10 7.83157e+10 -2.02556e+09 -707.954 -1044.37 26.6671 9.50759e+10 1261.99
2.2896e+07 5.38395e+10 7.82705e+10 -2.02441e+09 -708.762 -1045.56 26.6975 9.50214e+10 1263.43
2.29824e+07 5.38089e+10 7.82254e+10 -2.02325e+09 -709.573 -1046.76 26.7281 9.49668e+10 1264.88
2.30688e+07 5.37783e+10 7.81802e+10 -2.0221e+09 -710.386 -1047.96 26.7587 9.49122e+10 1266.33
2.31552e+07 5.37476e+10 7.81349e+10 -2.02094e+09 -711.202 -1049.16 26.7894 9.48575e+10 1267.78
2.32416e+07 5.37169e+10 7.80896e+10 -2.01979e+09 -712.02 -1050.37 26.8202 9.48028e+10 1269.24
2.3328e+07 5.36861e+10 7.80442e+10 -2.01863e+09 -712.84 -1051.58 26.8511 9.4748e+10 1270.7
2.34144e+07 5.36553e+10 7.79988e+10 -2.01747e+09 -713.662 -1052.79 26.8821 9.46931e+10 1272.17
2.35008e+07 5.36245e+10 7.79533e+10 -2.01631e+09 -714.487 -1054.01 26.9132 9.46381e+10 1273.64
2.35872e+07 5.35936e+10 7.79078e+10 -2.01515e+09 -715.315 -1055.23 26.9443 9.45831e+10 1275.11
2.36736e+07 5.35627e+10 7.78622e+10 -2.01398e+09 -716.144 -1056.45 26.9756 9.4528e+10 1276.59
2.376e+07 5.35318e+10 7.78166e+10 -2.01282e+09 -716.977 -1057.68 27.0069 9.44729e+10 1278.07
2.38464e+07 5.35008e+10 7.77709e+10 -2.01165e+09 -717.811 -1058.91 27.0384 9.44177e+10 1279.56
2.39328e+07 5.34698e+10 7.77252e+10 -2.01048e+09 -718.648 -1060.15 27.0699 9.43624e+10 1281.05
2.40192e+07 5.34388e+10 7.76794e+10 -2.00931e+09 -719.487 -1061.39 27.1015 9.43071e+10 1282.55
2.41056e+07 5.34077e+10 7.76336e+10 -2.00814e+09 -720.329 -1062.63 27.1332 9.42517e+10 1284.05
2.4192e+07 5.33766e+10 7.75877e+10 -2.00697e+09 -721.174 -1063.87 27.165 9.41963e+10 1285.56
2.42784e+07 5.33455e+10 7.75417e+10 -2.0058e+09 -722.001 -1065.12 27.1947 9.41407e+10 1287.05
2.43648e+07 5.33143e+10 7.74957e+10 -2.00462e+09 -722.767 -1066.34 27.2174 9.40851e+10 1288.49
2.44512e+07 5.32831e+10 7.74496e+10 -2.00345e+09 -723.618 -1067.6 27.2494 9.40295e+10 1290.01
2.45376e+07 5.32518e+10 7.74035e+10 -2.00227e+09 -724.472 -1068.86 27.2816 9.39738e+10 1291.53
2.4624e+07 5.32205e+10 7.73574e+10 -2.00109e+09 -725.328 -1070.12 27.3139 9.3918e+10 1293.06
2.47104e+07 5.31892e+10 7.73111e+10 -1.99991e+09 -726.188 -1071.39 27.3462 9.38621e+10 1294.59
2.47968e+07 5.31578e+10 7.72649e+10 -1.99873e+09 -727.049 -1072.66 27.3787 9.38062e+10 1296.13
2.48832e+07 5.31264e+10 7.72185e+10 -1.99755e+09 -727.914 -1073.94 27.4112 9.37502e+10 1297.67
2.49696e+07 5.3095e+10 7.71722e+10 -1.99636e+09 -728.78 -1075.21 27.4439 9.36942e+10 1299.22
2.5056e+07 5.30635e+10 7.71257e+10 -1.99518e+09 -729.65 -1076.5 27.4766 9.36381e+10 1300.77
2.51424e+07 5.3032e+10 7.70792e+10 -1.99399e+09 -730.522 -1077.78 27.5094 9.35819e+10 1302.32
2.52288e+07 5.30004e+10 7.70327e+10 -1.9928e+09 -731.397 -1079.07 27.5424 9.35256e+10 1303.88
2.53152e+07 5.29688e+10 7.69861e+10 -1.99161e+09 -732.274 -1080.37 27.5754 9.34693e+10 1305.44
2.54016e+07 5.29372e+10 7.69394e+10 -1.99042e+09 -733.154 -1081.67 27.6085 9.34129e+10 1307.01
2.5488e+07 5.29055e+10 7.68927e+10 -1.98923e+09 -734.036 -1082.97 27.6418 9.33565e+10 1308.58
2.55744e+07 5.28738e+10 7.68459e+10 -1.98804e+09 -734.922 -1084.27 27.6751 9.33e+10 1310.16
2.56608e+07 5.28421e+10 7.67991e+10 -1.98684e+09 -735.809 -1085.58 27.7086 9.32434e+10 1311.75
2.57472e+07 5.28103e+10 7.67522e+10 -1.98565e+09 -736.7 -1086.9 27.7421 9.31867e+10 1313.33
2.58336e+07 5.27785e+10 7.67052e+10 -1.98445e+09 -737.593 -1088.22 27.7757 9.313e+10 1314.93
2.592e+07 5.27466e+10 7.66582e+10 -1.98325e+09 -738.489 -1089.54 27.8095 9.30732e+10 1316.52
2.60064e+07 5.27147e+10 7.66112e+10 -1.98205e+09 -739.388 -1090.86 27.8433 9.30163e+10 1318.13
2.60928e+07 5.26828e+10 7.6564e+10 -1.98084e+09 -740.289 -1092.19 27.8773 9.29594e+10 1319.73
2.61792e+07 5.26508e+10 7.65169e+10 -1.97964e+09 -741.194 -1093.53 27.9113 9.29024e+10 1321.34
2.62656e+07 5.26188e+10 7.64696e+10 -1.97843e+09 -742.101 -1094.87 27.9455 9.28453e+10 1322.96
2.6352e+07 5.25867e+10 7.64223e+10 -1.97723e+09 -743.01 -1096.21 27.9797 9.27882e+10 1324.58
2.64384e+07 5.25547e+10 7.6375e+10 -1.97602e+09 -743.923 -1097.56 28.0141 9.2731e+10 1326.21
2.65248e+07 5.25225e+10 7.63276e+10 -1.97481e+09 -744.838 -1098.91 28.0485 9.26737e+10 1327.84
2.66112e+07 5.24903e+10 7.62801e+10 -1.9736e+09 -745.756 -1100.26 28.0831 9.26163e+10 1329.48
2.66976e+07 5.24581e+10 7.62326e+10 -1.97238e+09 -746.677 -1101.62 28.1178 9.25589e+10 1331.12
2.6784e+07 5.24259e+10 7.6185e+10 -1.97117e+09 -747.601 -1102.98 28.1526 9.25014e+10 1332.77
2.68704e+07 5.23936e+10 7.61374e+10 -1.96995e+09 -748.528 -1104.35 28.1875 9.24439e+10 1334.42
2.69568e+07 5.23613e+10 7.60897e+10 -1.96874e+09 -749.457 -1105.72 28.2225 9.23862e+10 1336.08
2.70432e+07 5.23289e+10 7.60419e+10 -1.96752e+09 -750.39 -1107.1 28.2576 9.23285e+10 1337.74
2.71296e+07 5.22965e+10 7.59941e+10 -1.9663e+09 -751.325 -1108.48 28.2928 9.22707e+10 1339.41
2.7216e+07 5.2264e+10 7.59462e+10 -1.96507e+09 -752.264 -1109.86 28.3282 9.22129e+10 1341.08
2.73024e+07 5.22315e+10 7.58983e+10 -1.96385e+09 -753.205 -1111.25 28.3636 9.21549e+10 1342.76
2.73888e+07 5.2199e+10 7.58503e+10 -1.96262e+09 -754.149 -1112.64 28.3992 9.20969e+10 1344.44
2.74752e+07 5.21664e+10 7.58022e+10 -1.9614e+09 -755.096 -1114.04 28.4348 9.20389e+10 1346.13
2.75616e+07 5.21338e+10 7.57541e+10 -1.96017e+09 -756.046 -1115.44 28.4706 9.19807e+10 1347.82
2.7648e+07 5.21011e+10 7.57059e+10 -1.95894e+09 -756.999 -1116.85 28.5065 9.19225e+10 1349.52
2.77344e+07 5.20684e+10 7.56576e+10 -1.95771e+09 -757.955 -1118.26 28.5425 9.18642e+10 1351.23
2.78208e+07 5.20357e+10 7.56093e+10 -1.95648e+09 -758.915 -1119.67 28.5786 9.18059e+10 1352.94
2.79072e+07 5.20029e+10 7.5561e+10 -1.95524e+09 -759.877 -1121.09 28.6149 9.17474e+10 1354.65
2.79936e+07 5.19701e+10 7.55125e+10 -1.95401e+09 -760.842 -1122.52 28.6512 9.16889e+10 1356.37
2.808e+07 5.19372e+10 7.54641e+10 -1.95277e+09 -761.81 -1123.95 28.6877 9.16303e+10 1358.1
2.81664e+07 5.19043e+10 7.54155e+10 -1.95153e+09 -762.782 -1125.38 28.7243 9.15716e+10 1359.83
2.82528e+07 5.18714e+10 7.53669e+10 -1.95029e+09 -763.756 -1126.82 28.761 9.15129e+10 1361.57
2.83392e+07 5.18384e+10 7.53182e+10 -1.94905e+09 -764.734 -1128.26 28.7978 9.14541e+10 1363.31
2.84256e+07 5.18053e+10 7.52695e+10 -1.9478e+09 -765.715 -1129.71 28.8347 9.13952e+10 1365.06
2.8512e+07 5.17723e+10 7.52207e+10 -1.94656e+09 -766.698 -1131.16 28.8717 9.13362e+10 1366.81
2.85984e+07 5.17392e+10 7.51718e+10 -1.94531e+09 -767.685 -1132.61 28.9089 9.12772e+10 1368.57
2.86848e+07 5.1706e+10 7.51229e+10 -1.94406e+09 -768.676 -1134.08 28.9462 9.12181e+10 1370.34
2.87712e+07 5.16728e+10 7.50739e+10 -1.94281e+09 -769.669 -1135.54 28.9836 9.11589e+10 1372.11
2.88576e+07 5.16395e+10 7.50249e+10 -1.94156e+09 -770.666 -1137.01 29.0212 9.10996e+10 1373.89
2.8944e+07 5.16063e+10 7.49758e+10 -1.9403e+09 -771.666 -1138.49 29.0588 9.10403e+10 1375.67
2.90304e+07 5.15729e+10 7.49266e+10 -1.93905e+09 -772.669 -1139.97 29.0966 9.09809e+10 1377.46
2.91168e+07 5.15395e+10 7.48773e+10 -1.93779e+09 -773.675 -1141.45 29.1345 9.09214e+10 1379.25
2.92032e+07 5.15061e+10 7.4828e+10 -1.93653e+09 -774.685 -1142.94 29.1725 9.08618e+10 1381.05
2.92896e+07 5.14727e+10 7.47786e+10 -1.93527e+09 -775.698 -1144.44 29.2106 9.08021e+10 1382.86
2.9376e+07 5.14391e+10 7.47292e+10 -1.93401e+09 -776.714 -1145.94 29.2489 9.07424e+10 1384.67
2.94624e+07 5.14056e+10 7.46797e+10 -1.93275e+09 -777.734 -1147.44 29.2873 9.06826e+10 1386.49
2.95488e+07 5.1372e+10 7.46301e+10 -1.93148e+09 -778.757 -1148.95 29.3258 9.06227e+10 1388.31
2.96352e+07 5.13384e+10 7.45805e+10 -1.93022e+09 -779.783 -1150.46 29.3645 9.05627e+10 1390.14
2.97216e+07 5.13047e+10 7.45308e+10 -1.92895e+09 -780.813 -1151.98 29.4033 9.05027e+10 1391.98
2.9808e+07 5.12709e+10 7.44811e+10 -1.92768e+09 -781.846 -1153.51 29.4422 9.04425e+10 1393.82
2.98944e+07 5.12372e+10 7.44312e+10 -1.92641e+09 -782.883 -1155.04 29.4812 9.03823e+10 1395.67
2.99808e+07 5.12034e+10 7.43813e+10 -1.92513e+09 -783.923 -1156.57 29.5204 9.0322e+10 1397.52
3.00672e+07 5.11695e+10 7.43314e+10 -1.92386e+09 -784.966 -1158.11 29.5597 9.02617e+10 1399.38
3.01536e+07 5.11356e+10 7.42813e+10 -1.92258e+09 -786.013 -1159.66 29.5991 9.02012e+10 1401.25
3.024e+07 5.11016e+10 7.42312e+10 -1.9213e+09 -787.064 -1161.21 29.6386 9.01407e+10 1403.12
3.03264e+07 5.10676e+10 7.41811e+10 -1.92002e+09 -788.118 -1162.76 29.6783 9.00801e+10 1405
3.04128e+07 5.10336e+10 7.41309e+10 -1.91874e+09 -789.175 -1164.32 29.7182 9.00194e+10 1406.88
3.04992e+07 5.09995e+10 7.40806e+10 -1.91745e+09 -790.236 -1165.89 29.7581 8.99586e+10 1408.78
3.05856e+07 5.09654e+10 7.40302e+10 -1.91617e+09 -791.301 -1167.46 29.7982 8.98978e+10 1410.67
3.0672e+07 5.09312e+10 7.39798e+10 -1.91488e+09 -792.369 -1169.03 29.8384 8.98368e+10 1412.58
3.07584e+07 5.08969e+10 7.39293e+10 -1.91359e+09 -793.441 -1170.61 29.8788 8.97758e+10 1414.49
3.08448e+07 5.08627e+10 7.38787e+10 -1.9123e+09 -794.516 -1172.2 29.9193 8.97147e+10 1416.41
3.09312e+07 5.08283e+10 7.38281e+10 -1.91101e+09 -795.595 -1173.79 29.9599 8.96535e+10 1418.33
3.10176e+07 5.0794e+10 7.37773e+10 -1.90972e+09 -796.678 -1175.39 30.0007 8.95923e+10 1420.26
3.1104e+07 5.07596e+10 7.37266e+10 -1.90842e+09 -797.765 -1176.99 30.0416 8.95309e+10 1422.2
3.11904e+07 5.07251e+10 7.36757e+10 -1.90712e+09 -798.855 -1178.6 30.0827 8.94695e+10 1424.14
3.12768e+07 5.06906e+10 7.36248e+10 -1.90582e+09 -799.949 -1180.22 30.1239 8.94079e+10 1426.09
3.13632e+07 5.0656e+10 7.35738e+10 -1.90452e+09 -801.047 -1181.84 30.1652 8.93463e+10 1428.05
3.14496e+07 5.06214e+10 7.35228e+10 -1.90322e+09 -802.148 -1183.46 30.2067 8.92847e+10 1430.01
