0 -1.13138e+12 -4.38661e+12 1.1639e+11 5227.57 -1327.55 -93.124 4.53166e+12 5394.31
86400 -1.13093e+12 -4.38673e+12 1.16382e+11 5227.85 -1326.31 -92.5383 4.53166e+12 5394.26
172800 -1.13093e+12 -4.38673e+12 1.16382e+11 17.3293 -1.64583 0.596602 4.53166e+12 17.4175
259200 -1.13095e+12 -4.38675e+12 1.16371e+11 -237.481 -280.457 -138.539 4.53168e+12 392.742
345600 -1.13095e+12 -4.38675e+12 1.16371e+11 -0.572924 -0.300167 -0.429972 4.53168e+12 0.776671
432000 -1.13095e+12 -4.38675e+12 1.16371e+11 0.137799 0.540303 -0.0156466 4.53168e+12 0.557818
518400 -1.13095e+12 -4.38675e+12 1.16371e+11 0.139931 0.542824 -0.0144036 4.53168e+12 0.560755
604800 -1.13095e+12 -4.38675e+12 1.16371e+11 0.139938 0.542832 -0.0143999 4.53168e+12 0.560764
691200 -1.13095e+12 -4.38675e+12 1.16371e+11 0.139938 0.542832 -0.0143999 4.53168e+12 0.560764
777600 -1.13095e+12 -4.38675e+12 1.16371e+11 0.139938 0.542832 -0.0143999 4.53168e+12 0.560764
864000 -1.13095e+12 -4.38675e+12 1.16371e+11 0.139938 0.542832 -0.0143999 4.53168e+12 0.560764
950400 -1.13095e+12 -4.38675e+12 1.16371e+11 0.139938 0.542832 -0.0143999 4.53168e+12 0.560764
1.0368e+06 -1.13095e+12 -4.38675e+12 1.16371e+11 0.139938 0.542832 -0.0143999 4.53168e+12 0.560764
1.1232e+06 -1.13095e+12 -4.38675e+12 1.16371e+11 0.139938 0.542832 -0.0143999 4.53168e+12 0.560764
1.2096e+06 -1.13095e+12 -4.38675e+12 1.16371e+11 0.139938 0.542832 -0.0143999 4.53168e+12 0.560764
1.296e+06 -1.13095e+12 -4.38675e+12 1.16371e+11 0.139938 0.542832 -0.0143999 4.53168e+12 0.560764
1.3824e+06 -1.13095e+12 -4.38675e+12 1.16371e+11 0.139938 0.542832 -0.0143999 4.53168e+12 0.560764
1.4688e+06 -1.13095e+12 -4.38675e+12 1.16371e+11 0.139938 0.542832 -0.0143999 4.53168e+12 0.560764
1.5552e+06 -1.13095e+12 -4.38675e+12 1.16371e+11 0.139938 0.542832 -0.0143999 4.53168e+12 0.560764
1.6416e+06 -1.13095e+12 -4.38675e+12 1.16371e+11 0.139938 0.542832 -0.0143999 4.53168e+12 0.560764
1.728e+06 -1.13095e+12 -4.38675e+12 1.16371e+11 0.139938 0.542832 -0.0143999 4.53168e+12 0.560764
1.8144e+06 -1.13095e+12 -4.38675e+12 1.16371e+11 0.139938 0.542832 -0.0143999 4.53168e+12 0.560764
1.9008e+06 -1.13095e+12 -4.38675e+12 1.16371e+11 0.139938 0.542832 -0.0143999 4.53168e+12 0.560764
1.9872e+06 -1.13095e+12 -4.38675e+12 1.16371e+11 0.139938 0.542832 -0.0143999 4.53168e+12 0.560764
2.0736e+06 -1.13095e+12 -4.38675e+12 1.16371e+11 0.139938 0.542832 -0.0143999 4.53168e+12 0.560764
2.16e+06 -1.13095e+12 -4.38675e+12 1.16371e+11 0.139938 0.542832 -0.0143999 4.53168e+12 0.560764
2.2464e+06 -1.13095e+12 -4.38675e+12 1.16371e+11 0.139938 0.542832 -0.0143999 4.53168e+12 0.560764
2.3328e+06 -1.13095e+12 -4.38675e+12 1.16371e+11 0.139938 0.542832 -0.0143999 4.53168e+12 0.560764
2.4192e+06 -1.13095e+12 -4.38675e+12 1.16371e+11 0.139938 0.542832 -0.0143999 4.53168e+12 0.560764
2.5056e+06 -1.13095e+12 -4.38675e+12 1.16371e+11 0.139938 0.542832 -0.0143999 4.53168e+12 0.560764
2.592e+06 -1.13095e+12 -4.38675e+12 1.16371e+11 0.139938 0.542832 -0.0143999 4.53168e+12 0.560764
2.6784e+06 -1.13095e+12 -4.38675e+12 1.16371e+11 0.139938 0.542832 -0.0143999 4.53168e+12 0.560764
2.7648e+06 -1.13095e+12 -4.38675e+12 1.16371e+11 0.139938 0.542832 -0.0143999 4.53168e+12 0.560764
2.8512e+06 -1.13095e+12 -4.38675e+12 1.16371e+11 0.139938 0.542832 -0.0143999 4.53168e+12 0.560764
2.9376e+06 -1.13095e+12 -4.38675e+12 1.16371e+11 0.139938 0.542832 -0.0143999 4.53168e+12 0.560764
3.024e+06 -1.13095e+12 -4.38675e+12 1.16371e+11 0.139938 0.542832 -0.0143999 4.53168e+12 0.560764
3.1104e+06 -1.13095e+12 -4.38675e+12 1.16371e+11 0.139938 0.542832 -0.0143999 4.53168e+12 0.560764
3.1968e+06 -1.13095e+12 -4.38675e+12 1.16371e+11 0.139938 0.542832 -0.0143999 4.53168e+12 0.560764
3.2832e+06 -1.13095e+12 -4.38675e+12 1.16371e+11 0.139938 0.542832 -0.0143999 4.53168e+12 0.560764
3.3696e+06 -1.13095e+12 -4.38675e+12 1.16371e+11 0.139938 0.542832 -0.0143999 4.53168e+12 0.560764
3.456e+06 -1.13095e+12 -4.38675e+12 1.16371e+11 0.139938 0.542832 -0.0143999 4.53168e+12 0.560764
3.5424e+06 -1.13095e+12 -4.38675e+12 1.16371e+11 0.139938 0.542832 -0.0143999 4.53168e+12 0.560764
3.6288e+06 -1.13095e+12 -4.38675e+12 1.16371e+11 0.139938 0.542832 -0.0143999 4.53168e+12 0.560764
3.7152e+06 -1.13095e+12 -4.38675e+12 1.16371e+11 0.139938 0.542832 -0.0143999 4.53168e+12 0.560764
3.8016e+06 -1.13095e+12 -4.38675e+12 1.16371e+11 0.139938 0.542832 -0.0143999 4.53168e+12 0.560764
3.888e+06 -1.13095e+12 -4.38675e+12 1.16371e+11 0.139938 0.542832 -0.0143999 4.53168e+12 0.560764
3.9744e+06 -1.13095e+12 -4.38675e+12 1.16371e+11 0.139938 0.542832 -0.0143999 4.53168e+12 0.560764
4.0608e+06 -1.13095e+12 -4.38675e+12 1.16371e+11 0.139938 0.542832 -0.0143999 4.53168e+12 0.560764
4.1472e+06 -1.13095e+12 -4.38675e+12 1.16371e+11 0.139938 0.542832 -0.0143999 4.53168e+12 0.560764
4.2336e+06 -1.13095e+12 -4.38675e+12 1.16371e+11 0.139938 0.542832 -0.0143999 4.53168e+12 0.560764
4.32e+06 -1.13095e+12 -4.38675e+12 1.16371e+11 0.139938 0.542832 -0.0143999 4.53168e+12 0.560764
4.4064e+06 -1.13095e+12 -4.38675e+12 1.16371e+11 0.139938 0.542832 -0.0143999 4.53168e+12 0.560764
4.4928e+06 -1.13095e+12 -4.38675e+12 1.16371e+11 0.139938 0.542832 -0.0143999 4.53168e+12 0.560764
4.5792e+06 -1.13095e+12 -4.38675e+12 1.16371e+11 0.139938 0.542832 -0.0143999 4.53168e+12 0.560764
4.6656e+06 -1.13095e+12 -4.38675e+12 1.16371e+11 0.139938 0.542832 -0.0143999 4.53168e+12 0.560764
4.752e+06 -1.13095e+12 -4.38675e+12 1.16371e+11 0.139938 0.542832 -0.0143999 4.53168e+12 0.560764
4.8384e+06 -1.13095e+12 -4.38675e+12 1.16371e+11 0.139938 0.542832 -0.0143999 4.53168e+12 0.560764
4.9248e+06 -1.13095e+12 -4.38675e+12 1.16371e+11 0.139938 0.542832 -0.0143999 4.53168e+12 0.560764
5.0112e+06 -1.13095e+12 -4.38675e+12 1.16371e+11 0.139938 0.542832 -0.0143999 4.53168e+12 0.560764
5.0976e+06 -1.13095e+12 -4.38675e+12 1.16371e+11 0.139938 0.542832 -0.0143999 4.53168e+12 0.560764
5.184e+06 -1.13095e+12 -4.38675e+12 1.16371e+11 0.139938 0.542832 -0.0143999 4.53168e+12 0.560764
5.2704e+06 -1.13095e+12 -4.38675e+12 1.16371e+11 0.139938 0.542832 -0.0143999 4.53168e+12 0.560764
5.3568e+06 -1.13095e+12 -4.38675e+12 1.16371e+11 0.139938 0.542832 -0.0143999 4.53168e+12 0.560764
5.4432e+06 -1.13095e+12 -4.38675e+12 1.16371e+11 0.139938 0.542832 -0.0143999 4.53168e+12 0.560764
5.5296e+06 -1.13095e+12 -4.38675e+12 1.16371e+11 0.139938 0.542832 -0.0143999 4.53168e+12 0.560764
5.616e+06 -1.13095e+12 -4.38675e+12 1.16371e+11 0.139938 0.542832 -0.0143999 4.53168e+12 0.560764
5.7024e+06 -1.13095e+12 -4.38675e+12 1.16371e+11 0.139938 0.542832 -0.0143999 4.53168e+12 0.560764
5.7888e+06 -1.13095e+12 -4.38675e+12 1.16371e+11 0.139938 0.542832 -0.0143999 4.53168e+12 0.560764
5.8752e+06 -1.13095e+12 -4.38675e+12 1.16371e+11 0.139938 0.542832 -0.0143999 4.53168e+12 0.560764
5.9616e+06 -1.13095e+12 -4.38675e+12 1.16371e+11 0.139938 0.542832 -0.0143999 4.53168e+12 0.560764
6.048e+06 -1.13095e+12 -4.38675e+12 1.16371e+11 0.139938 0.542832 -0.0143999 4.53168e+12 0.560764
6.1344e+06 -1.13095e+12 -4.38675e+12 1.16371e+11 0.139938 0.542832 -0.0143999 4.53168e+12 0.560764
6.2208e+06 -1.13095e+12 -4.38675e+12 1.16371e+11 0.139938 0.542832 -0.0143999 4.53168e+12 0.560765
6.3072e+06 -1.13095e+12 -4.38675e+12 1.16371e+11 0.139938 0.542832 -0.0143999 4.53168e+12 0.560765
6.3936e+06 -1.13095e+12 -4.38675e+12 1.16371e+11 0.139938 0.542832 -0.0143999 4.53168e+12 0.560765
6.48e+06 -1.13095e+12 -4.38675e+12 1.16371e+11 0.139938 0.542832 -0.0143999 4.53168e+12 0.560765
6.5664e+06 -1.13095e+12 -4.38675e+12 1.16371e+11 0.139938 0.542832 -0.0143999 4.53168e+12 0.560765
6.6528e+06 -1.13095e+12 -4.38675e+12 1.16371e+11 0.139938 0.542832 -0.0143999 4.53168e+12 0.560765
6.7392e+06 -1.13095e+12 -4.38675e+12 1.16371e+11 0.139938 0.542832 -0.0143999 4.53168e+12 0.560765
6.8256e+06 -1.13095e+12 -4.38675e+12 1.16371e+11 0.139938 0.542832 -0.0143999 4.53168e+12 0.560765
6.912e+06 -1.13095e+12 -4.38675e+12 1.16371e+11 0.139938 0.542832 -0.0143999 4.53168e+12 0.560765
6.9984e+06 -1.13095e+12 -4.38675e+12 1.16371e+11 0.139938 0.542832 -0.0143999 4.53168e+12 0.560765
7.0848e+06 -1.13095e+12 -4.38675e+12 1.16371e+11 0.139938 0.542832 -0.0143999 4.53168e+12 0.560765
7.1712e+06 -1.13095e+12 -4.38675e+12 1.16371e+11 0.139938 0.542832 -0.0143999 4.53168e+12 0.560765
7.2576e+06 -1.13095e+12 -4.38675e+12 1.16371e+11 0.139938 0.542832 -0.0143999 4.53168e+12 0.560765
7.344e+06 -1.13095e+12 -4.38675e+12 1.16371e+11 0.139938 0.542832 -0.0143999 4.53168e+12 0.560765
7.4304e+06 -1.13095e+12 -4.38675e+12 1.16371e+11 0.139938 0.542832 -0.0143999 4.53168e+12 0.560765
7.5168e+06 -1.13095e+12 -4.38675e+12 1.16371e+11 0.139938 0.542832 -0.0143999 4.53168e+12 0.560765
7.6032e+06 -1.13095e+12 -4.38675e+12 1.16371e+11 0.139938 0.542832 -0.0143999 4.53168e+12 0.560765
7.6896e+06 -1.13095e+12 -4.38675e+12 1.16371e+11 0.139938 0.542832 -0.0143999 4.53168e+12 0.560765
7.776e+06 -1.13095e+12 -4.38675e+12 1.16371e+11 0.139938 0.542832 -0.0143999 4.53168e+12 0.560765
7.8624e+06 -1.13095e+12 -4.38675e+12 1.16371e+11 0.139938 0.542832 -0.0143999 4.53168e+12 0.560765
7.9488e+06 -1.13095e+12 -4.38675e+12 1.16371e+11 0.139938 0.542832 -0.0143999 4.53168e+12 0.560765
8.0352e+06 -1.13095e+12 -4.38675e+12 1.16371e+11 0.139938 0.542832 -0.0143999 4.53168e+12 0.560765
8.1216e+06 -1.13095e+12 -4.38675e+12 1.16371e+11 0.139938 0.542832 -0.0143999 4.53168e+12 0.560765
8.208e+06 -1.13095e+12 -4.38675e+12 1.16371e+11 0.139938 0.542832 -0.0143999 4.53168e+12 0.560765
8.2944e+06 -1.13095e+12 -4.38675e+12 1.16371e+11 0.139938 0.542832 -0.0143999 4.53168e+12 0.560765
8.3808e+06 -1.13095e+12 -4.38675e+12 1.16371e+11 0.139938 0.542832 -0.0143999 4.53168e+12 0.560765
8.4672e+06 -1.13095e+12 -4.38675e+12 1.16371e+11 0.139938 0.542832 -0.0143999 4.53168e+12 0.560765
8.5536e+06 -1.13095e+12 -4.38675e+12 1.16371e+11 0.139938 0.542832 -0.0143999 4.53168e+12 0.560765
8.64e+06 -1.13095e+12 -4.38675e+12 1.16371e+11 0.139938 0.542832 -0.0143999 4.53168e+12 0.560765
8.7264e+06 -1.13095e+12 -4.38675e+12 1.16371e+11 0.139938 0.542832 -0.0143999 4.53168e+12 0.560765
8.8128e+06 -1.13095e+12 -4.38675e+12 1.16371e+11 0.139938 0.542832 -0.0143999 4.53168e+12 0.560765
8.8992e+06 -1.13095e+12 -4.38675e+12 1.16371e+11 0.139938 0.542832 -0.0143999 4.53168e+12 0.560765
8.9856e+06 -1.13095e+12 -4.38675e+12 1.16371e+11 0.139938 0.542832 -0.0143999 4.53168e+12 0.560765
9.072e+06 -1.13095e+12 -4.38675e+12 1.16371e+11 0.139938 0.542832 -0.0143999 4.53168e+12 0.560765
9.1584e+06 -1.13095e+12 -4.38675e+12 1.16371e+11 0.139938 0.542832 -0.0143999 4.53168e+12 0.560765
9.2448e+06 -1.13095e+12 -4.38675e+12 1.16371e+11 0.139938 0.542832 -0.0143999 4.53168e+12 0.560765
9.3312e+06 -1.13095e+12 -4.38675e+12 1.16371e+11 0.139938 0.542832 -0.0143999 4.53168e+12 0.560765
9.4176e+06 -1.13095e+12 -4.38675e+12 1.16371e+11 0.139938 0.542833 -0.0143999 4.53168e+12 0.560765
9.504e+06 -1.13095e+12 -4.38675e+12 1.16371e+11 0.139938 0.542833 -0.0143999 4.53168e+12 0.560765
9.5904e+06 -1.13095e+12 -4.38675e+12 1.16371e+11 0.139938 0.542833 -0.0143999 4.53168e+12 0.560765
9.6768e+06 -1.13095e+12 -4.38675e+12 1.16371e+11 0.139938 0.542833 -0.0143999 4.53168e+12 0.560765
9.7632e+06 -1.13095e+12 -4.38675e+12 1.16371e+11 0.139938 0.542833 -0.0143999 4.53168e+12 0.560765
9.8496e+06 -1.13095e+12 -4.38674e+12 1.16371e+11 0.139938 0.542833 -0.0143999 4.53168e+12 0.560765
9.936e+06 -1.13095e+12 -4.38674e+12 1.16371e+11 0.139938 0.542833 -0.0143999 4.53168e+12 0.560765
1.00224e+07 -1.13095e+12 -4.38674e+12 1.16371e+11 0.139938 0.542833 -0.0143999 4.53168e+12 0.560765
1.01088e+07 -1.13095e+12 -4.38674e+12 1.16371e+11 0.139938 0.542833 -0.0143999 4.53168e+12 0.560765
1.01952e+07 -1.13095e+12 -4.38674e+12 1.16371e+11 0.139938 0.542833 -0.0143999 4.53168e+12 0.560765
1.02816e+07 -1.13095e+12 -4.38674e+12 1.16371e+11 0.139938 0.542833 -0.0143999 4.53168e+12 0.560765
1.0368e+07 -1.13095e+12 -4.38674e+12 1.16371e+11 0.139938 0.542833 -0.0143999 4.53168e+12 0.560765
1.04544e+07 -1.13095e+12 -4.38674e+12 1.16371e+11 0.139938 0.542833 -0.0143999 4.53168e+12 0.560765
1.05408e+07 -1.13095e+12 -4.38674e+12 1.16371e+11 0.139938 0.542833 -0.0143999 4.53168e+12 0.560765
1.06272e+07 -1.13095e+12 -4.38674e+12 1.16371e+11 0.139938 0.542833 -0.0143999 4.53168e+12 0.560765
1.07136e+07 -1.13095e+12 -4.38674e+12 1.16371e+11 0.139938 0.542833 -0.0143999 4.53168e+12 0.560765
1.08e+07 -1.13095e+12 -4.38674e+12 1.16371e+11 0.139938 0.542833 -0.0143999 4.53168e+12 0.560765
1.08864e+07 -1.13095e+12 -4.38674e+12 1.16371e+11 0.139938 0.542833 -0.0143999 4.53168e+12 0.560765
1.09728e+07 -1.13095e+12 -4.38674e+12 1.16371e+11 0.139938 0.542833 -0.0143999 4.53168e+12 0.560765
1.10592e+07 -1.13095e+12 -4.38674e+12 1.16371e+11 0.139938 0.542833 -0.0143999 4.53168e+12 0.560765
1.11456e+07 -1.13095e+12 -4.38674e+12 1.16371e+11 0.139938 0.542833 -0.0143999 4.53168e+12 0.560765
1.1232e+07 -1.13095e+12 -4.38674e+12 1.16371e+11 0.139938 0.542833 -0.0143999 4.53168e+12 0.560765
1.13184e+07 -1.13095e+12 -4.38674e+12 1.16371e+11 0.139938 0.542833 -0.0143999 4.53168e+12 0.560765
1.14048e+07 -1.13095e+12 -4.38674e+12 1.16371e+11 0.139938 0.542833 -0.0143999 4.53168e+12 0.560765
1.14912e+07 -1.13095e+12 -4.38674e+12 1.16371e+11 0.139938 0.542833 -0.0143999 4.53168e+12 0.560765
1.15776e+07 -1.13095e+12 -4.38674e+12 1.16371e+11 0.139938 0.542833 -0.0143999 4.53168e+12 0.560765
1.1664e+07 -1.13095e+12 -4.38674e+12 1.16371e+11 0.139938 0.542833 -0.0143999 4.53168e+12 0.560765
1.17504e+07 -1.13095e+12 -4.38674e+12 1.16371e+11 0.139938 0.542833 -0.0143999 4.53168e+12 0.560765
1.18368e+07 -1.13095e+12 -4.38674e+12 1.16371e+11 0.139938 0.542833 -0.0143999 4.53168e+12 0.560765
1.19232e+07 -1.13095e+12 -4.38674e+12 1.16371e+11 0.139938 0.542833 -0.0143999 4.53168e+12 0.560765
1.20096e+07 -1.13095e+12 -4.38674e+12 1.16371e+11 0.139938 0.542833 -0.0143999 4.53168e+12 0.560765
1.2096e+07 -1.13095e+12 -4.38674e+12 1.16371e+11 0.139938 0.542833 -0.0143999 4.53168e+12 0.560765
1.21824e+07 -1.13095e+12 -4.38674e+12 1.16371e+11 0.139938 0.542833 -0.0143999 4.53168e+12 0.560765
1.22688e+07 -1.13095e+12 -4.38674e+12 1.16371e+11 0.139938 0.542833 -0.0143999 4.53168e+12 0.560765
1.23552e+07 -1.13095e+12 -4.38674e+12 1.16371e+11 0.139938 0.542833 -0.0143999 4.53168e+12 0.560765
1.24416e+07 -1.13095e+12 -4.38674e+12 1.16371e+11 0.139938 0.542833 -0.0143999 4.53168e+12 0.560765
1.2528e+07 -1.13095e+12 -4.38674e+12 1.16371e+11 0.139938 0.542833 -0.0143999 4.53168e+12 0.560765
1.26144e+07 -1.13095e+12 -4.38674e+12 1.16371e+11 0.139938 0.542833 -0.0143999 4.53168e+12 0.560765
1.27008e+07 -1.13095e+12 -4.38674e+12 1.16371e+11 0.139938 0.542833 -0.0143999 4.53168e+12 0.560765
1.27872e+07 -1.13095e+12 -4.38674e+12 1.16371e+11 0.139938 0.542833 -0.0143999 4.53168e+12 0.560765
1.28736e+07 -1.13095e+12 -4.38674e+12 1.16371e+11 0.139938 0.542833 -0.0143999 4.53168e+12 0.560765
1.296e+07 -1.13095e+12 -4.38674e+12 1.16371e+11 0.139938 0.542833 -0.0143999 4.53168e+12 0.560765
1.30464e+07 -1.13095e+12 -4.38674e+12 1.16371e+11 0.139938 0.542833 -0.0143999 4.53168e+12 0.560765
1.31328e+07 -1.13095e+12 -4.38674e+12 1.16371e+11 0.139938 0.542833 -0.0143999 4.53168e+12 0.560765
1.32192e+07 -1.13095e+12 -4.38674e+12 1.16371e+11 0.139938 0.542833 -0.0143999 4.53168e+12 0.560765
1.33056e+07 -1.13095e+12 -4.38674e+12 1.16371e+11 0.139938 0.542833 -0.0143999 4.53168e+12 0.560765
1.3392e+07 -1.13095e+12 -4.38674e+12 1.16371e+11 0.139938 0.542833 -0.0143999 4.53168e+12 0.560765
1.34784e+07 -1.13095e+12 -4.38674e+12 1.16371e+11 0.139938 0.542833 -0.0143999 4.53168e+12 0.560765
1.35648e+07 -1.13095e+12 -4.38674e+12 1.16371e+11 0.139938 0.542833 -0.0143999 4.53168e+12 0.560765
1.36512e+07 -1.13095e+12 -4.38674e+12 1.16371e+11 0.139938 0.542833 -0.0143999 4.53168e+12 0.560765
1.37376e+07 -1.13095e+12 -4.38674e+12 1.16371e+11 0.139938 0.542833 -0.0143999 4.53168e+12 0.560765
1.3824e+07 -1.13095e+12 -4.38674e+12 1.16371e+11 0.139938 0.542833 -0.0143999 4.53168e+12 0.560765
1.39104e+07 -1.13095e+12 -4.38674e+12 1.16371e+11 0.139938 0.542833 -0.0143999 4.53168e+12 0.560765
1.39968e+07 -1.13095e+12 -4.38674e+12 1.16371e+11 0.139938 0.542833 -0.0143999 4.53168e+12 0.560765
1.40832e+07 -1.13095e+12 -4.38674e+12 1.16371e+11 0.139938 0.542833 -0.0143999 4.53168e+12 0.560765
1.41696e+07 -1.13095e+12 -4.38674e+12 1.16371e+11 0.139938 0.542833 -0.0143999 4.53168e+12 0.560765
1.4256e+07 -1.13095e+12 -4.38674e+12 1.16371e+11 0.139938 0.542833 -0.0143999 4.53168e+12 0.560765
1.43424e+07 -1.13095e+12 -4.38674e+12 1.16371e+11 0.139938 0.542833 -0.0143999 4.53168e+12 0.560765
1.44288e+07 -1.13095e+12 -4.38674e+12 1.16371e+11 0.139938 0.542833 -0.0143999 4.53168e+12 0.560765
1.45152e+07 -1.13095e+12 -4.38674e+12 1.16371e+11 0.139938 0.542833 -0.0143999 4.53168e+12 0.560765
1.46016e+07 -1.13095e+12 -4.38674e+12 1.16371e+11 0.139938 0.542833 -0.0143999 4.53168e+12 0.560765
1.4688e+07 -1.13095e+12 -4.38674e+12 1.16371e+11 0.139938 0.542833 -0.0143999 4.53168e+12 0.560765
1.47744e+07 -1.13095e+12 -4.38674e+12 1.16371e+11 0.139938 0.542833 -0.0143999 4.53168e+12 0.560765
1.48608e+07 -1.13095e+12 -4.38674e+12 1.16371e+11 0.139938 0.542833 -0.0143999 4.53168e+12 0.560765
1.49472e+07 -1.13095e+12 -4.38674e+12 1.16371e+11 0.139938 0.542833 -0.0143999 4.53168e+12 0.560765
1.50336e+07 -1.13095e+12 -4.38674e+12 1.16371e+11 0.139938 0.542833 -0.0143999 4.53168e+12 0.560765
1.512e+07 -1.13095e+12 -4.38674e+12 1.16371e+11 0.139938 0.542833 -0.0143999 4.53168e+12 0.560765
1.52064e+07 -1.13095e+12 -4.38674e+12 1.16371e+11 0.139938 0.542833 -0.0143999 4.53168e+12 0.560765
1.52928e+07 -1.13095e+12 -4.38674e+12 1.16371e+11 0.139938 0.542833 -0.0143999 4.53168e+12 0.560765
1.53792e+07 -1.13095e+12 -4.38674e+12 1.16371e+11 0.139938 0.542833 -0.0143999 4.53168e+12 0.560765
1.54656e+07 -1.13095e+12 -4.38674e+12 1.16371e+11 0.139938 0.542833 -0.0143999 4.53168e+12 0.560765
1.5552e+07 -1.13095e+12 -4.38674e+12 1.16371e+11 0.139938 0.542833 -0.0143999 4.53168e+12 0.560765
1.56384e+07 -1.13095e+12 -4.38674e+12 1.16371e+11 0.139938 0.542833 -0.0143999 4.53168e+12 0.560765
1.57248e+07 -1.13095e+12 -4.38674e+12 1.16371e+11 0.139938 0.542833 -0.0143999 4.53168e+12 0.560765
1.58112e+07 -1.13095e+12 -4.38674e+12 1.16371e+11 0.139938 0.542833 -0.0143999 4.53168e+12 0.560765
1.58976e+07 -1.13095e+12 -4.38674e+12 1.16371e+11 0.139938 0.542833 -0.0143999 4.53168e+12 0.560765
1.5984e+07 -1.13095e+12 -4.38674e+12 1.16371e+11 0.139938 0.542833 -0.0143999 4.53168e+12 0.560765
1.60704e+07 -1.13095e+12 -4.38674e+12 1.16371e+11 0.139938 0.542833 -0.0143999 4.53168e+12 0.560765
1.61568e+07 -1.13095e+12 -4.38674e+12 1.16371e+11 0.139938 0.542833 -0.0143999 4.53168e+12 0.560765
1.62432e+07 -1.13095e+12 -4.38674e+12 1.16371e+11 0.139938 0.542833 -0.0143999 4.53168e+12 0.560765
1.63296e+07 -1.13095e+12 -4.38674e+12 1.16371e+11 0.139938 0.542833 -0.0143999 4.53168e+12 0.560765
1.6416e+07 -1.13095e+12 -4.38674e+12 1.16371e+11 0.139938 0.542833 -0.0143999 4.53168e+12 0.560765
1.65024e+07 -1.13095e+12 -4.38674e+12 1.16371e+11 0.139938 0.542833 -0.0143999 4.53168e+12 0.560765
1.65888e+07 -1.13095e+12 -4.38674e+12 1.16371e+11 0.139938 0.542833 -0.0143999 4.53168e+12 0.560765
1.66752e+07 -1.13095e+12 -4.38674e+12 1.16371e+11 0.139938 0.542833 -0.0143999 4.53168e+12 0.560765
1.67616e+07 -1.13095e+12 -4.38674e+12 1.16371e+11 0.139938 0.542833 -0.0143999 4.53168e+12 0.560765
1.6848e+07 -1.13095e+12 -4.38674e+12 1.16371e+11 0.139938 0.542833 -0.0143999 4.53168e+12 0.560765
1.69344e+07 -1.13095e+12 -4.38674e+12 1.16371e+11 0.139938 0.542833 -0.0143999 4.53168e+12 0.560765
1.70208e+07 -1.13095e+12 -4.38674e+12 1.16371e+11 0.139938 0.542833 -0.0143999 4.53168e+12 0.560765
1.71072e+07 -1.13095e+12 -4.38674e+12 1.16371e+11 0.139938 0.542833 -0.0143999 4.53168e+12 0.560765
1.71936e+07 -1.13095e+12 -4.38674e+12 1.16371e+11 0.139938 0.542833 -0.0143999 4.53168e+12 0.560765
1.728e+07 -1.13095e+12 -4.38674e+12 1.16371e+11 0.139938 0.542833 -0.0143999 4.53168e+12 0.560765
1.73664e+07 -1.13095e+12 -4.38674e+12 1.16371e+11 0.139938 0.542833 -0.0143999 4.53168e+12 0.560765
1.74528e+07 -1.13095e+12 -4.38674e+12 1.16371e+11 0.139938 0.542833 -0.0143999 4.53168e+12 0.560765
1.75392e+07 -1.13095e+12 -4.38674e+12 1.16371e+11 0.139938 0.542833 -0.0143999 4.53168e+12 0.560765
1.76256e+07 -1.13095e+12 -4.38674e+12 1.16371e+11 0.139938 0.542833 -0.0143999 4.53168e+12 0.560765
1.7712e+07 -1.13095e+12 -4.38674e+12 1.16371e+11 0.139938 0.542833 -0.0143999 4.53168e+12 0.560765
1.77984e+07 -1.13095e+12 -4.38674e+12 1.16371e+11 0.139938 0.542833 -0.0143999 4.53168e+12 0.560765
1.78848e+07 -1.13095e+12 -4.38674e+12 1.16371e+11 0.139938 0.542833 -0.0143999 4.53168e+12 0.560765
1.79712e+07 -1.13095e+12 -4.38674e+12 1.16371e+11 0.139938 0.542833 -0.0143999 4.53168e+12 0.560765
1.80576e+07 -1.13095e+12 -4.38674e+12 1.16371e+11 0.139938 0.542833 -0.0143999 4.53168e+12 0.560765
1.8144e+07 -1.13095e+12 -4.38674e+12 1.16371e+11 0.139938 0.542833 -0.0143999 4.53168e+12 0.560765
1.82304e+07 -1.13095e+12 -4.38674e+12 1.16371e+11 0.139938 0.542833 -0.0143999 4.53168e+12 0.560765
1.83168e+07 -1.13095e+12 -4.38674e+12 1.16371e+11 0.139938 0.542833 -0.0143999 4.53168e+12 0.560765
1.84032e+07 -1.13095e+12 -4.38674e+12 1.16371e+11 0.139938 0.542833 -0.0143999 4.53168e+12 0.560765
1.84896e+07 -1.13095e+12 -4.38674e+12 1.16371e+11 0.139938 0.542833 -0.0143999 4.53168e+12 0.560765
1.8576e+07 -1.13095e+12 -4.38674e+12 1.16371e+11 0.139938 0.542833 -0.0143999 4.53168e+12 0.560765
1.86624e+07 -1.13095e+12 -4.38674e+12 1.16371e+11 0.139938 0.542833 -0.0143999 4.53168e+12 0.560765
1.87488e+07 -1.13095e+12 -4.38674e+12 1.16371e+11 0.139938 0.542833 -0.0143999 4.53168e+12 0.560765
1.88352e+07 -1.13095e+12 -4.38674e+12 1.16371e+11 0.139938 0.542833 -0.0143999 4.53168e+12 0.560765
1.89216e+07 -1.13095e+12 -4.38674e+12 1.16371e+11 0.139938 0.542833 -0.0143999 4.53168e+12 0.560765
1.9008e+07 -1.13095e+12 -4.38674e+12 1.16371e+11 0.139938 0.542833 -0.0143999 4.53168e+12 0.560765
1.90944e+07 -1.13095e+12 -4.38674e+12 1.16371e+11 0.139938 0.542833 -0.0143999 4.53168e+12 0.560765
1.91808e+07 -1.13095e+12 -4.38674e+12 1.16371e+11 0.139938 0.542833 -0.0143999 4.53168e+12 0.560765
1.92672e+07 -1.13095e+12 -4.38674e+12 1.16371e+11 0.139938 0.542833 -0.0143999 4.53168e+12 0.560765
1.93536e+07 -1.13095e+12 -4.38674e+12 1.16371e+11 0.139938 0.542833 -0.0143999 4.53168e+12 0.560765
1.944e+07 -1.13095e+12 -4.38674e+12 1.16371e+11 0.139938 0.542833 -0.0143999 4.53168e+12 0.560765
1.95264e+07 -1.13095e+12 -4.38674e+12 1.16371e+11 0.139938 0.542833 -0.0143999 4.53168e+12 0.560765
1.96128e+07 -1.13095e+12 -4.38674e+12 1.16371e+11 0.139938 0.542833 -0.0143999 4.53168e+12 0.560765
1.96992e+07 -1.13095e+12 -4.38674e+12 1.16371e+11 0.139938 0.542833 -0.0143999 4.53168e+12 0.560765
1.97856e+07 -1.13095e+12 -4.38674e+12 1.16371e+11 0.139938 0.542833 -0.0143999 4.53168e+12 0.560765
1.9872e+07 -1.13095e+12 -4.38674e+12 1.16371e+11 0.139938 0.542833 -0.0143999 4.53168e+12 0.560765
1.99584e+07 -1.13095e+12 -4.38674e+12 1.16371e+11 0.139938 0.542833 -0.0143999 4.53168e+12 0.560765
2.00448e+07 -1.13095e+12 -4.38674e+12 1.16371e+11 0.139938 0.542833 -0.0143999 4.53168e+12 0.560765
2.01312e+07 -1.13095e+12 -4.38674e+12 1.16371e+11 0.139938 0.542833 -0.0143999 4.53168e+12 0.560765
2.02176e+07 -1.13095e+12 -4.38674e+12 1.16371e+11 0.139938 0.542833 -0.0143999 4.53168e+12 0.560765
2.0304e+07 -1.13095e+12 -4.38674e+12 1.16371e+11 0.139938 0.542833 -0.0143999 4.53168e+12 0.560765
2.03904e+07 -1.13095e+12 -4.38674e+12 1.16371e+11 0.139938 0.542833 -0.0143999 4.53168e+12 0.560765
2.04768e+07 -1.13095e+12 -4.38674e+12 1.16371e+11 0.139938 0.542833 -0.0143999 4.53168e+12 0.560765
2.05632e+07 -1.13095e+12 -4.38674e+12 1.16371e+11 0.139938 0.542833 -0.0143999 4.53168e+12 0.560765
2.06496e+07 -1.13095e+12 -4.38674e+12 1.16371e+11 0.139938 0.542833 -0.0143999 4.53168e+12 0.560765
2.0736e+07 -1.13095e+12 -4.38674e+12 1.16371e+11 0.139938 0.542833 -0.0143999 4.53168e+12 0.560765
2.08224e+07 -1.13095e+12 -4.38674e+12 1.16371e+11 0.139938 0.542833 -0.0143999 4.53168e+12 0.560766
2.09088e+07 -1.13095e+12 -4.38674e+12 1.16371e+11 0.139938 0.542833 -0.0143999 4.53168e+12 0.560766
2.09952e+07 -1.13095e+12 -4.38674e+12 1.16371e+11 0.139938 0.542833 -0.0143999 4.53168e+12 0.560766
2.10816e+07 -1.13095e+12 -4.38674e+12 1.16371e+11 0.139938 0.542833 -0.0143999 4.53168e+12 0.560766
2.1168e+07 -1.13095e+12 -4.38674e+12 1.16371e+11 0.139938 0.542833 -0.0143999 4.53168e+12 0.560766
2.12544e+07 -1.13095e+12 -4.38674e+12 1.16371e+11 0.139938 0.542833 -0.0143999 4.53168e+12 0.560766
2.13408e+07 -1.13095e+12 -4.38674e+12 1.16371e+11 0.139938 0.542833 -0.0143999 4.53168e+12 0.560766
2.14272e+07 -1.13095e+12 -4.38674e+12 1.16371e+11 0.139938 0.542833 -0.0143999 4.53168e+12 0.560766
2.15136e+07 -1.13095e+12 -4.38674e+12 1.16371e+11 0.139938 0.542833 -0.0143999 4.53168e+12 0.560766
2.16e+07 -1.13095e+12 -4.38674e+12 1.16371e+11 0.139938 0.542833 -0.0143999 4.53168e+12 0.560766
2.16864e+07 -1.13095e+12 -4.38674e+12 1.16371e+11 0.139938 0.542833 -0.0143999 4.53168e+12 0.560766
2.17728e+07 -1.13095e+12 -4.38674e+12 1.16371e+11 0.139938 0.542833 -0.0143999 4.53168e+12 0.560766
2.18592e+07 -1.13095e+12 -4.38674e+12 1.16371e+11 0.139938 0.542833 -0.0143999 4.53168e+12 0.560766
2.19456e+07 -1.13095e+12 -4.38674e+12 1.16371e+11 0.139938 0.542833 -0.0143999 4.53168e+12 0.560766
2.2032e+07 -1.13095e+12 -4.38674e+12 1.16371e+11 0.139938 0.542833 -0.0143999 4.53168e+12 0.560766
2.21184e+07 -1.13095e+12 -4.38674e+12 1.16371e+11 0.139938 0.542833 -0.0143999 4.53168e+12 0.560766
2.22048e+07 -1.13095e+12 -4.38674e+12 1.16371e+11 0.139938 0.542833 -0.0143999 4.53168e+12 0.560766
2.22912e+07 -1.13095e+12 -4.38674e+12 1.16371e+11 0.139938 0.542833 -0.0143999 4.53168e+12 0.560766
2.23776e+07 -1.13095e+12 -4.38674e+12 1.16371e+11 0.139938 0.542833 -0.0143999 4.53168e+12 0.560766
2.2464e+07 -1.13095e+12 -4.38674e+12 1.16371e+11 0.139938 0.542833 -0.0143999 4.53168e+12 0.560766
2.25504e+07 -1.13095e+12 -4.38674e+12 1.16371e+11 0.139938 0.542833 -0.0143999 4.53168e+12 0.560766
2.26368e+07 -1.13095e+12 -4.38674e+12 1.16371e+11 0.139938 0.542833 -0.0143999 4.53168e+12 0.560766
2.27232e+07 -1.13095e+12 -4.38674e+12 1.16371e+11 0.139938 0.542833 -0.0143999 4.53168e+12 0.560766
2.28096e+07 -1.13095e+12 -4.38674e+12 1.16371e+11 0.139938 0.542833 -0.0143999 4.53168e+12 0.560766
2.2896e+07 -1.13095e+12 -4.38674e+12 1.16371e+11 0.139938 0.542833 -0.0143999 4.53168e+12 0.560766
2.29824e+07 -1.13095e+12 -4.38674e+12 1.16371e+11 0.139938 0.542833 -0.0143999 4.53168e+12 0.560766
2.30688e+07 -1.13095e+12 -4.38674e+12 1.16371e+11 0.139938 0.542833 -0.0143999 4.53168e+12 0.560766
2.31552e+07 -1.13095e+12 -4.38674e+12 1.16371e+11 0.139938 0.542833 -0.0143999 4.53168e+12 0.560766
2.32416e+07 -1.13095e+12 -4.38674e+12 1.16371e+11 0.139938 0.542833 -0.0143999 4.53168e+12 0.560766
2.3328e+07 -1.13095e+12 -4.38674e+12 1.16371e+11 0.139938 0.542833 -0.0143999 4.53168e+12 0.560766
2.34144e+07 -1.13095e+12 -4.38674e+12 1.16371e+11 0.139938 0.542833 -0.0143999 4.53167e+12 0.560766
2.35008e+07 -1.13094e+12 -4.38674e+12 1.16371e+11 0.139938 0.542833 -0.0143999 4.53167e+12 0.560766
2.35872e+07 -1.13094e+12 -4.38674e+12 1.16371e+11 0.139938 0.542833 -0.0143999 4.53167e+12 0.560766
2.36736e+07 -1.13094e+12 -4.38674e+12 1.16371e+11 0.139938 0.542833 -0.0143999 4.53167e+12 0.560766
2.376e+07 -1.13094e+12 -4.38674e+12 1.16371e+11 0.139938 0.542833 -0.0143999 4.53167e+12 0.560766
2.38464e+07 -1.13094e+12 -4.38674e+12 1.16371e+11 0.139938 0.542833 -0.0143999 4.53167e+12 0.560766
2.39328e+07 -1.13094e+12 -4.38674e+12 1.16371e+11 0.139938 0.542833 -0.0143999 4.53167e+12 0.560766
2.40192e+07 -1.13094e+12 -4.38674e+12 1.16371e+11 0.139938 0.542833 -0.0143999 4.53167e+12 0.560766
2.41056e+07 -1.13094e+12 -4.38674e+12 1.16371e+11 0.139938 0.542833 -0.0143999 4.53167e+12 0.560766
2.4192e+07 -1.13094e+12 -4.38674e+12 1.16371e+11 0.139938 0.542833 -0.0143999 4.53167e+12 0.560766
2.42784e+07 -1.13094e+12 -4.38674e+12 1.16371e+11 0.139938 0.542834 -0.0143999 4.53167e+12 0.560766
2.43648e+07 -1.13094e+12 -4.38674e+12 1.16371e+11 0.139939 0.542834 -0.0144 4.53167e+12 0.560767
2.44512e+07 -1.13094e+12 -4.38674e+12 1.16371e+11 0.139939 0.542834 -0.0144 4.53167e+12 0.560767
2.45376e+07 -1.13094e+12 -4.38674e+12 1.16371e+11 0.139939 0.542834 -0.0144 4.53167e+12 0.560767
2.4624e+07 -1.13094e+12 -4.38674e+12 1.16371e+11 0.139939 0.542834 -0.0144 4.53167e+12 0.560767
2.47104e+07 -1.13094e+12 -4.38674e+12 1.16371e+11 0.139939 0.542834 -0.0144 4.53167e+12 0.560767
2.47968e+07 -1.13094e+12 -4.38674e+12 1.16371e+11 0.139939 0.542834 -0.0144 4.53167e+12 0.560767
2.48832e+07 -1.13094e+12 -4.38674e+12 1.16371e+11 0.139939 0.542834 -0.0144 4.53167e+12 0.560767
2.49696e+07 -1.13094e+12 -4.38674e+12 1.16371e+11 0.139939 0.542834 -0.0144 4.53167e+12 0.560767
2.5056e+07 -1.13094e+12 -4.38674e+12 1.16371e+11 0.139939 0.542834 -0.0144 4.53167e+12 0.560767
2.51424e+07 -1.13094e+12 -4.38674e+12 1.16371e+11 0.139939 0.542834 -0.0144 4.53167e+12 0.560767
2.52288e+07 -1.13094e+12 -4.38674e+12 1.16371e+11 0.139939 0.542834 -0.0144 4.53167e+12 0.560767
2.53152e+07 -1.13094e+12 -4.38674e+12 1.16371e+11 0.139939 0.542834 -0.0144 4.53167e+12 0.560767
2.54016e+07 -1.13094e+12 -4.38674e+12 1.16371e+11 0.139939 0.542834 -0.0144001 4.53167e+12 0.560767
2.5488e+07 -1.13094e+12 -4.38674e+12 1.16371e+11 0.139939 0.542834 -0.0144001 4.53167e+12 0.560767
2.55744e+07 -1.13094e+12 -4.38674e+12 1.16371e+11 0.139939 0.542834 -0.0144001 4.53167e+12 0.560767
2.56608e+07 -1.13094e+12 -4.38674e+12 1.16371e+11 0.139939 0.542834 -0.0144001 4.53167e+12 0.560767
2.57472e+07 -1.13094e+12 -4.38674e+12 1.16371e+11 0.139939 0.542834 -0.0144001 4.53167e+12 0.560767
2.58336e+07 -1.13094e+12 -4.38674e+12 1.16371e+11 0.139939 0.542835 -0.0144001 4.53167e+12 0.560767
2.592e+07 -1.13094e+12 -4.38674e+12 1.16371e+11 0.139939 0.542835 -0.0144001 4.53167e+12 0.560767
2.60064e+07 -1.13094e+12 -4.38674e+12 1.16371e+11 0.139939 0.542835 -0.0144001 4.53167e+12 0.560767
2.60928e+07 -1.13094e+12 -4.38674e+12 1.16371e+11 0.139939 0.542835 -0.0144001 4.53167e+12 0.560767
2.61792e+07 -1.13094e+12 -4.38674e+12 1.16371e+11 0.139939 0.542835 -0.0144001 4.53167e+12 0.560767
2.62656e+07 -1.13094e+12 -4.38674e+12 1.16371e+11 0.139939 0.542835 -0.0144001 4.53167e+12 0.560767
2.6352e+07 -1.13094e+12 -4.38674e+12 1.16371e+11 0.139939 0.542835 -0.0144001 4.53167e+12 0.560767
2.64384e+07 -1.13094e+12 -4.38674e+12 1.16371e+11 0.139939 0.542835 -0.0144001 4.53167e+12 0.560767
2.65248e+07 -1.13094e+12 -4.38674e+12 1.16371e+11 0.139939 0.542835 -0.0144001 4.53167e+12 0.560767
2.66112e+07 -1.13094e+12 -4.38674e+12 1.16371e+11 0.139939 0.542835 -0.0144001 4.53167e+12 0.560767
2.66976e+07 -1.13094e+12 -4.38674e+12 1.16371e+11 0.139939 0.542835 -0.0144001 4.53167e+12 0.560767
2.6784e+07 -1.13094e+12 -4.38674e+12 1.16371e+11 0.139939 0.542835 -0.0144001 4.53167e+12 0.560767
2.68704e+07 -1.13094e+12 -4.38674e+12 1.16371e+11 0.139939 0.542835 -0.0144001 4.53167e+12 0.560767
2.69568e+07 -1.13094e+12 -4.38674e+12 1.16371e+11 0.139939 0.542835 -0.0144001 4.53167e+12 0.560767
2.70432e+07 -1.13094e+12 -4.38674e+12 1.16371e+11 0.139939 0.542835 -0.0144001 4.53167e+12 0.560767
2.71296e+07 -1.13094e+12 -4.38674e+12 1.16371e+11 0.139939 0.542835 -0.0144001 4.53167e+12 0.560767
2.7216e+07 -1.13094e+12 -4.38674e+12 1.16371e+11 0.139939 0.542835 -0.0144001 4.53167e+12 0.560767
2.73024e+07 -1.13094e+12 -4.38674e+12 1.16371e+11 0.139939 0.542835 -0.0144001 4.53167e+12 0.560767
2.73888e+07 -1.13094e+12 -4.38674e+12 1.16371e+11 0.139939 0.542835 -0.0144001 4.53167e+12 0.560767
2.74752e+07 -1.13094e+12 -4.38674e+12 1.16371e+11 0.139939 0.542835 -0.0144001 4.53167e+12 0.560767
2.75616e+07 -1.13094e+12 -4.38674e+12 1.16371e+11 0.139939 0.542835 -0.0144001 4.53167e+12 0.560767
2.7648e+07 -1.13094e+12 -4.38674e+12 1.16371e+11 0.139939 0.542835 -0.0144001 4.53167e+12 0.560767
2.77344e+07 -1.13094e+12 -4.38674e+12 1.16371e+11 0.139939 0.542835 -0.0144001 4.53167e+12 0.560767
2.78208e+07 -1.13094e+12 -4.38674e+12 1.16371e+11 0.139939 0.542835 -0.0144001 4.53167e+12 0.560767
2.79072e+07 -1.13094e+12 -4.38674e+12 1.16371e+11 0.139939 0.542835 -0.0144001 4.53167e+12 0.560767
2.79936e+07 -1.13094e+12 -4.38674e+12 1.16371e+11 0.139939 0.542835 -0.0144001 4.53167e+12 0.560767
2.808e+07 -1.13094e+12 -4.38674e+12 1.16371e+11 0.139939 0.542835 -0.0144001 4.53167e+12 0.560767
2.81664e+07 -1.13094e+12 -4.38674e+12 1.16371e+11 0.139939 0.542835 -0.0144001 4.53167e+12 0.560767
2.82528e+07 -1.13094e+12 -4.38674e+12 1.16371e+11 0.139939 0.542835 -0.0144001 4.53167e+12 0.560767
2.83392e+07 -1.13094e+12 -4.38674e+12 1.16371e+11 0.139939 0.542835 -0.0144001 4.53167e+12 0.560767
2.84256e+07 -1.13094e+12 -4.38674e+12 1.16371e+11 0.139939 0.542835 -0.0144001 4.53167e+12 0.560767
2.8512e+07 -1.13094e+12 -4.38674e+12 1.16371e+11 0.139939 0.542835 -0.0144001 4.53167e+12 0.560767
2.85984e+07 -1.13094e+12 -4.38674e+12 1.16371e+11 0.139939 0.542835 -0.0144001 4.53167e+12 0.560767
2.86848e+07 -1.13094e+12 -4.38674e+12 1.16371e+11 0.139939 0.542835 -0.0144001 4.53167e+12 0.560767
2.87712e+07 -1.13094e+12 -4.38674e+12 1.16371e+11 0.139939 0.542835 -0.0144001 4.53167e+12 0.560767
2.88576e+07 -1.13094e+12 -4.38674e+12 1.16371e+11 0.139939 0.542835 -0.0144001 4.53167e+12 0.560767
2.8944e+07 -1.13094e+12 -4.38674e+12 1.16371e+11 0.139939 0.542835 -0.0144001 4.53167e+12 0.560767
2.90304e+07 -1.13094e+12 -4.38674e+12 1.16371e+11 0.139939 0.542835 -0.0144001 4.53167e+12 0.560767
2.91168e+07 -1.13094e+12 -4.38674e+12 1.16371e+11 0.139939 0.542835 -0.0144001 4.53167e+12 0.560767
2.92032e+07 -1.13094e+12 -4.38674e+12 1.16371e+11 0.139939 0.542835 -0.0144001 4.53167e+12 0.560767
2.92896e+07 -1.13094e+12 -4.38674e+12 1.16371e+11 0.139939 0.542835 -0.0144001 4.53167e+12 0.560767
2.9376e+07 -1.13094e+12 -4.38674e+12 1.16371e+11 0.139939 0.542835 -0.0144001 4.53167e+12 0.560767
2.94624e+07 -1.13094e+12 -4.38674e+12 1.16371e+11 0.139939 0.542835 -0.0144001 4.53167e+12 0.560767
2.95488e+07 -1.13094e+12 -4.38674e+12 1.16371e+11 0.139939 0.542835 -0.0144001 4.53167e+12 0.560767
2.96352e+07 -1.13094e+12 -4.38674e+12 1.16371e+11 0.139939 0.542835 -0.0144001 4.53167e+12 0.560767
2.97216e+07 -1.13094e+12 -4.38674e+12 1.16371e+11 0.139939 0.542835 -0.0144001 4.53167e+12 0.560767
2.9808e+07 -1.13094e+12 -4.38674e+12 1.16371e+11 0.139939 0.542835 -0.0144001 4.53167e+12 0.560767
2.98944e+07 -1.13094e+12 -4.38674e+12 1.16371e+11 0.139939 0.542835 -0.0144001 4.53167e+12 0.560767
2.99808e+07 -1.13094e+12 -4.38674e+12 1.16371e+11 0.139939 0.542835 -0.0144001 4.53167e+12 0.560767
3.00672e+07 -1.13094e+12 -4.38674e+12 1.16371e+11 0.139939 0.542835 -0.0144001 4.53167e+12 0.560767
3.01536e+07 -1.13094e+12 -4.38674e+12 1.16371e+11 0.139939 0.542835 -0.0144001 4.53167e+12 0.560767
3.024e+07 -1.13094e+12 -4.38674e+12 1.16371e+11 0.139939 0.542835 -0.0144001 4.53167e+12 0.560767
3.03264e+07 -1.13094e+12 -4.38674e+12 1.16371e+11 0.139939 0.542835 -0.0144001 4.53167e+12 0.560767
3.04128e+07 -1.13094e+12 -4.38674e+12 1.16371e+11 0.139939 0.542835 -0.0144001 4.53167e+12 0.560767
3.04992e+07 -1.13094e+12 -4.38674e+12 1.16371e+11 0.139939 0.542835 -0.0144001 4.53167e+12 0.560767
3.05856e+07 -1.13094e+12 -4.38674e+12 1.16371e+11 0.139939 0.542835 -0.0144001 4.53167e+12 0.560767
3.0672e+07 -1.13094e+12 -4.38674e+12 1.16371e+11 0.139939 0.542835 -0.0144001 4.53167e+12 0.560767
3.07584e+07 -1.13094e+12 -4.38674e+12 1.16371e+11 0.139939 0.542835 -0.0144001 4.53167e+12 0.560767
3.08448e+07 -1.13094e+12 -4.38674e+12 1.16371e+11 0.139939 0.542835 -0.0144001 4.53167e+12 0.560767
3.09312e+07 -1.13094e+12 -4.38674e+12 1.16371e+11 0.139939 0.542835 -0.0144001 4.53167e+12 0.560767
3.10176e+07 -1.13094e+12 -4.38674e+12 1.16371e+11 0.139939 0.542835 -0.0144001 4.53167e+12 0.560767
3.1104e+07 -1.13094e+12 -4.38674e+12 1.16371e+11 0.139939 0.542835 -0.0144001 4.53167e+12 0.560767
3.11904e+07 -1.13094e+12 -4.38674e+12 1.16371e+11 0.139939 0.542835 -0.0144001 4.53167e+12 0.560767
3.12768e+07 -1.13094e+12 -4.38674e+12 1.16371e+11 0.139939 0.542835 -0.0144001 4.53167e+12 0.560767
3.13632e+07 -1.13094e+12 -4.38674e+12 1.16371e+11 0.139939 0.542835 -0.0144001 4.53167e+12 0.560767
3.14496e+07 -1.13094e+12 -4.38674e+12 1.16371e+11 0.139939 0.542835 -0.0144001 4.53167e+12 0.560767
