0 1.28966e+11 -8.02266e+10 9.35598e+07 17636.9 34605.1 3294.77 1.51883e+11 38979.8
86400 1.30476e+11 -7.72178e+10 3.77641e+08 17183.1 34785.4 3265.44 1.51613e+11 38935.1
172800 1.30461e+11 -7.71988e+10 3.78103e+08 -387.763 337.704 0.856494 1.51591e+11 514.203
259200 1.30442e+11 -7.71886e+10 3.77719e+08 -440.603 234.43 -8.93425 1.5157e+11 499.168
345600 1.30423e+11 -7.71785e+10 3.77332e+08 -440.893 234.155 -8.97578 1.51548e+11 499.295
432000 1.30404e+11 -7.71684e+10 3.76944e+08 -441.024 234.189 -8.98807 1.51527e+11 499.428
518400 1.30385e+11 -7.71583e+10 3.76556e+08 -441.156 234.224 -9.00024 1.51505e+11 499.56
604800 1.30366e+11 -7.71482e+10 3.76167e+08 -441.288 234.259 -9.01235 1.51484e+11 499.693
691200 1.30347e+11 -7.71381e+10 3.75777e+08 -441.419 234.294 -9.02437 1.51462e+11 499.826
777600 1.30328e+11 -7.7128e+10 3.75388e+08 -441.551 234.329 -9.03627 1.51441e+11 499.959
864000 1.30309e+11 -7.71179e+10 3.74997e+08 -441.683 234.364 -9.04799 1.51419e+11 500.093
950400 1.3029e+11 -7.71078e+10 3.74606e+08 -441.816 234.4 -9.05946 1.51398e+11 500.226
1.0368e+06 1.30271e+11 -7.70977e+10 3.74215e+08 -441.948 234.436 -9.07052 1.51376e+11 500.36
1.1232e+06 1.30252e+11 -7.70875e+10 3.73823e+08 -442.081 234.473 -9.08081 1.51354e+11 500.495
1.2096e+06 1.30233e+11 -7.70774e+10 3.7343e+08 -441.979 235.057 -8.99629 1.51333e+11 500.678
1.296e+06 1.30214e+11 -7.70672e+10 3.73073e+08 -442.087 236.219 -8.25934 1.51311e+11 501.306
1.3824e+06 1.30195e+11 -7.7057e+10 3.72717e+08 -442.218 236.263 -8.26691 1.5129e+11 501.443
1.4688e+06 1.30175e+11 -7.70468e+10 3.72359e+08 -442.35 236.301 -8.2786 1.51268e+11 501.578
1.5552e+06 1.30156e+11 -7.70366e+10 3.72002e+08 -442.482 236.34 -8.29035 1.51246e+11 501.712
1.6416e+06 1.30137e+11 -7.70264e+10 3.71644e+08 -442.614 236.378 -8.30215 1.51225e+11 501.847
1.728e+06 1.30118e+11 -7.70162e+10 3.71285e+08 -442.746 236.416 -8.31401 1.51203e+11 501.981
1.8144e+06 1.30099e+11 -7.7006e+10 3.70926e+08 -442.878 236.453 -8.32591 1.51181e+11 502.116
1.9008e+06 1.3008e+11 -7.69958e+10 3.70566e+08 -443.01 236.491 -8.33787 1.5116e+11 502.251
1.9872e+06 1.30061e+11 -7.69856e+10 3.70206e+08 -443.143 236.529 -8.34987 1.51138e+11 502.385
2.0736e+06 1.30042e+11 -7.69754e+10 3.69845e+08 -443.275 236.566 -8.36193 1.51116e+11 502.52
2.16e+06 1.30023e+11 -7.69652e+10 3.69484e+08 -443.408 236.604 -8.37404 1.51095e+11 502.655
2.2464e+06 1.30003e+11 -7.6955e+10 3.69122e+08 -443.541 236.641 -8.38621 1.51073e+11 502.79
2.3328e+06 1.29984e+11 -7.69448e+10 3.6876e+08 -443.674 236.678 -8.39842 1.51051e+11 502.925
2.4192e+06 1.29965e+11 -7.69346e+10 3.68397e+08 -443.807 236.715 -8.41069 1.5103e+11 503.06
2.5056e+06 1.29946e+11 -7.69243e+10 3.68034e+08 -443.94 236.752 -8.42301 1.51008e+11 503.195
2.592e+06 1.29927e+11 -7.69141e+10 3.6767e+08 -444.073 236.789 -8.43539 1.50986e+11 503.33
2.6784e+06 1.29908e+11 -7.69039e+10 3.67305e+08 -444.207 236.826 -8.44782 1.50965e+11 503.465
2.7648e+06 1.29888e+11 -7.68937e+10 3.6694e+08 -444.34 236.862 -8.46031 1.50943e+11 503.6
2.8512e+06 1.29869e+11 -7.68835e+10 3.66575e+08 -444.474 236.899 -8.47285 1.50921e+11 503.736
2.9376e+06 1.2985e+11 -7.68732e+10 3.66209e+08 -444.607 236.935 -8.48544 1.509e+11 503.871
3.024e+06 1.29831e+11 -7.6863e+10 3.65842e+08 -444.741 236.971 -8.49809 1.50878e+11 504.006
3.1104e+06 1.29812e+11 -7.68528e+10 3.65475e+08 -444.875 237.008 -8.5108 1.50856e+11 504.142
3.1968e+06 1.29793e+11 -7.68426e+10 3.65107e+08 -445.009 237.044 -8.52357 1.50834e+11 504.277
3.2832e+06 1.29773e+11 -7.68323e+10 3.64739e+08 -445.144 237.079 -8.53639 1.50813e+11 504.413
3.3696e+06 1.29754e+11 -7.68221e+10 3.6437e+08 -445.278 237.115 -8.54927 1.50791e+11 504.549
3.456e+06 1.29735e+11 -7.68119e+10 3.64001e+08 -445.413 237.151 -8.56221 1.50769e+11 504.684
3.5424e+06 1.29716e+11 -7.68016e+10 3.63631e+08 -445.547 237.186 -8.5752 1.50747e+11 504.82
3.6288e+06 1.29696e+11 -7.67914e+10 3.6326e+08 -445.682 237.222 -8.58826 1.50726e+11 504.956
3.7152e+06 1.29677e+11 -7.67812e+10 3.62889e+08 -445.817 237.257 -8.60137 1.50704e+11 505.091
3.8016e+06 1.29658e+11 -7.67709e+10 3.62518e+08 -445.952 237.292 -8.61454 1.50682e+11 505.227
3.888e+06 1.29639e+11 -7.67607e+10 3.62146e+08 -446.087 237.327 -8.62778 1.5066e+11 505.363
3.9744e+06 1.29619e+11 -7.67504e+10 3.61773e+08 -446.222 237.362 -8.64107 1.50639e+11 505.499
4.0608e+06 1.296e+11 -7.67402e+10 3.61399e+08 -446.357 237.397 -8.65443 1.50617e+11 505.635
4.1472e+06 1.29581e+11 -7.673e+10 3.61026e+08 -446.493 237.431 -8.66784 1.50595e+11 505.771
4.2336e+06 1.29562e+11 -7.67197e+10 3.60651e+08 -446.629 237.465 -8.68132 1.50573e+11 505.907
4.32e+06 1.29542e+11 -7.67095e+10 3.60276e+08 -446.764 237.5 -8.69486 1.50551e+11 506.044
4.4064e+06 1.29523e+11 -7.66992e+10 3.599e+08 -446.9 237.534 -8.70846 1.5053e+11 506.18
4.4928e+06 1.29504e+11 -7.6689e+10 3.59524e+08 -447.036 237.568 -8.72213 1.50508e+11 506.316
4.5792e+06 1.29485e+11 -7.66787e+10 3.59147e+08 -447.172 237.602 -8.73586 1.50486e+11 506.452
4.6656e+06 1.29465e+11 -7.66685e+10 3.5877e+08 -447.308 237.635 -8.74966 1.50464e+11 506.589
4.752e+06 1.29446e+11 -7.66582e+10 3.58392e+08 -447.445 237.669 -8.76352 1.50442e+11 506.725
4.8384e+06 1.29427e+11 -7.66479e+10 3.58013e+08 -447.581 237.702 -8.77744 1.5042e+11 506.862
4.9248e+06 1.29407e+11 -7.66377e+10 3.57634e+08 -447.718 237.736 -8.79143 1.50399e+11 506.998
5.0112e+06 1.29388e+11 -7.66274e+10 3.57254e+08 -447.855 237.769 -8.80549 1.50377e+11 507.135
5.0976e+06 1.29369e+11 -7.66172e+10 3.56873e+08 -447.992 237.802 -8.81961 1.50355e+11 507.271
5.184e+06 1.29349e+11 -7.66069e+10 3.56492e+08 -448.129 237.835 -8.8338 1.50333e+11 507.408
5.2704e+06 1.2933e+11 -7.65966e+10 3.56111e+08 -448.266 237.867 -8.84806 1.50311e+11 507.544
5.3568e+06 1.29311e+11 -7.65864e+10 3.55728e+08 -448.403 237.9 -8.86239 1.50289e+11 507.681
5.4432e+06 1.29291e+11 -7.65761e+10 3.55345e+08 -448.541 237.932 -8.87678 1.50267e+11 507.818
5.5296e+06 1.29272e+11 -7.65658e+10 3.54962e+08 -448.678 237.964 -8.89125 1.50245e+11 507.955
5.616e+06 1.29253e+11 -7.65556e+10 3.54578e+08 -448.816 237.996 -8.90578 1.50223e+11 508.092
5.7024e+06 1.29233e+11 -7.65453e+10 3.54193e+08 -448.954 238.028 -8.92039 1.50202e+11 508.229
5.7888e+06 1.29214e+11 -7.6535e+10 3.53808e+08 -449.092 238.06 -8.93506 1.5018e+11 508.366
5.8752e+06 1.29194e+11 -7.65247e+10 3.53421e+08 -449.23 238.091 -8.94981 1.50158e+11 508.503
5.9616e+06 1.29175e+11 -7.65145e+10 3.53035e+08 -449.368 238.123 -8.96463 1.50136e+11 508.64
6.048e+06 1.29156e+11 -7.65042e+10 3.52647e+08 -449.506 238.154 -8.97952 1.50114e+11 508.777
6.1344e+06 1.29136e+11 -7.64939e+10 3.52259e+08 -449.645 238.185 -8.99449 1.50092e+11 508.914
6.2208e+06 1.29117e+11 -7.64836e+10 3.51871e+08 -449.783 238.216 -9.00953 1.5007e+11 509.051
6.3072e+06 1.29097e+11 -7.64734e+10 3.51481e+08 -449.922 238.246 -9.02464 1.50048e+11 509.188
6.3936e+06 1.29078e+11 -7.64631e+10 3.51091e+08 -450.061 238.277 -9.03983 1.50026e+11 509.326
6.48e+06 1.29059e+11 -7.64528e+10 3.50701e+08 -450.2 238.307 -9.05509 1.50004e+11 509.463
6.5664e+06 1.29039e+11 -7.64425e+10 3.5031e+08 -450.339 238.337 -9.07043 1.49982e+11 509.6
6.6528e+06 1.2902e+11 -7.64322e+10 3.49918e+08 -450.479 238.367 -9.08585 1.4996e+11 509.738
6.7392e+06 1.29e+11 -7.64219e+10 3.49525e+08 -450.618 238.397 -9.10135 1.49938e+11 509.875
6.8256e+06 1.28981e+11 -7.64117e+10 3.49132e+08 -450.758 238.426 -9.11692 1.49916e+11 510.012
6.912e+06 1.28961e+11 -7.64014e+10 3.48738e+08 -450.897 238.456 -9.13257 1.49894e+11 510.15
6.9984e+06 1.28942e+11 -7.63911e+10 3.48343e+08 -451.037 238.485 -9.1483 1.49872e+11 510.287
7.0848e+06 1.28922e+11 -7.63808e+10 3.47948e+08 -451.177 238.514 -9.16411 1.4985e+11 510.425
7.1712e+06 1.28903e+11 -7.63705e+10 3.47552e+08 -451.317 238.543 -9.18001 1.49828e+11 510.563
7.2576e+06 1.28883e+11 -7.63602e+10 3.47155e+08 -451.458 238.571 -9.19598 1.49806e+11 510.7
7.344e+06 1.28864e+11 -7.63499e+10 3.46758e+08 -451.598 238.6 -9.21203 1.49784e+11 510.838
7.4304e+06 1.28844e+11 -7.63396e+10 3.4636e+08 -451.739 238.628 -9.22817 1.49762e+11 510.976
7.5168e+06 1.28825e+11 -7.63293e+10 3.45961e+08 -451.879 238.656 -9.24439 1.4974e+11 511.114
7.6032e+06 1.28805e+11 -7.6319e+10 3.45561e+08 -452.02 238.684 -9.2607 1.49718e+11 511.251
7.6896e+06 1.28786e+11 -7.63087e+10 3.45161e+08 -452.161 238.711 -9.27709 1.49696e+11 511.389
7.776e+06 1.28766e+11 -7.62984e+10 3.4476e+08 -452.302 238.739 -9.29356 1.49674e+11 511.527
7.8624e+06 1.28747e+11 -7.62881e+10 3.44359e+08 -452.444 238.766 -9.31012 1.49652e+11 511.665
7.9488e+06 1.28727e+11 -7.62778e+10 3.43956e+08 -452.585 238.793 -9.32677 1.4963e+11 511.803
8.0352e+06 1.28708e+11 -7.62675e+10 3.43553e+08 -452.727 238.819 -9.34351 1.49608e+11 511.941
8.1216e+06 1.28688e+11 -7.62572e+10 3.4315e+08 -452.869 238.846 -9.36033 1.49586e+11 512.079
8.208e+06 1.28669e+11 -7.62469e+10 3.42745e+08 -453.01 238.872 -9.37725 1.49564e+11 512.217
8.2944e+06 1.28649e+11 -7.62366e+10 3.4234e+08 -453.152 238.898 -9.39425 1.49542e+11 512.355
8.3808e+06 1.2863e+11 -7.62263e+10 3.41934e+08 -453.295 238.924 -9.41135 1.4952e+11 512.493
8.4672e+06 1.2861e+11 -7.6216e+10 3.41527e+08 -453.437 238.95 -9.42853 1.49498e+11 512.631
8.5536e+06 1.28591e+11 -7.62056e+10 3.4112e+08 -453.579 238.975 -9.44581 1.49476e+11 512.77
8.64e+06 1.28571e+11 -7.61953e+10 3.40711e+08 -453.722 239 -9.46318 1.49453e+11 512.908
8.7264e+06 1.28551e+11 -7.6185e+10 3.40302e+08 -453.865 239.025 -9.48064 1.49431e+11 513.046
8.8128e+06 1.28532e+11 -7.61747e+10 3.39893e+08 -454.008 239.05 -9.4982 1.49409e+11 513.184
8.8992e+06 1.28512e+11 -7.61644e+10 3.39482e+08 -454.151 239.074 -9.51586 1.49387e+11 513.323
8.9856e+06 1.28493e+11 -7.61541e+10 3.39071e+08 -454.294 239.098 -9.53361 1.49365e+11 513.461
9.072e+06 1.28473e+11 -7.61437e+10 3.38659e+08 -454.438 239.122 -9.55146 1.49343e+11 513.599
9.1584e+06 1.28453e+11 -7.61334e+10 3.38246e+08 -454.581 239.146 -9.56941 1.49321e+11 513.738
9.2448e+06 1.28434e+11 -7.61231e+10 3.37833e+08 -454.725 239.17 -9.58745 1.49299e+11 513.876
9.3312e+06 1.28414e+11 -7.61128e+10 3.37418e+08 -454.869 239.193 -9.6056 1.49276e+11 514.015
9.4176e+06 1.28394e+11 -7.61025e+10 3.37003e+08 -455.013 239.216 -9.62384 1.49254e+11 514.153
9.504e+06 1.28375e+11 -7.60921e+10 3.36587e+08 -455.157 239.238 -9.64219 1.49232e+11 514.291
9.5904e+06 1.28355e+11 -7.60818e+10 3.36171e+08 -455.301 239.261 -9.66064 1.4921e+11 514.43
9.6768e+06 1.28336e+11 -7.60715e+10 3.35753e+08 -455.446 239.283 -9.67919 1.49188e+11 514.569
9.7632e+06 1.28316e+11 -7.60612e+10 3.35335e+08 -455.59 239.305 -9.69785 1.49166e+11 514.707
9.8496e+06 1.28296e+11 -7.60508e+10 3.34916e+08 -455.735 239.327 -9.71661 1.49143e+11 514.846
9.936e+06 1.28277e+11 -7.60405e+10 3.34496e+08 -455.88 239.348 -9.73548 1.49121e+11 514.984
1.00224e+07 1.28257e+11 -7.60302e+10 3.34075e+08 -456.025 239.369 -9.75446 1.49099e+11 515.123
1.01088e+07 1.28237e+11 -7.60199e+10 3.33653e+08 -456.17 239.39 -9.77354 1.49077e+11 515.262
1.01952e+07 1.28218e+11 -7.60095e+10 3.33231e+08 -456.316 239.41 -9.79274 1.49055e+11 515.4
1.02816e+07 1.28198e+11 -7.59992e+10 3.32808e+08 -456.461 239.431 -9.81204 1.49032e+11 515.539
1.0368e+07 1.28178e+11 -7.59889e+10 3.32383e+08 -456.607 239.451 -9.83146 1.4901e+11 515.678
1.04544e+07 1.28158e+11 -7.59785e+10 3.31959e+08 -456.753 239.47 -9.85098 1.48988e+11 515.816
1.05408e+07 1.28139e+11 -7.59682e+10 3.31533e+08 -456.899 239.49 -9.87062 1.48966e+11 515.955
1.06272e+07 1.28119e+11 -7.59579e+10 3.31106e+08 -457.046 239.509 -9.89038 1.48944e+11 516.094
1.07136e+07 1.28099e+11 -7.59475e+10 3.30679e+08 -457.192 239.527 -9.91025 1.48921e+11 516.233
1.08e+07 1.2808e+11 -7.59372e+10 3.3025e+08 -457.339 239.546 -9.93024 1.48899e+11 516.371
1.08864e+07 1.2806e+11 -7.59269e+10 3.29821e+08 -457.485 239.564 -9.95034 1.48877e+11 516.51
1.09728e+07 1.2804e+11 -7.59165e+10 3.29391e+08 -457.632 239.582 -9.97056 1.48855e+11 516.649
1.10592e+07 1.2802e+11 -7.59062e+10 3.2896e+08 -457.779 239.599 -9.99091 1.48832e+11 516.788
1.11456e+07 1.28001e+11 -7.58958e+10 3.28528e+08 -457.927 239.617 -10.0114 1.4881e+11 516.927
1.1232e+07 1.27981e+11 -7.58855e+10 3.28096e+08 -458.074 239.634 -10.032 1.48788e+11 517.066
1.13184e+07 1.27961e+11 -7.58752e+10 3.27662e+08 -458.222 239.65 -10.0527 1.48765e+11 517.204
1.14048e+07 1.27941e+11 -7.58648e+10 3.27227e+08 -458.369 239.666 -10.0735 1.48743e+11 517.343
1.14912e+07 1.27921e+11 -7.58545e+10 3.26792e+08 -458.517 239.682 -10.0945 1.48721e+11 517.482
1.15776e+07 1.27902e+11 -7.58441e+10 3.26356e+08 -458.666 239.698 -10.1155 1.48699e+11 517.621
1.1664e+07 1.27882e+11 -7.58338e+10 3.25918e+08 -458.814 239.713 -10.1368 1.48676e+11 517.76
1.17504e+07 1.27862e+11 -7.58234e+10 3.2548e+08 -458.962 239.728 -10.1581 1.48654e+11 517.899
1.18368e+07 1.27842e+11 -7.58131e+10 3.25041e+08 -459.111 239.743 -10.1796 1.48632e+11 518.038
1.19232e+07 1.27822e+11 -7.58028e+10 3.24601e+08 -459.26 239.757 -10.2012 1.48609e+11 518.177
1.20096e+07 1.27803e+11 -7.57924e+10 3.2416e+08 -459.409 239.771 -10.2229 1.48587e+11 518.316
1.2096e+07 1.27783e+11 -7.57821e+10 3.23718e+08 -459.558 239.784 -10.2448 1.48565e+11 518.455
1.21824e+07 1.27763e+11 -7.57717e+10 3.23275e+08 -459.708 239.797 -10.2668 1.48542e+11 518.593
1.22688e+07 1.27743e+11 -7.57614e+10 3.22832e+08 -459.857 239.81 -10.289 1.4852e+11 518.732
1.23552e+07 1.27723e+11 -7.5751e+10 3.22387e+08 -460.007 239.822 -10.3112 1.48498e+11 518.871
1.24416e+07 1.27703e+11 -7.57407e+10 3.21941e+08 -460.157 239.835 -10.3337 1.48475e+11 519.01
1.2528e+07 1.27684e+11 -7.57303e+10 3.21494e+08 -460.307 239.846 -10.3562 1.48453e+11 519.149
1.26144e+07 1.27664e+11 -7.572e+10 3.21047e+08 -460.457 239.857 -10.3789 1.48431e+11 519.288
1.27008e+07 1.27644e+11 -7.57096e+10 3.20598e+08 -460.608 239.868 -10.4018 1.48408e+11 519.427
1.27872e+07 1.27624e+11 -7.56993e+10 3.20148e+08 -460.758 239.879 -10.4248 1.48386e+11 519.566
1.28736e+07 1.27604e+11 -7.56889e+10 3.19698e+08 -460.909 239.889 -10.448 1.48363e+11 519.705
1.296e+07 1.27584e+11 -7.56786e+10 3.19246e+08 -461.06 239.899 -10.4712 1.48341e+11 519.844
1.30464e+07 1.27564e+11 -7.56682e+10 3.18793e+08 -461.211 239.908 -10.4947 1.48319e+11 519.983
1.31328e+07 1.27544e+11 -7.56579e+10 3.1834e+08 -461.363 239.917 -10.5183 1.48296e+11 520.122
1.32192e+07 1.27524e+11 -7.56475e+10 3.17885e+08 -461.515 239.925 -10.542 1.48274e+11 520.26
1.33056e+07 1.27504e+11 -7.56372e+10 3.17429e+08 -461.666 239.933 -10.566 1.48251e+11 520.399
1.3392e+07 1.27485e+11 -7.56268e+10 3.16972e+08 -461.818 239.941 -10.59 1.48229e+11 520.538
1.34784e+07 1.27465e+11 -7.56164e+10 3.16515e+08 -461.971 239.948 -10.6142 1.48207e+11 520.677
1.35648e+07 1.27445e+11 -7.56061e+10 3.16056e+08 -462.123 239.955 -10.6386 1.48184e+11 520.816
1.36512e+07 1.27425e+11 -7.55957e+10 3.15596e+08 -462.276 239.961 -10.6632 1.48162e+11 520.955
1.37376e+07 1.27405e+11 -7.55854e+10 3.15135e+08 -462.428 239.967 -10.6879 1.48139e+11 521.093
1.3824e+07 1.27385e+11 -7.5575e+10 3.14673e+08 -462.581 239.972 -10.7128 1.48117e+11 521.232
1.39104e+07 1.27365e+11 -7.55647e+10 3.1421e+08 -462.735 239.977 -10.7378 1.48094e+11 521.371
1.39968e+07 1.27345e+11 -7.55543e+10 3.13745e+08 -462.888 239.982 -10.763 1.48072e+11 521.51
1.40832e+07 1.27325e+11 -7.5544e+10 3.1328e+08 -463.042 239.986 -10.7884 1.48049e+11 521.648
1.41696e+07 1.27305e+11 -7.55336e+10 3.12814e+08 -463.195 239.989 -10.8139 1.48027e+11 521.787
1.4256e+07 1.27285e+11 -7.55233e+10 3.12346e+08 -463.349 239.992 -10.8397 1.48004e+11 521.926
1.43424e+07 1.27265e+11 -7.55129e+10 3.11877e+08 -463.504 239.995 -10.8656 1.47982e+11 522.064
1.44288e+07 1.27245e+11 -7.55025e+10 3.11408e+08 -463.658 239.997 -10.8916 1.47959e+11 522.203
1.45152e+07 1.27225e+11 -7.54922e+10 3.10937e+08 -463.813 239.998 -10.9179 1.47937e+11 522.342
1.46016e+07 1.27205e+11 -7.54818e+10 3.10465e+08 -463.968 239.999 -10.9444 1.47914e+11 522.48
1.4688e+07 1.27185e+11 -7.54715e+10 3.09991e+08 -464.123 240 -10.971 1.47892e+11 522.619
1.47744e+07 1.27165e+11 -7.54611e+10 3.09517e+08 -464.278 240 -10.9978 1.47869e+11 522.757
1.48608e+07 1.27145e+11 -7.54508e+10 3.09041e+08 -464.434 240 -11.0248 1.47847e+11 522.896
1.49472e+07 1.27125e+11 -7.54404e+10 3.08565e+08 -464.589 239.999 -11.052 1.47824e+11 523.034
1.50336e+07 1.27105e+11 -7.543e+10 3.08087e+08 -464.745 239.997 -11.0794 1.47802e+11 523.173
1.512e+07 1.27085e+11 -7.54197e+10 3.07608e+08 -464.901 239.995 -11.107 1.47779e+11 523.311
1.52064e+07 1.27065e+11 -7.54093e+10 3.07128e+08 -465.058 239.992 -11.1347 1.47757e+11 523.449
1.52928e+07 1.27044e+11 -7.5399e+10 3.06646e+08 -465.214 239.989 -11.1627 1.47734e+11 523.588
1.53792e+07 1.27024e+11 -7.53886e+10 3.06163e+08 -465.371 239.985 -11.1909 1.47712e+11 523.726
1.54656e+07 1.27004e+11 -7.53783e+10 3.0568e+08 -465.528 239.981 -11.2193 1.47689e+11 523.864
1.5552e+07 1.26984e+11 -7.53679e+10 3.05194e+08 -465.686 239.976 -11.2479 1.47667e+11 524.002
1.56384e+07 1.26964e+11 -7.53576e+10 3.04708e+08 -465.843 239.971 -11.2767 1.47644e+11 524.14
1.57248e+07 1.26944e+11 -7.53472e+10 3.0422e+08 -466.001 239.965 -11.3057 1.47621e+11 524.278
1.58112e+07 1.26924e+11 -7.53369e+10 3.03732e+08 -466.159 239.958 -11.3349 1.47599e+11 524.416
1.58976e+07 1.26904e+11 -7.53265e+10 3.03241e+08 -466.317 239.951 -11.3643 1.47576e+11 524.554
1.5984e+07 1.26884e+11 -7.53161e+10 3.0275e+08 -466.476 239.943 -11.394 1.47554e+11 524.692
1.60704e+07 1.26864e+11 -7.53058e+10 3.02257e+08 -466.634 239.934 -11.4239 1.47531e+11 524.83
1.61568e+07 1.26843e+11 -7.52954e+10 3.01763e+08 -466.793 239.925 -11.454 1.47508e+11 524.968
1.62432e+07 1.26823e+11 -7.52851e+10 3.01268e+08 -466.952 239.915 -11.4843 1.47486e+11 525.106
1.63296e+07 1.26803e+11 -7.52747e+10 3.00771e+08 -467.112 239.905 -11.5149 1.47463e+11 525.243
1.6416e+07 1.26783e+11 -7.52644e+10 3.00273e+08 -467.271 239.894 -11.5457 1.47441e+11 525.381
1.65024e+07 1.26763e+11 -7.5254e+10 2.99774e+08 -467.431 239.882 -11.5767 1.47418e+11 525.518
1.65888e+07 1.26743e+11 -7.52437e+10 2.99273e+08 -467.592 239.87 -11.6079 1.47395e+11 525.656
1.66752e+07 1.26722e+11 -7.52333e+10 2.98771e+08 -467.752 239.857 -11.6394 1.47373e+11 525.793
1.67616e+07 1.26702e+11 -7.5223e+10 2.98268e+08 -467.913 239.843 -11.6712 1.4735e+11 525.931
1.6848e+07 1.26682e+11 -7.52126e+10 2.97763e+08 -468.074 239.828 -11.7032 1.47327e+11 526.068
1.69344e+07 1.26662e+11 -7.52023e+10 2.97257e+08 -468.235 239.813 -11.7354 1.47305e+11 526.205
1.70208e+07 1.26642e+11 -7.51919e+10 2.96749e+08 -468.396 239.797 -11.7679 1.47282e+11 526.342
1.71072e+07 1.26621e+11 -7.51816e+10 2.9624e+08 -468.558 239.78 -11.8007 1.47259e+11 526.479
1.71936e+07 1.26601e+11 -7.51712e+10 2.9573e+08 -468.72 239.763 -11.8337 1.47237e+11 526.616
1.728e+07 1.26581e+11 -7.51609e+10 2.95218e+08 -468.882 239.745 -11.867 1.47214e+11 526.753
1.73664e+07 1.26561e+11 -7.51506e+10 2.94705e+08 -469.045 239.726 -11.9005 1.47191e+11 526.89
1.74528e+07 1.2654e+11 -7.51402e+10 2.9419e+08 -469.207 239.706 -11.9343 1.47169e+11 527.027
1.75392e+07 1.2652e+11 -7.51299e+10 2.93674e+08 -469.37 239.686 -11.9684 1.47146e+11 527.163
1.76256e+07 1.265e+11 -7.51195e+10 2.93156e+08 -469.534 239.664 -12.0028 1.47123e+11 527.3
1.7712e+07 1.2648e+11 -7.51092e+10 2.92637e+08 -469.697 239.642 -12.0374 1.47101e+11 527.436
1.77984e+07 1.26459e+11 -7.50988e+10 2.92117e+08 -469.861 239.619 -12.0724 1.47078e+11 527.572
1.78848e+07 1.26439e+11 -7.50885e+10 2.91594e+08 -470.025 239.596 -12.1076 1.47055e+11 527.709
1.79712e+07 1.26419e+11 -7.50782e+10 2.91071e+08 -470.19 239.571 -12.1431 1.47032e+11 527.845
1.80576e+07 1.26399e+11 -7.50678e+10 2.90545e+08 -470.354 239.546 -12.1789 1.4701e+11 527.981
1.8144e+07 1.26378e+11 -7.50575e+10 2.90019e+08 -470.519 239.519 -12.215 1.46987e+11 528.117
1.82304e+07 1.26358e+11 -7.50472e+10 2.8949e+08 -470.685 239.492 -12.2514 1.46964e+11 528.253
1.83168e+07 1.26338e+11 -7.50368e+10 2.8896e+08 -470.85 239.464 -12.2881 1.46941e+11 528.388
1.84032e+07 1.26317e+11 -7.50265e+10 2.88429e+08 -471.016 239.435 -12.3251 1.46919e+11 528.524
1.84896e+07 1.26297e+11 -7.50162e+10 2.87896e+08 -471.182 239.406 -12.3624 1.46896e+11 528.659
1.8576e+07 1.26277e+11 -7.50058e+10 2.87361e+08 -471.349 239.375 -12.4001 1.46873e+11 528.795
1.86624e+07 1.26256e+11 -7.49955e+10 2.86824e+08 -471.516 239.343 -12.4381 1.4685e+11 528.93
1.87488e+07 1.26236e+11 -7.49852e+10 2.86286e+08 -471.683 239.31 -12.4764 1.46828e+11 529.065
1.88352e+07 1.26216e+11 -7.49749e+10 2.85747e+08 -471.85 239.277 -12.515 1.46805e+11 529.2
1.89216e+07 1.26195e+11 -7.49645e+10 2.85205e+08 -472.018 239.242 -12.554 1.46782e+11 529.335
1.9008e+07 1.26175e+11 -7.49542e+10 2.84662e+08 -472.186 239.207 -12.5933 1.46759e+11 529.47
1.90944e+07 1.26154e+11 -7.49439e+10 2.84117e+08 -472.354 239.17 -12.633 1.46737e+11 529.604
1.91808e+07 1.26134e+11 -7.49336e+10 2.83571e+08 -472.523 239.132 -12.673 1.46714e+11 529.739
1.92672e+07 1.26114e+11 -7.49233e+10 2.83022e+08 -472.692 239.094 -12.7134 1.46691e+11 529.873
1.93536e+07 1.26093e+11 -7.49129e+10 2.82472e+08 -472.862 239.054 -12.7542 1.46668e+11 530.007
1.944e+07 1.26073e+11 -7.49026e+10 2.8192e+08 -473.031 239.013 -12.7953 1.46645e+11 530.141
1.95264e+07 1.26052e+11 -7.48923e+10 2.81367e+08 -473.201 238.971 -12.8368 1.46622e+11 530.275
1.96128e+07 1.26032e+11 -7.4882e+10 2.80811e+08 -473.372 238.928 -12.8786 1.466e+11 530.409
1.96992e+07 1.26012e+11 -7.48717e+10 2.80254e+08 -473.542 238.884 -12.9209 1.46577e+11 530.542
1.97856e+07 1.25991e+11 -7.48614e+10 2.79695e+08 -473.713 238.839 -12.9635 1.46554e+11 530.675
1.9872e+07 1.25971e+11 -7.48511e+10 2.79134e+08 -473.885 238.792 -13.0065 1.46531e+11 530.809
1.99584e+07 1.2595e+11 -7.48408e+10 2.78571e+08 -474.057 238.745 -13.05 1.46508e+11 530.942
2.00448e+07 1.2593e+11 -7.48305e+10 2.78007e+08 -474.229 238.696 -13.0938 1.46485e+11 531.074
2.01312e+07 1.25909e+11 -7.48202e+10 2.7744e+08 -474.401 238.646 -13.1381 1.46463e+11 531.207
2.02176e+07 1.25889e+11 -7.48099e+10 2.76872e+08 -474.574 238.595 -13.1828 1.4644e+11 531.34
2.0304e+07 1.25868e+11 -7.47996e+10 2.76301e+08 -474.747 238.542 -13.2279 1.46417e+11 531.472
2.03904e+07 1.25848e+11 -7.47893e+10 2.75729e+08 -474.921 238.488 -13.2734 1.46394e+11 531.604
2.04768e+07 1.25827e+11 -7.4779e+10 2.75154e+08 -475.095 238.433 -13.3194 1.46371e+11 531.736
2.05632e+07 1.25807e+11 -7.47687e+10 2.74578e+08 -475.269 238.377 -13.3658 1.46348e+11 531.868
2.06496e+07 1.25786e+11 -7.47584e+10 2.74e+08 -475.444 238.319 -13.4127 1.46325e+11 531.999
2.0736e+07 1.25766e+11 -7.47482e+10 2.73419e+08 -475.619 238.26 -13.46 1.46302e+11 532.13
2.08224e+07 1.25745e+11 -7.47379e+10 2.72837e+08 -475.795 238.2 -13.5078 1.4628e+11 532.261
2.09088e+07 1.25725e+11 -7.47276e+10 2.72252e+08 -475.971 238.138 -13.5561 1.46257e+11 532.392
2.09952e+07 1.25704e+11 -7.47173e+10 2.71665e+08 -476.147 238.075 -13.6048 1.46234e+11 532.523
2.10816e+07 1.25684e+11 -7.47071e+10 2.71077e+08 -476.324 238.01 -13.6541 1.46211e+11 532.653
2.1168e+07 1.25663e+11 -7.46968e+10 2.70486e+08 -476.501 237.944 -13.7038 1.46188e+11 532.783
2.12544e+07 1.25642e+11 -7.46865e+10 2.69893e+08 -476.678 237.876 -13.7541 1.46165e+11 532.913
2.13408e+07 1.25622e+11 -7.46763e+10 2.69297e+08 -476.857 237.807 -13.8048 1.46142e+11 533.043
2.14272e+07 1.25601e+11 -7.4666e+10 2.687e+08 -477.035 237.736 -13.8561 1.46119e+11 533.172
2.15136e+07 1.25581e+11 -7.46558e+10 2.681e+08 -477.214 237.664 -13.9079 1.46096e+11 533.302
2.16e+07 1.2556e+11 -7.46455e+10 2.67498e+08 -477.393 237.59 -13.9603 1.46073e+11 533.431
2.16864e+07 1.2554e+11 -7.46353e+10 2.66894e+08 -477.573 237.514 -14.0132 1.4605e+11 533.559
2.17728e+07 1.25519e+11 -7.4625e+10 2.66287e+08 -477.753 237.437 -14.0667 1.46027e+11 533.688
2.18592e+07 1.25498e+11 -7.46148e+10 2.65678e+08 -477.934 237.358 -14.1207 1.46004e+11 533.816
2.19456e+07 1.25478e+11 -7.46045e+10 2.65067e+08 -478.115 237.278 -14.1753 1.45981e+11 533.944
2.2032e+07 1.25457e+11 -7.45943e+10 2.64453e+08 -478.297 237.195 -14.2305 1.45958e+11 534.071
2.21184e+07 1.25436e+11 -7.45841e+10 2.63837e+08 -478.479 237.111 -14.2863 1.45935e+11 534.198
2.22048e+07 1.25416e+11 -7.45738e+10 2.63219e+08 -478.662 237.025 -14.3427 1.45912e+11 534.325
2.22912e+07 1.25395e+11 -7.45636e+10 2.62598e+08 -478.845 236.937 -14.3998 1.45889e+11 534.452
2.23776e+07 1.25374e+11 -7.45534e+10 2.61974e+08 -479.028 236.848 -14.4574 1.45866e+11 534.578
2.2464e+07 1.25354e+11 -7.45432e+10 2.61348e+08 -479.213 236.756 -14.5157 1.45843e+11 534.704
2.25504e+07 1.25333e+11 -7.4533e+10 2.6072e+08 -479.397 236.662 -14.5746 1.4582e+11 534.83
2.26368e+07 1.25312e+11 -7.45227e+10 2.60089e+08 -479.582 236.567 -14.6342 1.45797e+11 534.956
2.27232e+07 1.25292e+11 -7.45125e+10 2.59455e+08 -479.768 236.469 -14.6945 1.45774e+11 535.081
2.28096e+07 1.25271e+11 -7.45023e+10 2.58819e+08 -479.954 236.37 -14.7555 1.45751e+11 535.205
2.2896e+07 1.2525e+11 -7.44921e+10 2.5818e+08 -480.141 236.268 -14.8172 1.45728e+11 535.33
2.29824e+07 1.2523e+11 -7.4482e+10 2.57539e+08 -480.329 236.164 -14.8796 1.45705e+11 535.454
2.30688e+07 1.25209e+11 -7.44718e+10 2.56894e+08 -480.517 236.058 -14.9427 1.45682e+11 535.577
2.31552e+07 1.25188e+11 -7.44616e+10 2.56247e+08 -480.705 235.95 -15.0065 1.45659e+11 535.7
2.32416e+07 1.25167e+11 -7.44514e+10 2.55597e+08 -480.894 235.84 -15.0711 1.45636e+11 535.823
2.3328e+07 1.25147e+11 -7.44412e+10 2.54945e+08 -481.084 235.727 -15.1365 1.45613e+11 535.946
2.34144e+07 1.25126e+11 -7.44311e+10 2.54289e+08 -481.274 235.612 -15.2027 1.4559e+11 536.068
2.35008e+07 1.25105e+11 -7.44209e+10 2.53631e+08 -481.465 235.494 -15.2696 1.45567e+11 536.189
2.35872e+07 1.25084e+11 -7.44107e+10 2.5297e+08 -481.656 235.374 -15.3374 1.45544e+11 536.311
2.36736e+07 1.25063e+11 -7.44006e+10 2.52305e+08 -481.849 235.252 -15.406 1.45521e+11 536.432
2.376e+07 1.25043e+11 -7.43905e+10 2.51638e+08 -482.041 235.127 -15.4754 1.45498e+11 536.552
2.38464e+07 1.25022e+11 -7.43803e+10 2.50968e+08 -482.235 234.999 -15.5457 1.45475e+11 536.672
2.39328e+07 1.25001e+11 -7.43702e+10 2.50294e+08 -482.429 234.869 -15.6169 1.45452e+11 536.791
2.40192e+07 1.2498e+11 -7.436e+10 2.49618e+08 -482.624 234.736 -15.689 1.45429e+11 536.91
2.41056e+07 1.24959e+11 -7.43499e+10 2.48938e+08 -482.819 234.6 -15.762 1.45406e+11 537.029
2.4192e+07 1.24938e+11 -7.43398e+10 2.48256e+08 -483.015 234.462 -15.8359 1.45383e+11 537.147
2.42784e+07 1.24918e+11 -7.43297e+10 2.4757e+08 -483.219 234.322 -15.9113 1.45359e+11 537.271
2.43648e+07 1.24897e+11 -7.43196e+10 2.4688e+08 -483.446 234.183 -15.9892 1.45336e+11 537.418
2.44512e+07 1.24876e+11 -7.43095e+10 2.46188e+08 -483.645 234.035 -16.066 1.45313e+11 537.534
2.45376e+07 1.24855e+11 -7.42994e+10 2.45491e+08 -483.844 233.885 -16.1439 1.4529e+11 537.65
2.4624e+07 1.24834e+11 -7.42893e+10 2.44792e+08 -484.044 233.732 -16.2228 1.45267e+11 537.766
2.47104e+07 1.24813e+11 -7.42792e+10 2.44089e+08 -484.245 233.575 -16.3027 1.45244e+11 537.881
2.47968e+07 1.24792e+11 -7.42692e+10 2.43383e+08 -484.446 233.415 -16.3838 1.45221e+11 537.995
2.48832e+07 1.24771e+11 -7.42591e+10 2.42673e+08 -484.648 233.252 -16.4659 1.45198e+11 538.109
2.49696e+07 1.24751e+11 -7.4249e+10 2.41959e+08 -484.851 233.085 -16.5492 1.45175e+11 538.222
2.5056e+07 1.2473e+11 -7.4239e+10 2.41242e+08 -485.055 232.915 -16.6336 1.45151e+11 538.335
2.51424e+07 1.24709e+11 -7.42289e+10 2.40522e+08 -485.26 232.741 -16.7192 1.45128e+11 538.447
2.52288e+07 1.24688e+11 -7.42189e+10 2.39797e+08 -485.466 232.564 -16.8059 1.45105e+11 538.559
2.53152e+07 1.24667e+11 -7.42089e+10 2.39069e+08 -485.672 232.383 -16.894 1.45082e+11 538.669
2.54016e+07 1.24646e+11 -7.41988e+10 2.38336e+08 -485.88 232.198 -16.9833 1.45059e+11 538.779
2.5488e+07 1.24625e+11 -7.41888e+10 2.376e+08 -486.088 232.009 -17.0738 1.45036e+11 538.889
2.55744e+07 1.24604e+11 -7.41788e+10 2.3686e+08 -486.297 231.817 -17.1657 1.45013e+11 538.998
2.56608e+07 1.24583e+11 -7.41688e+10 2.36116e+08 -486.507 231.62 -17.2589 1.4499e+11 539.106
2.57472e+07 1.24562e+11 -7.41588e+10 2.35368e+08 -486.719 231.419 -17.3536 1.44966e+11 539.213
2.58336e+07 1.24541e+11 -7.41489e+10 2.34616e+08 -486.931 231.213 -17.4496 1.44943e+11 539.32
2.592e+07 1.2452e+11 -7.41389e+10 2.3386e+08 -487.144 231.004 -17.5471 1.4492e+11 539.426
2.60064e+07 1.24499e+11 -7.41289e+10 2.33099e+08 -487.358 230.79 -17.646 1.44897e+11 539.531
2.60928e+07 1.24478e+11 -7.4119e+10 2.32334e+08 -487.574 230.571 -17.7465 1.44874e+11 539.635
2.61792e+07 1.24457e+11 -7.4109e+10 2.31564e+08 -487.79 230.347 -17.8485 1.44851e+11 539.739
2.62656e+07 1.24436e+11 -7.40991e+10 2.30791e+08 -488.008 230.119 -17.9522 1.44827e+11 539.841
2.6352e+07 1.24415e+11 -7.40892e+10 2.30012e+08 -488.227 229.885 -18.0574 1.44804e+11 539.943
2.64384e+07 1.24394e+11 -7.40793e+10 2.29229e+08 -488.447 229.647 -18.1644 1.44781e+11 540.044
2.65248e+07 1.24372e+11 -7.40694e+10 2.28441e+08 -488.668 229.403 -18.273 1.44758e+11 540.144
2.66112e+07 1.24351e+11 -7.40595e+10 2.27649e+08 -488.89 229.154 -18.3834 1.44735e+11 540.244
2.66976e+07 1.2433e+11 -7.40496e+10 2.26852e+08 -489.114 228.9 -18.4956 1.44711e+11 540.342
2.6784e+07 1.24309e+11 -7.40397e+10 2.2605e+08 -489.339 228.64 -18.6097 1.44688e+11 540.44
2.68704e+07 1.24288e+11 -7.40299e+10 2.25242e+08 -489.565 228.374 -18.7257 1.44665e+11 540.536
2.69568e+07 1.24267e+11 -7.402e+10 2.2443e+08 -489.793 228.102 -18.8436 1.44642e+11 540.631
2.70432e+07 1.24246e+11 -7.40102e+10 2.23613e+08 -490.022 227.824 -18.9636 1.44619e+11 540.726
2.71296e+07 1.24225e+11 -7.40004e+10 2.2279e+08 -490.252 227.54 -19.0856 1.44595e+11 540.819
2.7216e+07 1.24203e+11 -7.39906e+10 2.21962e+08 -490.484 227.249 -19.2097 1.44572e+11 540.912
2.73024e+07 1.24182e+11 -7.39808e+10 2.21129e+08 -490.717 226.951 -19.336 1.44549e+11 541.003
2.73888e+07 1.24161e+11 -7.3971e+10 2.2029e+08 -490.952 226.647 -19.4646 1.44526e+11 541.093
2.74752e+07 1.2414e+11 -7.39612e+10 2.19445e+08 -491.189 226.336 -19.5955 1.44503e+11 541.182
2.75616e+07 1.24119e+11 -7.39515e+10 2.18595e+08 -491.427 226.017 -19.7287 1.44479e+11 541.27
2.7648e+07 1.24097e+11 -7.39417e+10 2.17739e+08 -491.667 225.692 -19.8644 1.44456e+11 541.357
2.77344e+07 1.24076e+11 -7.3932e+10 2.16877e+08 -491.908 225.358 -20.0025 1.44433e+11 541.443
2.78208e+07 1.24055e+11 -7.39223e+10 2.16009e+08 -492.152 225.016 -20.1433 1.4441e+11 541.527
2.79072e+07 1.24034e+11 -7.39126e+10 2.15134e+08 -492.397 224.667 -20.2868 1.44387e+11 541.61
2.79936e+07 1.24012e+11 -7.39029e+10 2.14254e+08 -492.644 224.309 -20.433 1.44363e+11 541.691
2.808e+07 1.23991e+11 -7.38933e+10 2.13367e+08 -492.893 223.942 -20.582 1.4434e+11 541.772
2.81664e+07 1.2397e+11 -7.38836e+10 2.12473e+08 -493.143 223.566 -20.7339 1.44317e+11 541.851
2.82528e+07 1.23949e+11 -7.3874e+10 2.11573e+08 -493.396 223.182 -20.8889 1.44294e+11 541.928
2.83392e+07 1.23927e+11 -7.38644e+10 2.10666e+08 -493.651 222.787 -21.0469 1.4427e+11 542.004
2.84256e+07 1.23906e+11 -7.38548e+10 2.09752e+08 -493.909 222.383 -21.2082 1.44247e+11 542.079
2.8512e+07 1.23885e+11 -7.38452e+10 2.08831e+08 -494.168 221.969 -21.3728 1.44224e+11 542.152
2.85984e+07 1.23863e+11 -7.38356e+10 2.07903e+08 -494.43 221.544 -21.5408 1.44201e+11 542.224
2.86848e+07 1.23842e+11 -7.38261e+10 2.06967e+08 -494.694 221.109 -21.7124 1.44178e+11 542.294
2.87712e+07 1.23821e+11 -7.38165e+10 2.06024e+08 -494.96 220.662 -21.8876 1.44154e+11 542.362
2.88576e+07 1.23799e+11 -7.3807e+10 2.05073e+08 -495.229 220.204 -22.0666 1.44131e+11 542.429
2.8944e+07 1.23778e+11 -7.37976e+10 2.04114e+08 -495.501 219.734 -22.2495 1.44108e+11 542.494
2.90304e+07 1.23757e+11 -7.37881e+10 2.03148e+08 -495.776 219.251 -22.4364 1.44085e+11 542.557
2.91168e+07 1.23735e+11 -7.37786e+10 2.02173e+08 -496.053 218.756 -22.6276 1.44061e+11 542.618
2.92032e+07 1.23714e+11 -7.37692e+10 2.01189e+08 -496.333 218.247 -22.8231 1.44038e+11 542.678
2.92896e+07 1.23692e+11 -7.37598e+10 2.00197e+08 -496.616 217.725 -23.0231 1.44015e+11 542.736
2.9376e+07 1.23671e+11 -7.37505e+10 1.99197e+08 -496.903 217.188 -23.2278 1.43992e+11 542.791
2.94624e+07 1.23649e+11 -7.37411e+10 1.98187e+08 -497.192 216.636 -23.4374 1.43969e+11 542.845
2.95488e+07 1.23628e+11 -7.37318e+10 1.97168e+08 -497.485 216.069 -23.652 1.43945e+11 542.897
2.96352e+07 1.23606e+11 -7.37225e+10 1.96139e+08 -497.781 215.486 -23.8718 1.43922e+11 542.946
2.97216e+07 1.23585e+11 -7.37132e+10 1.95101e+08 -498.081 214.886 -24.0971 1.43899e+11 542.993
2.9808e+07 1.23563e+11 -7.37039e+10 1.94053e+08 -498.385 214.269 -24.328 1.43876e+11 543.039
2.98944e+07 1.23542e+11 -7.36947e+10 1.92995e+08 -498.693 213.634 -24.5648 1.43853e+11 543.081
2.99808e+07 1.2352e+11 -7.36855e+10 1.91926e+08 -499.005 212.98 -24.8078 1.43829e+11 543.122
3.00672e+07 1.23499e+11 -7.36764e+10 1.90847e+08 -499.321 212.306 -25.0571 1.43806e+11 543.16
3.01536e+07 1.23477e+11 -7.36672e+10 1.89757e+08 -499.641 211.612 -25.3131 1.43783e+11 543.196
3.024e+07 1.23456e+11 -7.36581e+10 1.88655e+08 -499.966 210.897 -25.5761 1.4376e+11 543.229
3.03264e+07 1.23434e+11 -7.3649e+10 1.87542e+08 -500.296 210.16 -25.8463 1.43737e+11 543.26
3.04128e+07 1.23413e+11 -7.364e+10 1.86417e+08 -500.631 209.399 -26.1241 1.43713e+11 543.288
3.04992e+07 1.23391e+11 -7.3631e+10 1.85279e+08 -500.971 208.614 -26.4098 1.4369e+11 543.313
3.05856e+07 1.23369e+11 -7.3622e+10 1.84129e+08 -501.316 207.804 -26.7038 1.43667e+11 543.336
3.0672e+07 1.23348e+11 -7.36131e+10 1.82966e+08 -501.668 206.967 -27.0064 1.43644e+11 543.355
3.07584e+07 1.23326e+11 -7.36042e+10 1.8179e+08 -502.025 206.103 -27.3182 1.43621e+11 543.372
3.08448e+07 1.23304e+11 -7.35953e+10 1.80599e+08 -502.388 205.209 -27.6395 1.43598e+11 543.386
3.09312e+07 1.23283e+11 -7.35865e+10 1.79395e+08 -502.758 204.284 -27.9708 1.43574e+11 543.397
3.10176e+07 1.23261e+11 -7.35777e+10 1.78176e+08 -503.135 203.328 -28.3126 1.43551e+11 543.405
3.1104e+07 1.23239e+11 -7.3569e+10 1.76941e+08 -503.52 202.337 -28.6654 1.43528e+11 543.41
3.11904e+07 1.23217e+11 -7.35603e+10 1.75691e+08 -503.912 201.311 -29.0299 1.43505e+11 543.411
3.12768e+07 1.23196e+11 -7.35516e+10 1.74425e+08 -504.312 200.247 -29.4066 1.43482e+11 543.41
3.13632e+07 1.23174e+11 -7.3543e+10 1.73143e+08 -504.72 199.144 -29.7963 1.43459e+11 543.405
3.14496e+07 1.23152e+11 -7.35345e+10 1.71843e+08 -505.138 197.999 -30.1996 1.43436e+11 543.397
