0 1.23301e+11 7.49296e+11 -5.91279e+09 -4853.43 3503.29 410.688 7.59396e+11 5999.79
86400 1.22851e+11 7.4973e+11 -5.87307e+09 -5719.01 6470.73 501.192 7.59751e+11 8650.35
172800 1.22787e+11 7.49853e+11 -5.86957e+09 -1509.74 2911.94 81.5731 7.59863e+11 3281.06
259200 1.22713e+11 7.49995e+11 -5.86568e+09 -1783.97 3361.51 92.3258 7.5999e+11 3806.68
345600 1.22619e+11 7.50161e+11 -5.86118e+09 -2282.16 4026.73 108.761 7.60139e+11 4629.76
432000 1.22495e+11 7.5038e+11 -5.85527e+09 -3081.95 5444.15 146.787 7.60335e+11 6257.69
518400 1.22299e+11 7.50727e+11 -5.84593e+09 -5283.41 9351.05 251.638 7.60646e+11 10743.4
604800 1.23387e+11 7.48795e+11 -5.89777e+09 69597.1 -123535 -3314.75 7.58915e+11 141830
691200 1.23379e+11 7.48808e+11 -5.89738e+09 -400.025 684.494 19.053 7.58927e+11 793.042
777600 1.23352e+11 7.48854e+11 -5.89611e+09 -624.591 1083.03 29.7486 7.58968e+11 1250.58
864000 1.23324e+11 7.48903e+11 -5.89478e+09 -649.102 1126.53 30.916 7.59012e+11 1300.53
950400 1.23295e+11 7.48953e+11 -5.8934e+09 -675.451 1173.3 32.171 7.59056e+11 1354.22
1.0368e+06 1.23265e+11 7.49005e+11 -5.89197e+09 -704.638 1225.11 33.5611 7.59103e+11 1413.7
1.1232e+06 1.23234e+11 7.4906e+11 -5.89046e+09 -737.184 1282.88 35.1111 7.59152e+11 1480.02
1.2096e+06 1.232e+11 7.49118e+11 -5.88889e+09 -773.75 1347.78 36.8527 7.59204e+11 1554.53
1.296e+06 1.23166e+11 7.49179e+11 -5.88723e+09 -815.189 1421.33 38.8264 7.59258e+11 1638.97
1.3824e+06 1.23129e+11 7.49243e+11 -5.88547e+09 -862.622 1505.53 41.0855 7.59316e+11 1735.63
1.4688e+06 1.2309e+11 7.49311e+11 -5.88361e+09 -917.559 1603.03 43.702 7.59377e+11 1847.58
1.5552e+06 1.23048e+11 7.49384e+11 -5.88161e+09 -982.08 1717.55 46.775 7.59442e+11 1979.05
1.6416e+06 1.23003e+11 7.49463e+11 -5.87947e+09 -1059.15 1854.34 50.4456 7.59513e+11 2136.1
1.728e+06 1.22954e+11 7.49549e+11 -5.87713e+09 -1153.14 2021.17 54.9222 7.59589e+11 2327.63
1.8144e+06 1.229e+11 7.49644e+11 -5.87457e+09 -1270.83 2230.05 60.5276 7.59674e+11 2567.45
1.9008e+06 1.2284e+11 7.49749e+11 -5.87171e+09 -1423.35 2500.76 67.7918 7.59768e+11 2878.25
1.9872e+06 1.22771e+11 7.4987e+11 -5.86844e+09 -1630.47 2868.37 77.6566 7.59876e+11 3300.31
2.0736e+06 1.22691e+11 7.50012e+11 -5.86461e+09 -1931.38 3402.43 91.9881 7.60003e+11 3913.47
2.16e+06 1.22591e+11 7.50187e+11 -5.85987e+09 -2417.58 4265.36 115.145 7.6016e+11 4904.21
2.2464e+06 1.22457e+11 7.50425e+11 -5.85346e+09 -3372.89 5960.85 160.644 7.60373e+11 6850.84
2.3328e+06 1.22226e+11 7.50833e+11 -5.84247e+09 -6569.18 11633.6 312.876 7.60739e+11 13363.9
2.4192e+06 1.16826e+11 7.60415e+11 -5.5853e+09 -132376 234917 6304.77 7.69357e+11 269720
2.5056e+06 1.16794e+11 7.60471e+11 -5.58376e+09 -350.571 597.807 16.6976 7.69408e+11 693.218
2.592e+06 1.16796e+11 7.60467e+11 -5.58385e+09 45.2156 -104.634 -2.15283 7.69404e+11 114.006
2.6784e+06 1.16798e+11 7.60462e+11 -5.58395e+09 46.4426 -106.813 -2.21127 7.694e+11 116.493
2.7648e+06 1.168e+11 7.60458e+11 -5.58405e+09 46.4869 -106.892 -2.21338 7.69396e+11 116.584
2.8512e+06 1.16802e+11 7.60453e+11 -5.58414e+09 46.5277 -106.965 -2.21532 7.69391e+11 116.667
2.9376e+06 1.16804e+11 7.60449e+11 -5.58424e+09 46.5687 -107.039 -2.21727 7.69387e+11 116.751
3.024e+06 1.16806e+11 7.60444e+11 -5.58433e+09 46.6097 -107.112 -2.21922 7.69383e+11 116.835
3.1104e+06 1.16808e+11 7.60439e+11 -5.58443e+09 46.6508 -107.186 -2.22118 7.69379e+11 116.919
3.1968e+06 1.1681e+11 7.60435e+11 -5.58452e+09 46.6919 -107.259 -2.22314 7.69374e+11 117.003
3.2832e+06 1.16812e+11 7.6043e+11 -5.58462e+09 46.7332 -107.333 -2.22511 7.6937e+11 117.087
3.3696e+06 1.16814e+11 7.60425e+11 -5.58472e+09 46.7746 -107.408 -2.22708 7.69366e+11 117.172
3.456e+06 1.16816e+11 7.60421e+11 -5.58481e+09 46.816 -107.482 -2.22905 7.69361e+11 117.256
3.5424e+06 1.16818e+11 7.60416e+11 -5.58491e+09 46.8575 -107.556 -2.23103 7.69357e+11 117.341
3.6288e+06 1.1682e+11 7.60412e+11 -5.585e+09 46.8992 -107.631 -2.23301 7.69353e+11 117.426
3.7152e+06 1.16822e+11 7.60407e+11 -5.5851e+09 46.9409 -107.706 -2.235 7.69349e+11 117.511
3.8016e+06 1.16824e+11 7.60402e+11 -5.5852e+09 46.9827 -107.78 -2.23699 7.69344e+11 117.597
3.888e+06 1.16826e+11 7.60398e+11 -5.58529e+09 47.0245 -107.856 -2.23898 7.6934e+11 117.682
3.9744e+06 1.16828e+11 7.60393e+11 -5.58539e+09 47.0665 -107.931 -2.24098 7.69336e+11 117.768
4.0608e+06 1.1683e+11 7.60388e+11 -5.58549e+09 47.1086 -108.006 -2.24299 7.69331e+11 117.854
4.1472e+06 1.16832e+11 7.60384e+11 -5.58558e+09 47.1507 -108.082 -2.24499 7.69327e+11 117.94
4.2336e+06 1.16834e+11 7.60379e+11 -5.58568e+09 47.193 -108.157 -2.24701 7.69323e+11 118.026
4.32e+06 1.16836e+11 7.60374e+11 -5.58578e+09 47.2353 -108.233 -2.24902 7.69319e+11 118.113
4.4064e+06 1.16838e+11 7.6037e+11 -5.58588e+09 47.2777 -108.309 -2.25104 7.69314e+11 118.2
4.4928e+06 1.1684e+11 7.60365e+11 -5.58597e+09 47.3202 -108.385 -2.25307 7.6931e+11 118.286
4.5792e+06 1.16843e+11 7.6036e+11 -5.58607e+09 47.3628 -108.462 -2.2551 7.69306e+11 118.373
4.6656e+06 1.16845e+11 7.60356e+11 -5.58617e+09 47.4055 -108.538 -2.25713 7.69301e+11 118.461
4.752e+06 1.16847e+11 7.60351e+11 -5.58627e+09 47.4483 -108.615 -2.25917 7.69297e+11 118.548
4.8384e+06 1.16849e+11 7.60346e+11 -5.58636e+09 47.4912 -108.692 -2.26121 7.69293e+11 118.636
4.9248e+06 1.16851e+11 7.60341e+11 -5.58646e+09 47.5342 -108.769 -2.26326 7.69288e+11 118.723
5.0112e+06 1.16853e+11 7.60337e+11 -5.58656e+09 47.5772 -108.846 -2.26531 7.69284e+11 118.811
5.0976e+06 1.16855e+11 7.60332e+11 -5.58666e+09 47.6204 -108.923 -2.26736 7.6928e+11 118.9
5.184e+06 1.16857e+11 7.60327e+11 -5.58675e+09 47.6636 -109.001 -2.26942 7.69275e+11 118.988
5.2704e+06 1.16859e+11 7.60323e+11 -5.58685e+09 47.707 -109.078 -2.27149 7.69271e+11 119.076
5.3568e+06 1.16861e+11 7.60318e+11 -5.58695e+09 47.7504 -109.156 -2.27355 7.69267e+11 119.165
5.4432e+06 1.16863e+11 7.60313e+11 -5.58705e+09 47.7939 -109.234 -2.27563 7.69262e+11 119.254
5.5296e+06 1.16865e+11 7.60309e+11 -5.58715e+09 47.8375 -109.312 -2.27771 7.69258e+11 119.343
5.616e+06 1.16867e+11 7.60304e+11 -5.58724e+09 47.8813 -109.391 -2.27979 7.69254e+11 119.432
5.7024e+06 1.16869e+11 7.60299e+11 -5.58734e+09 47.9251 -109.469 -2.28187 7.69249e+11 119.522
5.7888e+06 1.16871e+11 7.60294e+11 -5.58744e+09 47.969 -109.548 -2.28397 7.69245e+11 119.612
5.8752e+06 1.16873e+11 7.6029e+11 -5.58754e+09 48.013 -109.627 -2.28606 7.69241e+11 119.702
5.9616e+06 1.16875e+11 7.60285e+11 -5.58764e+09 48.0571 -109.706 -2.28816 7.69236e+11 119.792
6.048e+06 1.16878e+11 7.6028e+11 -5.58774e+09 48.1013 -109.785 -2.29027 7.69232e+11 119.882
6.1344e+06 1.1688e+11 7.60275e+11 -5.58784e+09 48.1456 -109.864 -2.29238 7.69227e+11 119.972
6.2208e+06 1.16882e+11 7.60271e+11 -5.58794e+09 48.19 -109.944 -2.29449 7.69223e+11 120.063
6.3072e+06 1.16884e+11 7.60266e+11 -5.58803e+09 48.2344 -110.023 -2.29661 7.69219e+11 120.154
6.3936e+06 1.16886e+11 7.60261e+11 -5.58813e+09 48.279 -110.103 -2.29873 7.69214e+11 120.245
6.48e+06 1.16888e+11 7.60256e+11 -5.58823e+09 48.3237 -110.183 -2.30086 7.6921e+11 120.336
6.5664e+06 1.1689e+11 7.60252e+11 -5.58833e+09 48.3685 -110.264 -2.30299 7.69206e+11 120.428
6.6528e+06 1.16892e+11 7.60247e+11 -5.58843e+09 48.4134 -110.344 -2.30513 7.69201e+11 120.52
6.7392e+06 1.16894e+11 7.60242e+11 -5.58853e+09 48.4584 -110.425 -2.30727 7.69197e+11 120.611
6.8256e+06 1.16896e+11 7.60237e+11 -5.58863e+09 48.5034 -110.505 -2.30942 7.69192e+11 120.703
6.912e+06 1.16898e+11 7.60233e+11 -5.58873e+09 48.5486 -110.586 -2.31157 7.69188e+11 120.796
6.9984e+06 1.169e+11 7.60228e+11 -5.58883e+09 48.5939 -110.667 -2.31373 7.69184e+11 120.888
7.0848e+06 1.16903e+11 7.60223e+11 -5.58893e+09 48.6393 -110.749 -2.31589 7.69179e+11 120.981
7.1712e+06 1.16905e+11 7.60218e+11 -5.58903e+09 48.6848 -110.83 -2.31806 7.69175e+11 121.074
7.2576e+06 1.16907e+11 7.60214e+11 -5.58913e+09 48.7303 -110.912 -2.32023 7.6917e+11 121.167
7.344e+06 1.16909e+11 7.60209e+11 -5.58923e+09 48.776 -110.994 -2.3224 7.69166e+11 121.26
7.4304e+06 1.16911e+11 7.60204e+11 -5.58933e+09 48.8218 -111.076 -2.32458 7.69162e+11 121.354
7.5168e+06 1.16913e+11 7.60199e+11 -5.58943e+09 48.8677 -111.158 -2.32677 7.69157e+11 121.448
7.6032e+06 1.16915e+11 7.60194e+11 -5.58953e+09 48.9137 -111.24 -2.32896 7.69153e+11 121.542
7.6896e+06 1.16917e+11 7.6019e+11 -5.58963e+09 48.9598 -111.323 -2.33115 7.69148e+11 121.636
7.776e+06 1.16919e+11 7.60185e+11 -5.58973e+09 49.006 -111.405 -2.33335 7.69144e+11 121.73
7.8624e+06 1.16922e+11 7.6018e+11 -5.58983e+09 49.0523 -111.488 -2.33556 7.69139e+11 121.825
7.9488e+06 1.16924e+11 7.60175e+11 -5.58993e+09 49.0987 -111.572 -2.33777 7.69135e+11 121.919
8.0352e+06 1.16926e+11 7.6017e+11 -5.59004e+09 49.1452 -111.655 -2.33998 7.69131e+11 122.014
8.1216e+06 1.16928e+11 7.60165e+11 -5.59014e+09 49.1918 -111.738 -2.3422 7.69126e+11 122.11
8.208e+06 1.1693e+11 7.60161e+11 -5.59024e+09 49.2385 -111.822 -2.34443 7.69122e+11 122.205
8.2944e+06 1.16932e+11 7.60156e+11 -5.59034e+09 49.2853 -111.906 -2.34666 7.69117e+11 122.301
8.3808e+06 1.16934e+11 7.60151e+11 -5.59044e+09 49.3323 -111.99 -2.3489 7.69113e+11 122.397
8.4672e+06 1.16936e+11 7.60146e+11 -5.59054e+09 49.3793 -112.074 -2.35114 7.69108e+11 122.493
8.5536e+06 1.16939e+11 7.60141e+11 -5.59064e+09 49.4265 -112.159 -2.35338 7.69104e+11 122.589
8.64e+06 1.16941e+11 7.60136e+11 -5.59075e+09 49.4737 -112.243 -2.35563 7.69099e+11 122.686
8.7264e+06 1.16943e+11 7.60132e+11 -5.59085e+09 49.5211 -112.328 -2.35789 7.69095e+11 122.782
8.8128e+06 1.16945e+11 7.60127e+11 -5.59095e+09 49.5685 -112.413 -2.36015 7.6909e+11 122.879
8.8992e+06 1.16947e+11 7.60122e+11 -5.59105e+09 49.6161 -112.498 -2.36241 7.69086e+11 122.976
8.9856e+06 1.16949e+11 7.60117e+11 -5.59115e+09 49.6638 -112.584 -2.36468 7.69081e+11 123.074
9.072e+06 1.16951e+11 7.60112e+11 -5.59125e+09 49.7116 -112.669 -2.36696 7.69077e+11 123.172
9.1584e+06 1.16954e+11 7.60107e+11 -5.59136e+09 49.7595 -112.755 -2.36924 7.69073e+11 123.269
9.2448e+06 1.16956e+11 7.60102e+11 -5.59146e+09 49.8075 -112.841 -2.37153 7.69068e+11 123.367
9.3312e+06 1.16958e+11 7.60098e+11 -5.59156e+09 49.8556 -112.927 -2.37382 7.69064e+11 123.466
9.4176e+06 1.1696e+11 7.60093e+11 -5.59166e+09 49.9039 -113.014 -2.37612 7.69059e+11 123.564
9.504e+06 1.16962e+11 7.60088e+11 -5.59177e+09 49.9522 -113.1 -2.37842 7.69055e+11 123.663
9.5904e+06 1.16964e+11 7.60083e+11 -5.59187e+09 50.0007 -113.187 -2.38073 7.6905e+11 123.762
9.6768e+06 1.16966e+11 7.60078e+11 -5.59197e+09 50.0492 -113.274 -2.38304 7.69046e+11 123.861
9.7632e+06 1.16969e+11 7.60073e+11 -5.59208e+09 50.0979 -113.361 -2.38536 7.69041e+11 123.961
9.8496e+06 1.16971e+11 7.60068e+11 -5.59218e+09 50.1467 -113.449 -2.38769 7.69037e+11 124.06
9.936e+06 1.16973e+11 7.60063e+11 -5.59228e+09 50.1956 -113.536 -2.39001 7.69032e+11 124.16
1.00224e+07 1.16975e+11 7.60058e+11 -5.59238e+09 50.2446 -113.624 -2.39235 7.69028e+11 124.26
1.01088e+07 1.16977e+11 7.60054e+11 -5.59249e+09 50.2938 -113.712 -2.39469 7.69023e+11 124.361
1.01952e+07 1.16979e+11 7.60049e+11 -5.59259e+09 50.343 -113.8 -2.39704 7.69018e+11 124.461
1.02816e+07 1.16982e+11 7.60044e+11 -5.59269e+09 50.3924 -113.889 -2.39939 7.69014e+11 124.562
1.0368e+07 1.16984e+11 7.60039e+11 -5.5928e+09 50.4419 -113.977 -2.40174 7.69009e+11 124.663
1.04544e+07 1.16986e+11 7.60034e+11 -5.5929e+09 50.4915 -114.066 -2.40411 7.69005e+11 124.765
1.05408e+07 1.16988e+11 7.60029e+11 -5.59301e+09 50.5412 -114.155 -2.40647 7.69e+11 124.866
1.06272e+07 1.1699e+11 7.60024e+11 -5.59311e+09 50.591 -114.244 -2.40885 7.68996e+11 124.968
1.07136e+07 1.16993e+11 7.60019e+11 -5.59321e+09 50.641 -114.334 -2.41123 7.68991e+11 125.07
1.08e+07 1.16995e+11 7.60014e+11 -5.59332e+09 50.691 -114.423 -2.41361 7.68987e+11 125.172
1.08864e+07 1.16997e+11 7.60009e+11 -5.59342e+09 50.7412 -114.513 -2.416 7.68982e+11 125.275
1.09728e+07 1.16999e+11 7.60004e+11 -5.59353e+09 50.7915 -114.603 -2.4184 7.68978e+11 125.378
1.10592e+07 1.17001e+11 7.59999e+11 -5.59363e+09 50.8419 -114.694 -2.4208 7.68973e+11 125.481
1.11456e+07 1.17004e+11 7.59994e+11 -5.59374e+09 50.8925 -114.784 -2.4232 7.68969e+11 125.584
1.1232e+07 1.17006e+11 7.59989e+11 -5.59384e+09 50.9431 -114.875 -2.42562 7.68964e+11 125.687
1.13184e+07 1.17008e+11 7.59984e+11 -5.59395e+09 50.9939 -114.966 -2.42804 7.68959e+11 125.791
1.14048e+07 1.1701e+11 7.5998e+11 -5.59405e+09 51.0448 -115.057 -2.43046 7.68955e+11 125.895
1.14912e+07 1.17012e+11 7.59975e+11 -5.59415e+09 51.0958 -115.148 -2.43289 7.6895e+11 125.999
1.15776e+07 1.17015e+11 7.5997e+11 -5.59426e+09 51.147 -115.24 -2.43533 7.68946e+11 126.104
1.1664e+07 1.17017e+11 7.59965e+11 -5.59437e+09 51.1982 -115.332 -2.43777 7.68941e+11 126.209
1.17504e+07 1.17019e+11 7.5996e+11 -5.59447e+09 51.2496 -115.424 -2.44021 7.68937e+11 126.314
1.18368e+07 1.17021e+11 7.59955e+11 -5.59458e+09 51.3011 -115.516 -2.44267 7.68932e+11 126.419
1.19232e+07 1.17023e+11 7.5995e+11 -5.59468e+09 51.3528 -115.608 -2.44513 7.68927e+11 126.524
1.20096e+07 1.17026e+11 7.59945e+11 -5.59479e+09 51.4045 -115.701 -2.44759 7.68923e+11 126.63
1.2096e+07 1.17028e+11 7.5994e+11 -5.59489e+09 51.4564 -115.794 -2.45006 7.68918e+11 126.736
1.21824e+07 1.1703e+11 7.59935e+11 -5.595e+09 51.5084 -115.887 -2.45254 7.68914e+11 126.842
1.22688e+07 1.17032e+11 7.5993e+11 -5.5951e+09 51.5606 -115.98 -2.45502 7.68909e+11 126.949
1.23552e+07 1.17034e+11 7.59925e+11 -5.59521e+09 51.6128 -116.074 -2.45751 7.68904e+11 127.055
1.24416e+07 1.17037e+11 7.5992e+11 -5.59532e+09 51.6652 -116.168 -2.46001 7.689e+11 127.163
1.2528e+07 1.17039e+11 7.59915e+11 -5.59542e+09 51.7177 -116.262 -2.46251 7.68895e+11 127.27
1.26144e+07 1.17041e+11 7.5991e+11 -5.59553e+09 51.7704 -116.356 -2.46502 7.6889e+11 127.377
1.27008e+07 1.17043e+11 7.59905e+11 -5.59564e+09 51.8231 -116.451 -2.46753 7.68886e+11 127.485
1.27872e+07 1.17046e+11 7.599e+11 -5.59574e+09 51.876 -116.545 -2.47005 7.68881e+11 127.593
1.28736e+07 1.17048e+11 7.59895e+11 -5.59585e+09 51.9291 -116.64 -2.47257 7.68877e+11 127.701
1.296e+07 1.1705e+11 7.59889e+11 -5.59596e+09 51.9822 -116.735 -2.47511 7.68872e+11 127.81
1.30464e+07 1.17052e+11 7.59884e+11 -5.59606e+09 52.0355 -116.831 -2.47764 7.68867e+11 127.919
1.31328e+07 1.17055e+11 7.59879e+11 -5.59617e+09 52.0889 -116.926 -2.48019 7.68863e+11 128.028
1.32192e+07 1.17057e+11 7.59874e+11 -5.59628e+09 52.1425 -117.022 -2.48274 7.68858e+11 128.137
1.33056e+07 1.17059e+11 7.59869e+11 -5.59638e+09 52.1961 -117.118 -2.48529 7.68853e+11 128.247
1.3392e+07 1.17061e+11 7.59864e+11 -5.59649e+09 52.2499 -117.215 -2.48786 7.68849e+11 128.357
1.34784e+07 1.17064e+11 7.59859e+11 -5.5966e+09 52.3039 -117.311 -2.49043 7.68844e+11 128.467
1.35648e+07 1.17066e+11 7.59854e+11 -5.59671e+09 52.358 -117.408 -2.493 7.68839e+11 128.578
1.36512e+07 1.17068e+11 7.59849e+11 -5.59681e+09 52.4122 -117.505 -2.49558 7.68835e+11 128.688
1.37376e+07 1.1707e+11 7.59844e+11 -5.59692e+09 52.4665 -117.602 -2.49817 7.6883e+11 128.799
1.3824e+07 1.17073e+11 7.59839e+11 -5.59703e+09 52.521 -117.7 -2.50077 7.68825e+11 128.911
1.39104e+07 1.17075e+11 7.59834e+11 -5.59714e+09 52.5756 -117.798 -2.50337 7.68821e+11 129.022
1.39968e+07 1.17077e+11 7.59829e+11 -5.59725e+09 52.6304 -117.896 -2.50597 7.68816e+11 129.134
1.40832e+07 1.1708e+11 7.59824e+11 -5.59735e+09 52.6852 -117.994 -2.50859 7.68811e+11 129.246
1.41696e+07 1.17082e+11 7.59819e+11 -5.59746e+09 52.7403 -118.092 -2.51121 7.68807e+11 129.359
1.4256e+07 1.17084e+11 7.59813e+11 -5.59757e+09 52.7954 -118.191 -2.51384 7.68802e+11 129.471
1.43424e+07 1.17086e+11 7.59808e+11 -5.59768e+09 52.8507 -118.29 -2.51647 7.68797e+11 129.584
1.44288e+07 1.17089e+11 7.59803e+11 -5.59779e+09 52.9061 -118.389 -2.51911 7.68793e+11 129.698
1.45152e+07 1.17091e+11 7.59798e+11 -5.5979e+09 52.9617 -118.489 -2.52176 7.68788e+11 129.811
1.46016e+07 1.17093e+11 7.59793e+11 -5.59801e+09 53.0174 -118.589 -2.52441 7.68783e+11 129.925
1.4688e+07 1.17095e+11 7.59788e+11 -5.59811e+09 53.0733 -118.689 -2.52707 7.68778e+11 130.039
1.47744e+07 1.17098e+11 7.59783e+11 -5.59822e+09 53.1293 -118.789 -2.52974 7.68774e+11 130.153
1.48608e+07 1.171e+11 7.59778e+11 -5.59833e+09 53.1854 -118.889 -2.53241 7.68769e+11 130.268
1.49472e+07 1.17102e+11 7.59772e+11 -5.59844e+09 53.2417 -118.99 -2.53509 7.68764e+11 130.383
1.50336e+07 1.17105e+11 7.59767e+11 -5.59855e+09 53.2981 -119.091 -2.53778 7.6876e+11 130.498
1.512e+07 1.17107e+11 7.59762e+11 -5.59866e+09 53.3547 -119.192 -2.54047 7.68755e+11 130.614
1.52064e+07 1.17109e+11 7.59757e+11 -5.59877e+09 53.4114 -119.294 -2.54317 7.6875e+11 130.73
1.52928e+07 1.17112e+11 7.59752e+11 -5.59888e+09 53.4682 -119.396 -2.54588 7.68745e+11 130.846
1.53792e+07 1.17114e+11 7.59747e+11 -5.59899e+09 53.5252 -119.498 -2.5486 7.68741e+11 130.962
1.54656e+07 1.17116e+11 7.59742e+11 -5.5991e+09 53.5824 -119.6 -2.55132 7.68736e+11 131.079
1.5552e+07 1.17119e+11 7.59736e+11 -5.59921e+09 53.6397 -119.702 -2.55405 7.68731e+11 131.196
1.56384e+07 1.17121e+11 7.59731e+11 -5.59932e+09 53.6971 -119.805 -2.55678 7.68726e+11 131.313
1.57248e+07 1.17123e+11 7.59726e+11 -5.59943e+09 53.7547 -119.908 -2.55952 7.68722e+11 131.431
1.58112e+07 1.17125e+11 7.59721e+11 -5.59954e+09 53.8124 -120.012 -2.56227 7.68717e+11 131.549
1.58976e+07 1.17128e+11 7.59716e+11 -5.59965e+09 53.8703 -120.115 -2.56503 7.68712e+11 131.667
1.5984e+07 1.1713e+11 7.59711e+11 -5.59976e+09 53.9283 -120.219 -2.56779 7.68707e+11 131.786
1.60704e+07 1.17132e+11 7.59705e+11 -5.59987e+09 53.9865 -120.323 -2.57056 7.68703e+11 131.904
1.61568e+07 1.17135e+11 7.597e+11 -5.59999e+09 54.0448 -120.427 -2.57334 7.68698e+11 132.024
1.62432e+07 1.17137e+11 7.59695e+11 -5.6001e+09 54.1033 -120.532 -2.57613 7.68693e+11 132.143
1.63296e+07 1.17139e+11 7.5969e+11 -5.60021e+09 54.1619 -120.637 -2.57892 7.68688e+11 132.263
1.6416e+07 1.17142e+11 7.59685e+11 -5.60032e+09 54.2207 -120.742 -2.58172 7.68683e+11 132.383
1.65024e+07 1.17144e+11 7.59679e+11 -5.60043e+09 54.2796 -120.848 -2.58452 7.68679e+11 132.503
1.65888e+07 1.17146e+11 7.59674e+11 -5.60054e+09 54.3387 -120.953 -2.58734 7.68674e+11 132.624
1.66752e+07 1.17149e+11 7.59669e+11 -5.60065e+09 54.3979 -121.059 -2.59016 7.68669e+11 132.745
1.67616e+07 1.17151e+11 7.59664e+11 -5.60077e+09 54.4573 -121.166 -2.59299 7.68664e+11 132.866
1.6848e+07 1.17154e+11 7.59658e+11 -5.60088e+09 54.5168 -121.272 -2.59582 7.68659e+11 132.988
1.69344e+07 1.17156e+11 7.59653e+11 -5.60099e+09 54.5765 -121.379 -2.59867 7.68655e+11 133.11
1.70208e+07 1.17158e+11 7.59648e+11 -5.6011e+09 54.6364 -121.486 -2.60152 7.6865e+11 133.232
1.71072e+07 1.17161e+11 7.59643e+11 -5.60122e+09 54.6964 -121.594 -2.60438 7.68645e+11 133.355
1.71936e+07 1.17163e+11 7.59637e+11 -5.60133e+09 54.7566 -121.701 -2.60724 7.6864e+11 133.478
1.728e+07 1.17165e+11 7.59632e+11 -5.60144e+09 54.8169 -121.809 -2.61012 7.68635e+11 133.601
1.73664e+07 1.17168e+11 7.59627e+11 -5.60155e+09 54.8774 -121.918 -2.613 7.6863e+11 133.725
1.74528e+07 1.1717e+11 7.59622e+11 -5.60167e+09 54.9381 -122.026 -2.61589 7.68626e+11 133.848
1.75392e+07 1.17172e+11 7.59616e+11 -5.60178e+09 54.9989 -122.135 -2.61878 7.68621e+11 133.973
1.76256e+07 1.17175e+11 7.59611e+11 -5.60189e+09 55.0599 -122.244 -2.62169 7.68616e+11 134.097
1.7712e+07 1.17177e+11 7.59606e+11 -5.60201e+09 55.121 -122.353 -2.6246 7.68611e+11 134.222
1.77984e+07 1.1718e+11 7.59601e+11 -5.60212e+09 55.1823 -122.463 -2.62752 7.68606e+11 134.347
1.78848e+07 1.17182e+11 7.59595e+11 -5.60223e+09 55.2437 -122.573 -2.63044 7.68601e+11 134.473
1.79712e+07 1.17184e+11 7.5959e+11 -5.60235e+09 55.3054 -122.683 -2.63338 7.68596e+11 134.599
1.80576e+07 1.17187e+11 7.59585e+11 -5.60246e+09 55.3672 -122.794 -2.63632 7.68592e+11 134.725
1.8144e+07 1.17189e+11 7.59579e+11 -5.60257e+09 55.4291 -122.905 -2.63927 7.68587e+11 134.852
1.82304e+07 1.17192e+11 7.59574e+11 -5.60269e+09 55.4912 -123.016 -2.64223 7.68582e+11 134.978
1.83168e+07 1.17194e+11 7.59569e+11 -5.6028e+09 55.5535 -123.127 -2.6452 7.68577e+11 135.106
1.84032e+07 1.17196e+11 7.59563e+11 -5.60292e+09 55.616 -123.239 -2.64817 7.68572e+11 135.233
1.84896e+07 1.17199e+11 7.59558e+11 -5.60303e+09 55.6786 -123.351 -2.65115 7.68567e+11 135.361
1.8576e+07 1.17201e+11 7.59553e+11 -5.60314e+09 55.7414 -123.464 -2.65415 7.68562e+11 135.49
1.86624e+07 1.17204e+11 7.59547e+11 -5.60326e+09 55.8043 -123.576 -2.65714 7.68557e+11 135.618
1.87488e+07 1.17206e+11 7.59542e+11 -5.60337e+09 55.8675 -123.689 -2.66015 7.68552e+11 135.747
1.88352e+07 1.17208e+11 7.59537e+11 -5.60349e+09 55.9308 -123.802 -2.66317 7.68548e+11 135.876
1.89216e+07 1.17211e+11 7.59531e+11 -5.6036e+09 55.9942 -123.916 -2.66619 7.68543e+11 136.006
1.9008e+07 1.17213e+11 7.59526e+11 -5.60372e+09 56.0579 -124.03 -2.66922 7.68538e+11 136.136
1.90944e+07 1.17216e+11 7.59521e+11 -5.60383e+09 56.1217 -124.144 -2.67226 7.68533e+11 136.266
1.91808e+07 1.17218e+11 7.59515e+11 -5.60395e+09 56.1857 -124.259 -2.67531 7.68528e+11 136.397
1.92672e+07 1.1722e+11 7.5951e+11 -5.60407e+09 56.2499 -124.373 -2.67836 7.68523e+11 136.528
1.93536e+07 1.17223e+11 7.59505e+11 -5.60418e+09 56.3142 -124.489 -2.68143 7.68518e+11 136.66
1.944e+07 1.17225e+11 7.59499e+11 -5.6043e+09 56.3787 -124.604 -2.6845 7.68513e+11 136.792
1.95264e+07 1.17228e+11 7.59494e+11 -5.60441e+09 56.4434 -124.72 -2.68758 7.68508e+11 136.924
1.96128e+07 1.1723e+11 7.59488e+11 -5.60453e+09 56.5083 -124.836 -2.69067 7.68503e+11 137.056
1.96992e+07 1.17233e+11 7.59483e+11 -5.60464e+09 56.5733 -124.952 -2.69377 7.68498e+11 137.189
1.97856e+07 1.17235e+11 7.59478e+11 -5.60476e+09 56.6386 -125.069 -2.69688 7.68493e+11 137.322
1.9872e+07 1.17238e+11 7.59472e+11 -5.60488e+09 56.704 -125.186 -2.69999 7.68488e+11 137.456
1.99584e+07 1.1724e+11 7.59467e+11 -5.60499e+09 56.7696 -125.303 -2.70312 7.68483e+11 137.59
2.00448e+07 1.17242e+11 7.59461e+11 -5.60511e+09 56.8354 -125.421 -2.70625 7.68478e+11 137.724
2.01312e+07 1.17245e+11 7.59456e+11 -5.60523e+09 56.9013 -125.539 -2.70939 7.68473e+11 137.859
2.02176e+07 1.17247e+11 7.59451e+11 -5.60534e+09 56.9675 -125.657 -2.71254 7.68468e+11 137.994
2.0304e+07 1.1725e+11 7.59445e+11 -5.60546e+09 57.0338 -125.776 -2.7157 7.68463e+11 138.13
2.03904e+07 1.17252e+11 7.5944e+11 -5.60558e+09 57.1003 -125.895 -2.71887 7.68458e+11 138.266
2.04768e+07 1.17255e+11 7.59434e+11 -5.6057e+09 57.167 -126.014 -2.72204 7.68453e+11 138.402
2.05632e+07 1.17257e+11 7.59429e+11 -5.60581e+09 57.2339 -126.134 -2.72523 7.68448e+11 138.538
2.06496e+07 1.1726e+11 7.59423e+11 -5.60593e+09 57.3009 -126.254 -2.72842 7.68443e+11 138.675
2.0736e+07 1.17262e+11 7.59418e+11 -5.60605e+09 57.3682 -126.374 -2.73163 7.68438e+11 138.813
2.08224e+07 1.17265e+11 7.59413e+11 -5.60617e+09 57.4356 -126.495 -2.73484 7.68433e+11 138.951
2.09088e+07 1.17267e+11 7.59407e+11 -5.60629e+09 57.5033 -126.616 -2.73806 7.68428e+11 139.089
2.09952e+07 1.1727e+11 7.59402e+11 -5.6064e+09 57.5711 -126.737 -2.74129 7.68423e+11 139.227
2.10816e+07 1.17272e+11 7.59396e+11 -5.60652e+09 57.6391 -126.859 -2.74453 7.68418e+11 139.366
2.1168e+07 1.17275e+11 7.59391e+11 -5.60664e+09 57.7074 -126.981 -2.74778 7.68413e+11 139.506
2.12544e+07 1.17277e+11 7.59385e+11 -5.60676e+09 57.7758 -127.103 -2.75104 7.68408e+11 139.645
2.13408e+07 1.1728e+11 7.5938e+11 -5.60688e+09 57.8444 -127.226 -2.75431 7.68403e+11 139.786
2.14272e+07 1.17282e+11 7.59374e+11 -5.607e+09 57.9132 -127.349 -2.75758 7.68398e+11 139.926
2.15136e+07 1.17285e+11 7.59369e+11 -5.60712e+09 57.9822 -127.473 -2.76087 7.68393e+11 140.067
2.16e+07 1.17287e+11 7.59363e+11 -5.60724e+09 58.0513 -127.596 -2.76416 7.68388e+11 140.208
2.16864e+07 1.1729e+11 7.59358e+11 -5.60736e+09 58.1207 -127.72 -2.76747 7.68383e+11 140.35
2.17728e+07 1.17292e+11 7.59352e+11 -5.60748e+09 58.1903 -127.845 -2.77078 7.68378e+11 140.492
2.18592e+07 1.17295e+11 7.59347e+11 -5.60759e+09 58.2601 -127.97 -2.77411 7.68373e+11 140.635
2.19456e+07 1.17297e+11 7.59341e+11 -5.60771e+09 58.3301 -128.095 -2.77744 7.68368e+11 140.778
2.2032e+07 1.173e+11 7.59336e+11 -5.60783e+09 58.4003 -128.22 -2.78078 7.68363e+11 140.921
2.21184e+07 1.17302e+11 7.5933e+11 -5.60795e+09 58.4707 -128.346 -2.78414 7.68358e+11 141.065
2.22048e+07 1.17305e+11 7.59325e+11 -5.60807e+09 58.5413 -128.473 -2.7875 7.68352e+11 141.209
2.22912e+07 1.17307e+11 7.59319e+11 -5.6082e+09 58.6121 -128.599 -2.79087 7.68347e+11 141.354
2.23776e+07 1.1731e+11 7.59313e+11 -5.60832e+09 58.6831 -128.726 -2.79425 7.68342e+11 141.499
2.2464e+07 1.17312e+11 7.59308e+11 -5.60844e+09 58.7543 -128.854 -2.79764 7.68337e+11 141.644
2.25504e+07 1.17315e+11 7.59302e+11 -5.60856e+09 58.8257 -128.981 -2.80104 7.68332e+11 141.79
2.26368e+07 1.17317e+11 7.59297e+11 -5.60868e+09 58.8973 -129.11 -2.80446 7.68327e+11 141.937
2.27232e+07 1.1732e+11 7.59291e+11 -5.6088e+09 58.9692 -129.238 -2.80788 7.68322e+11 142.083
2.28096e+07 1.17322e+11 7.59286e+11 -5.60892e+09 59.0412 -129.367 -2.81131 7.68317e+11 142.231
2.2896e+07 1.17325e+11 7.5928e+11 -5.60904e+09 59.1135 -129.496 -2.81475 7.68312e+11 142.378
2.29824e+07 1.17328e+11 7.59274e+11 -5.60916e+09 59.186 -129.626 -2.8182 7.68306e+11 142.526
2.30688e+07 1.1733e+11 7.59269e+11 -5.60929e+09 59.2586 -129.756 -2.82166 7.68301e+11 142.675
2.31552e+07 1.17333e+11 7.59263e+11 -5.60941e+09 59.3315 -129.886 -2.82514 7.68296e+11 142.824
2.32416e+07 1.17335e+11 7.59258e+11 -5.60953e+09 59.4047 -130.017 -2.82862 7.68291e+11 142.973
2.3328e+07 1.17338e+11 7.59252e+11 -5.60965e+09 59.478 -130.148 -2.83211 7.68286e+11 143.123
2.34144e+07 1.1734e+11 7.59246e+11 -5.60977e+09 59.5515 -130.28 -2.83561 7.68281e+11 143.273
2.35008e+07 1.17343e+11 7.59241e+11 -5.6099e+09 59.6253 -130.412 -2.83913 7.68276e+11 143.424
2.35872e+07 1.17345e+11 7.59235e+11 -5.61002e+09 59.6993 -130.544 -2.84265 7.6827e+11 143.575
2.36736e+07 1.17348e+11 7.59229e+11 -5.61014e+09 59.7735 -130.677 -2.84619 7.68265e+11 143.727
2.376e+07 1.17351e+11 7.59224e+11 -5.61026e+09 59.8479 -130.81 -2.84973 7.6826e+11 143.879
2.38464e+07 1.17353e+11 7.59218e+11 -5.61039e+09 59.9226 -130.943 -2.85329 7.68255e+11 144.031
2.39328e+07 1.17356e+11 7.59212e+11 -5.61051e+09 59.9974 -131.077 -2.85685 7.6825e+11 144.184
2.40192e+07 1.17358e+11 7.59207e+11 -5.61063e+09 60.0725 -131.211 -2.86043 7.68244e+11 144.337
2.41056e+07 1.17361e+11 7.59201e+11 -5.61076e+09 60.1479 -131.346 -2.86402 7.68239e+11 144.491
2.4192e+07 1.17364e+11 7.59195e+11 -5.61088e+09 60.2234 -131.481 -2.86761 7.68234e+11 144.646
2.42784e+07 1.17366e+11 7.5919e+11 -5.61101e+09 60.2992 -131.617 -2.87123 7.68229e+11 144.8
2.43648e+07 1.17369e+11 7.59184e+11 -5.61113e+09 60.3753 -131.752 -2.87486 7.68224e+11 144.956
2.44512e+07 1.17371e+11 7.59178e+11 -5.61125e+09 60.4516 -131.889 -2.87849 7.68218e+11 145.111
2.45376e+07 1.17374e+11 7.59173e+11 -5.61138e+09 60.528 -132.025 -2.88214 7.68213e+11 145.268
2.4624e+07 1.17377e+11 7.59167e+11 -5.6115e+09 60.6047 -132.163 -2.88579 7.68208e+11 145.424
2.47104e+07 1.17379e+11 7.59161e+11 -5.61163e+09 60.6817 -132.3 -2.88945 7.68203e+11 145.581
2.47968e+07 1.17382e+11 7.59156e+11 -5.61175e+09 60.7588 -132.438 -2.89313 7.68197e+11 145.739
2.48832e+07 1.17385e+11 7.5915e+11 -5.61188e+09 60.8362 -132.577 -2.89681 7.68192e+11 145.897
2.49696e+07 1.17387e+11 7.59144e+11 -5.612e+09 60.9139 -132.715 -2.90051 7.68187e+11 146.056
2.5056e+07 1.1739e+11 7.59138e+11 -5.61213e+09 60.9918 -132.855 -2.90422 7.68182e+11 146.215
2.51424e+07 1.17392e+11 7.59133e+11 -5.61225e+09 61.0699 -132.994 -2.90794 7.68176e+11 146.375
2.52288e+07 1.17395e+11 7.59127e+11 -5.61238e+09 61.1482 -133.135 -2.91167 7.68171e+11 146.535
2.53152e+07 1.17398e+11 7.59121e+11 -5.6125e+09 61.2268 -133.275 -2.91542 7.68166e+11 146.695
2.54016e+07 1.174e+11 7.59115e+11 -5.61263e+09 61.3057 -133.416 -2.91917 7.68161e+11 146.856
2.5488e+07 1.17403e+11 7.5911e+11 -5.61276e+09 61.3848 -133.557 -2.92294 7.68155e+11 147.018
2.55744e+07 1.17406e+11 7.59104e+11 -5.61288e+09 61.4641 -133.699 -2.92672 7.6815e+11 147.18
2.56608e+07 1.17408e+11 7.59098e+11 -5.61301e+09 61.5437 -133.842 -2.93051 7.68145e+11 147.342
2.57472e+07 1.17411e+11 7.59092e+11 -5.61314e+09 61.6235 -133.984 -2.93431 7.68139e+11 147.506
2.58336e+07 1.17414e+11 7.59087e+11 -5.61326e+09 61.7036 -134.128 -2.93813 7.68134e+11 147.669
2.592e+07 1.17416e+11 7.59081e+11 -5.61339e+09 61.7839 -134.271 -2.94195 7.68129e+11 147.833
2.60064e+07 1.17419e+11 7.59075e+11 -5.61352e+09 61.8645 -134.415 -2.94579 7.68123e+11 147.998
2.60928e+07 1.17422e+11 7.59069e+11 -5.61364e+09 61.9453 -134.56 -2.94964 7.68118e+11 148.163
2.61792e+07 1.17424e+11 7.59063e+11 -5.61377e+09 62.0264 -134.705 -2.9535 7.68113e+11 148.329
2.62656e+07 1.17427e+11 7.59058e+11 -5.6139e+09 62.1078 -134.85 -2.95737 7.68107e+11 148.495
2.6352e+07 1.1743e+11 7.59052e+11 -5.61403e+09 62.1894 -134.996 -2.96126 7.68102e+11 148.661
2.64384e+07 1.17432e+11 7.59046e+11 -5.61415e+09 62.2712 -135.142 -2.96516 7.68097e+11 148.829
2.65248e+07 1.17435e+11 7.5904e+11 -5.61428e+09 62.3533 -135.289 -2.96907 7.68091e+11 148.996
2.66112e+07 1.17438e+11 7.59034e+11 -5.61441e+09 62.4357 -135.437 -2.97299 7.68086e+11 149.165
2.66976e+07 1.1744e+11 7.59028e+11 -5.61454e+09 62.5183 -135.584 -2.97693 7.68081e+11 149.334
2.6784e+07 1.17443e+11 7.59023e+11 -5.61467e+09 62.6012 -135.733 -2.98088 7.68075e+11 149.503
2.68704e+07 1.17446e+11 7.59017e+11 -5.6148e+09 62.6844 -135.881 -2.98484 7.6807e+11 149.673
2.69568e+07 1.17449e+11 7.59011e+11 -5.61493e+09 62.7678 -136.03 -2.98881 7.68064e+11 149.843
2.70432e+07 1.17451e+11 7.59005e+11 -5.61505e+09 62.8515 -136.18 -2.9928 7.68059e+11 150.014
2.71296e+07 1.17454e+11 7.58999e+11 -5.61518e+09 62.9355 -136.33 -2.9968 7.68054e+11 150.186
2.7216e+07 1.17457e+11 7.58993e+11 -5.61531e+09 63.0197 -136.481 -3.00081 7.68048e+11 150.358
2.73024e+07 1.17459e+11 7.58987e+11 -5.61544e+09 63.1042 -136.632 -3.00483 7.68043e+11 150.53
2.73888e+07 1.17462e+11 7.58981e+11 -5.61557e+09 63.189 -136.783 -3.00887 7.68037e+11 150.704
2.74752e+07 1.17465e+11 7.58975e+11 -5.6157e+09 63.2741 -136.935 -3.01292 7.68032e+11 150.877
2.75616e+07 1.17468e+11 7.5897e+11 -5.61583e+09 63.3594 -137.088 -3.01699 7.68027e+11 151.052
2.7648e+07 1.1747e+11 7.58964e+11 -5.61596e+09 63.445 -137.241 -3.02106 7.68021e+11 151.227
2.77344e+07 1.17473e+11 7.58958e+11 -5.61609e+09 63.5309 -137.395 -3.02515 7.68016e+11 151.402
2.78208e+07 1.17476e+11 7.58952e+11 -5.61622e+09 63.617 -137.549 -3.02926 7.6801e+11 151.578
2.79072e+07 1.17479e+11 7.58946e+11 -5.61636e+09 63.7035 -137.703 -3.03337 7.68005e+11 151.755
2.79936e+07 1.17481e+11 7.5894e+11 -5.61649e+09 63.7902 -137.858 -3.03751 7.67999e+11 151.932
2.808e+07 1.17484e+11 7.58934e+11 -5.61662e+09 63.8772 -138.014 -3.04165 7.67994e+11 152.11
2.81664e+07 1.17487e+11 7.58928e+11 -5.61675e+09 63.9645 -138.17 -3.04581 7.67988e+11 152.288
2.82528e+07 1.1749e+11 7.58922e+11 -5.61688e+09 64.0521 -138.326 -3.04998 7.67983e+11 152.467
2.83392e+07 1.17492e+11 7.58916e+11 -5.61701e+09 64.14 -138.483 -3.05416 7.67978e+11 152.646
2.84256e+07 1.17495e+11 7.5891e+11 -5.61714e+09 64.2281 -138.641 -3.05836 7.67972e+11 152.826
2.8512e+07 1.17498e+11 7.58904e+11 -5.61728e+09 64.3166 -138.799 -3.06258 7.67967e+11 153.007
2.85984e+07 1.17501e+11 7.58898e+11 -5.61741e+09 64.4053 -138.958 -3.0668 7.67961e+11 153.188
2.86848e+07 1.17503e+11 7.58892e+11 -5.61754e+09 64.4944 -139.117 -3.07104 7.67956e+11 153.37
2.87712e+07 1.17506e+11 7.58886e+11 -5.61767e+09 64.5837 -139.277 -3.0753 7.6795e+11 153.553
2.88576e+07 1.17509e+11 7.5888e+11 -5.61781e+09 64.6734 -139.437 -3.07957 7.67945e+11 153.736
2.8944e+07 1.17512e+11 7.58874e+11 -5.61794e+09 64.7633 -139.598 -3.08385 7.67939e+11 153.92
2.90304e+07 1.17515e+11 7.58868e+11 -5.61807e+09 64.8535 -139.759 -3.08815 7.67933e+11 154.104
2.91168e+07 1.17517e+11 7.58862e+11 -5.61821e+09 64.9441 -139.921 -3.09246 7.67928e+11 154.289
2.92032e+07 1.1752e+11 7.58856e+11 -5.61834e+09 65.0349 -140.083 -3.09679 7.67922e+11 154.475
2.92896e+07 1.17523e+11 7.5885e+11 -5.61847e+09 65.1261 -140.246 -3.10113 7.67917e+11 154.661
2.9376e+07 1.17526e+11 7.58844e+11 -5.61861e+09 65.2175 -140.41 -3.10549 7.67911e+11 154.848
2.94624e+07 1.17529e+11 7.58838e+11 -5.61874e+09 65.3093 -140.574 -3.10986 7.67906e+11 155.035
2.95488e+07 1.17531e+11 7.58832e+11 -5.61888e+09 65.4014 -140.738 -3.11424 7.679e+11 155.223
2.96352e+07 1.17534e+11 7.58826e+11 -5.61901e+09 65.4938 -140.903 -3.11864 7.67895e+11 155.412
2.97216e+07 1.17537e+11 7.58819e+11 -5.61915e+09 65.5865 -141.069 -3.12306 7.67889e+11 155.601
2.9808e+07 1.1754e+11 7.58813e+11 -5.61928e+09 65.6795 -141.235 -3.12749 7.67883e+11 155.791
2.98944e+07 1.17543e+11 7.58807e+11 -5.61942e+09 65.7729 -141.402 -3.13193 7.67878e+11 155.982
2.99808e+07 1.17546e+11 7.58801e+11 -5.61955e+09 65.8665 -141.569 -3.13639 7.67872e+11 156.173
3.00672e+07 1.17549e+11 7.58795e+11 -5.61969e+09 65.9605 -141.737 -3.14087 7.67867e+11 156.365
3.01536e+07 1.17551e+11 7.58789e+11 -5.61982e+09 66.0548 -141.906 -3.14536 7.67861e+11 156.558
3.024e+07 1.17554e+11 7.58783e+11 -5.61996e+09 66.1494 -142.075 -3.14987 7.67855e+11 156.751
3.03264e+07 1.17557e+11 7.58777e+11 -5.62009e+09 66.2444 -142.245 -3.15439 7.6785e+11 156.945
3.04128e+07 1.1756e+11 7.58771e+11 -5.62023e+09 66.3397 -142.415 -3.15893 7.67844e+11 157.14
3.04992e+07 1.17563e+11 7.58764e+11 -5.62037e+09 66.4353 -142.586 -3.16348 7.67839e+11 157.335
3.05856e+07 1.17566e+11 7.58758e+11 -5.6205e+09 66.5312 -142.758 -3.16805 7.67833e+11 157.531
3.0672e+07 1.17569e+11 7.58752e+11 -5.62064e+09 66.6275 -142.93 -3.17264 7.67827e+11 157.728
3.07584e+07 1.17571e+11 7.58746e+11 -5.62078e+09 66.7241 -143.102 -3.17724 7.67822e+11 157.926
3.08448e+07 1.17574e+11 7.5874e+11 -5.62091e+09 66.8211 -143.276 -3.18186 7.67816e+11 158.124
3.09312e+07 1.17577e+11 7.58734e+11 -5.62105e+09 66.9184 -143.449 -3.18649 7.6781e+11 158.322
3.10176e+07 1.1758e+11 7.58727e+11 -5.62119e+09 67.016 -143.624 -3.19114 7.67805e+11 158.522
3.1104e+07 1.17583e+11 7.58721e+11 -5.62133e+09 67.114 -143.799 -3.19581 7.67799e+11 158.722
3.11904e+07 1.17586e+11 7.58715e+11 -5.62147e+09 67.2123 -143.975 -3.20049 7.67793e+11 158.923
3.12768e+07 1.17589e+11 7.58709e+11 -5.6216e+09 67.311 -144.151 -3.20519 7.67787e+11 159.124
3.13632e+07 1.17592e+11 7.58702e+11 -5.62174e+09 67.41 -144.328 -3.20991 7.67782e+11 159.327
3.14496e+07 1.17595e+11 7.58696e+11 -5.62188e+09 67.5094 -144.506 -3.21464 7.67776e+11 159.53
