0 -2.08251e+12 -1.84266e+12 2.01019e+10 2057.21 -5581.67 -5032.72 2.78076e+12 7792.01
86400 -2.08247e+12 -1.84305e+12 2.01331e+10 3493.87 -4463.77 5247.83 2.78099e+12 7724.77
172800 2.02539e+12 -4.40947e+12 -1.19475e+13 8.64411e+07 -5.40064e+07 -2.51844e+08 1.28953e+13 2.71688e+08
259200 2.0478e+12 -4.42347e+12 -1.20128e+13 259323 -162019 -755533 1.29641e+13 815064
345600 2.04786e+12 -4.42351e+12 -1.20129e+13 777.959 -486.034 -2266.54 1.29643e+13 2445.13
432000 2.04786e+12 -4.42351e+12 -1.20129e+13 2.32309 -1.43479 -6.73631 1.29643e+13 7.26864
518400 2.04786e+12 -4.42351e+12 -1.20129e+13 -0.00382204 0.0190052 0.0430944 1.29643e+13 0.047254
604800 2.04786e+12 -4.42351e+12 -1.20129e+13 -0.0108028 0.0233666 0.0634326 1.29643e+13 0.0684573
691200 2.04786e+12 -4.42351e+12 -1.20129e+13 -0.0108237 0.0233797 0.0634937 1.29643e+13 0.0685216
777600 2.04786e+12 -4.42351e+12 -1.20129e+13 -0.0108238 0.0233797 0.0634938 1.29643e+13 0.0685218
864000 2.04786e+12 -4.42351e+12 -1.20129e+13 -0.0108238 0.0233797 0.0634938 1.29643e+13 0.0685218
950400 2.04786e+12 -4.42351e+12 -1.20129e+13 -0.0108238 0.0233797 0.0634938 1.29643e+13 0.0685218
1.0368e+06 2.04786e+12 -4.42351e+12 -1.20129e+13 -0.0108238 0.0233797 0.0634938 1.29643e+13 0.0685218
1.1232e+06 2.04786e+12 -4.42351e+12 -1.20129e+13 -0.0108238 0.0233797 0.0634938 1.29643e+13 0.0685218
1.2096e+06 2.04786e+12 -4.42351e+12 -1.20129e+13 -0.0108238 0.0233797 0.0634938 1.29643e+13 0.0685218
1.296e+06 2.04786e+12 -4.42351e+12 -1.20129e+13 -0.0108238 0.0233797 0.0634938 1.29643e+13 0.0685218
1.3824e+06 2.04786e+12 -4.42351e+12 -1.20129e+13 -0.0108238 0.0233797 0.0634938 1.29643e+13 0.0685218
1.4688e+06 2.04786e+12 -4.42351e+12 -1.20129e+13 -0.0108238 0.0233797 0.0634938 1.29643e+13 0.0685218
1.5552e+06 2.04786e+12 -4.42351e+12 -1.20129e+13 -0.0108238 0.0233797 0.0634938 1.29643e+13 0.0685218
1.6416e+06 2.04786e+12 -4.42351e+12 -1.20129e+13 -0.0108238 0.0233797 0.0634938 1.29643e+13 0.0685218
1.728e+06 2.04786e+12 -4.42351e+12 -1.20129e+13 -0.0108238 0.0233797 0.0634938 1.29643e+13 0.0685218
1.8144e+06 2.04786e+12 -4.42351e+12 -1.20129e+13 -0.0108238 0.0233797 0.0634938 1.29643e+13 0.0685218
1.9008e+06 2.04786e+12 -4.42351e+12 -1.20129e+13 -0.0108238 0.0233797 0.0634938 1.29643e+13 0.0685218
1.9872e+06 2.04786e+12 -4.42351e+12 -1.20129e+13 -0.0108238 0.0233797 0.0634938 1.29643e+13 0.0685218
2.0736e+06 2.04786e+12 -4.42351e+12 -1.20129e+13 -0.0108238 0.0233797 0.0634938 1.29643e+13 0.0685218
2.16e+06 2.04786e+12 -4.42351e+12 -1.20129e+13 -0.0108238 0.0233797 0.0634938 1.29643e+13 0.0685218
2.2464e+06 2.04786e+12 -4.42351e+12 -1.20129e+13 -0.0108238 0.0233797 0.0634938 1.29643e+13 0.0685218
2.3328e+06 2.04786e+12 -4.42351e+12 -1.20129e+13 -0.0108238 0.0233797 0.0634938 1.29643e+13 0.0685218
2.4192e+06 2.04786e+12 -4.42351e+12 -1.20129e+13 -0.0108238 0.0233797 0.0634938 1.29643e+13 0.0685218
2.5056e+06 2.04786e+12 -4.42351e+12 -1.20129e+13 -0.0108238 0.0233797 0.0634938 1.29643e+13 0.0685218
2.592e+06 2.04786e+12 -4.42351e+12 -1.20129e+13 -0.0108238 0.0233797 0.0634938 1.29643e+13 0.0685218
2.6784e+06 2.04786e+12 -4.42351e+12 -1.20129e+13 -0.0108238 0.0233797 0.0634938 1.29643e+13 0.0685218
2.7648e+06 2.04786e+12 -4.42351e+12 -1.20129e+13 -0.0108238 0.0233797 0.0634938 1.29643e+13 0.0685218
2.8512e+06 2.04786e+12 -4.42351e+12 -1.20129e+13 -0.0108238 0.0233797 0.0634938 1.29643e+13 0.0685218
2.9376e+06 2.04786e+12 -4.42351e+12 -1.20129e+13 -0.0108238 0.0233797 0.0634938 1.29643e+13 0.0685218
3.024e+06 2.04786e+12 -4.42351e+12 -1.20129e+13 -0.0108238 0.0233797 0.0634938 1.29643e+13 0.0685218
3.1104e+06 2.04786e+12 -4.42351e+12 -1.20129e+13 -0.0108238 0.0233797 0.0634938 1.29643e+13 0.0685218
3.1968e+06 2.04786e+12 -4.42351e+12 -1.20129e+13 -0.0108238 0.0233797 0.0634938 1.29643e+13 0.0685218
3.2832e+06 2.04786e+12 -4.42351e+12 -1.20129e+13 -0.0108238 0.0233797 0.0634938 1.29643e+13 0.0685218
3.3696e+06 2.04786e+12 -4.42351e+12 -1.20129e+13 -0.0108238 0.0233797 0.0634938 1.29643e+13 0.0685218
3.456e+06 2.04786e+12 -4.42351e+12 -1.20129e+13 -0.0108238 0.0233797 0.0634938 1.29643e+13 0.0685218
3.5424e+06 2.04786e+12 -4.42351e+12 -1.20129e+13 -0.0108238 0.0233797 0.0634938 1.29643e+13 0.0685218
3.6288e+06 2.04786e+12 -4.42351e+12 -1.20129e+13 -0.0108238 0.0233797 0.0634938 1.29643e+13 0.0685218
3.7152e+06 2.04786e+12 -4.42351e+12 -1.20129e+13 -0.0108238 0.0233797 0.0634938 1.29643e+13 0.0685218
3.8016e+06 2.04786e+12 -4.42351e+12 -1.20129e+13 -0.0108238 0.0233797 0.0634938 1.29643e+13 0.0685218
3.888e+06 2.04786e+12 -4.42351e+12 -1.20129e+13 -0.0108238 0.0233797 0.0634938 1.29643e+13 0.0685218
3.9744e+06 2.04786e+12 -4.42351e+12 -1.20129e+13 -0.0108238 0.0233797 0.0634938 1.29643e+13 0.0685218
4.0608e+06 2.04786e+12 -4.42351e+12 -1.20129e+13 -0.0108238 0.0233797 0.0634938 1.29643e+13 0.0685218
4.1472e+06 2.04786e+12 -4.42351e+12 -1.20129e+13 -0.0108238 0.0233797 0.0634938 1.29643e+13 0.0685218
4.2336e+06 2.04786e+12 -4.42351e+12 -1.20129e+13 -0.0108238 0.0233797 0.0634938 1.29643e+13 0.0685218
4.32e+06 2.04786e+12 -4.42351e+12 -1.20129e+13 -0.0108238 0.0233797 0.0634938 1.29643e+13 0.0685218
4.4064e+06 2.04786e+12 -4.42351e+12 -1.20129e+13 -0.0108238 0.0233797 0.0634938 1.29643e+13 0.0685218
4.4928e+06 2.04786e+12 -4.42351e+12 -1.20129e+13 -0.0108238 0.0233797 0.0634938 1.29643e+13 0.0685218
4.5792e+06 2.04786e+12 -4.42351e+12 -1.20129e+13 -0.0108238 0.0233797 0.0634938 1.29643e+13 0.0685218
4.6656e+06 2.04786e+12 -4.42351e+12 -1.20129e+13 -0.0108238 0.0233797 0.0634938 1.29643e+13 0.0685218
4.752e+06 2.04786e+12 -4.42351e+12 -1.20129e+13 -0.0108238 0.0233797 0.0634938 1.29643e+13 0.0685218
4.8384e+06 2.04786e+12 -4.42351e+12 -1.20129e+13 -0.0108238 0.0233797 0.0634938 1.29643e+13 0.0685218
4.9248e+06 2.04786e+12 -4.42351e+12 -1.20129e+13 -0.0108238 0.0233797 0.0634938 1.29643e+13 0.0685218
5.0112e+06 2.04786e+12 -4.42351e+12 -1.20129e+13 -0.0108238 0.0233797 0.0634938 1.29643e+13 0.0685218
5.0976e+06 2.04786e+12 -4.42351e+12 -1.20129e+13 -0.0108238 0.0233797 0.0634938 1.29643e+13 0.0685218
5.184e+06 2.04786e+12 -4.42351e+12 -1.20129e+13 -0.0108238 0.0233797 0.0634938 1.29643e+13 0.0685218
5.2704e+06 2.04786e+12 -4.42351e+12 -1.20129e+13 -0.0108238 0.0233797 0.0634938 1.29643e+13 0.0685218
5.3568e+06 2.04786e+12 -4.42351e+12 -1.20129e+13 -0.0108238 0.0233797 0.0634938 1.29643e+13 0.0685218
5.4432e+06 2.04786e+12 -4.42351e+12 -1.20129e+13 -0.0108238 0.0233797 0.0634938 1.29643e+13 0.0685218
5.5296e+06 2.04786e+12 -4.42351e+12 -1.20129e+13 -0.0108238 0.0233797 0.0634938 1.29643e+13 0.0685218
5.616e+06 2.04786e+12 -4.42351e+12 -1.20129e+13 -0.0108238 0.0233797 0.0634938 1.29643e+13 0.0685218
5.7024e+06 2.04786e+12 -4.42351e+12 -1.20129e+13 -0.0108238 0.0233797 0.0634938 1.29643e+13 0.0685218
5.7888e+06 2.04786e+12 -4.42351e+12 -1.20129e+13 -0.0108238 0.0233797 0.0634938 1.29643e+13 0.0685218
5.8752e+06 2.04786e+12 -4.42351e+12 -1.20129e+13 -0.0108238 0.0233797 0.0634938 1.29643e+13 0.0685218
5.9616e+06 2.04786e+12 -4.42351e+12 -1.20129e+13 -0.0108238 0.0233797 0.0634938 1.29643e+13 0.0685218
6.048e+06 2.04786e+12 -4.42351e+12 -1.20129e+13 -0.0108238 0.0233797 0.0634938 1.29643e+13 0.0685218
6.1344e+06 2.04786e+12 -4.42351e+12 -1.20129e+13 -0.0108238 0.0233797 0.0634938 1.29643e+13 0.0685218
6.2208e+06 2.04786e+12 -4.42351e+12 -1.20129e+13 -0.0108238 0.0233797 0.0634938 1.29643e+13 0.0685218
6.3072e+06 2.04786e+12 -4.42351e+12 -1.20129e+13 -0.0108238 0.0233797 0.0634938 1.29643e+13 0.0685218
6.3936e+06 2.04786e+12 -4.42351e+12 -1.20129e+13 -0.0108238 0.0233797 0.0634938 1.29643e+13 0.0685218
6.48e+06 2.04786e+12 -4.42351e+12 -1.20129e+13 -0.0108238 0.0233797 0.0634938 1.29643e+13 0.0685218
6.5664e+06 2.04786e+12 -4.42351e+12 -1.20129e+13 -0.0108238 0.0233797 0.0634938 1.29643e+13 0.0685218
6.6528e+06 2.04786e+12 -4.42351e+12 -1.20129e+13 -0.0108238 0.0233797 0.0634938 1.29643e+13 0.0685218
6.7392e+06 2.04786e+12 -4.42351e+12 -1.20129e+13 -0.0108238 0.0233797 0.0634938 1.29643e+13 0.0685218
6.8256e+06 2.04786e+12 -4.42351e+12 -1.20129e+13 -0.0108238 0.0233797 0.0634938 1.29643e+13 0.0685218
6.912e+06 2.04786e+12 -4.42351e+12 -1.20129e+13 -0.0108238 0.0233797 0.0634938 1.29643e+13 0.0685218
6.9984e+06 2.04786e+12 -4.42351e+12 -1.20129e+13 -0.0108238 0.0233797 0.0634938 1.29643e+13 0.0685218
7.0848e+06 2.04786e+12 -4.42351e+12 -1.20129e+13 -0.0108238 0.0233797 0.0634938 1.29643e+13 0.0685218
7.1712e+06 2.04786e+12 -4.42351e+12 -1.20129e+13 -0.0108238 0.0233797 0.0634938 1.29643e+13 0.0685218
7.2576e+06 2.04786e+12 -4.42351e+12 -1.20129e+13 -0.0108238 0.0233797 0.0634938 1.29643e+13 0.0685218
7.344e+06 2.04786e+12 -4.42351e+12 -1.20129e+13 -0.0108238 0.0233797 0.0634938 1.29643e+13 0.0685218
7.4304e+06 2.04786e+12 -4.42351e+12 -1.20129e+13 -0.0108238 0.0233797 0.0634938 1.29643e+13 0.0685218
7.5168e+06 2.04786e+12 -4.42351e+12 -1.20129e+13 -0.0108238 0.0233797 0.0634938 1.29643e+13 0.0685218
7.6032e+06 2.04786e+12 -4.42351e+12 -1.20129e+13 -0.0108238 0.0233797 0.0634938 1.29643e+13 0.0685218
7.6896e+06 2.04786e+12 -4.42351e+12 -1.20129e+13 -0.0108238 0.0233797 0.0634938 1.29643e+13 0.0685218
7.776e+06 2.04786e+12 -4.42351e+12 -1.20129e+13 -0.0108238 0.0233797 0.0634938 1.29643e+13 0.0685218
7.8624e+06 2.04786e+12 -4.42351e+12 -1.20129e+13 -0.0108238 0.0233797 0.0634938 1.29643e+13 0.0685218
7.9488e+06 2.04786e+12 -4.42351e+12 -1.20129e+13 -0.0108238 0.0233797 0.0634938 1.29643e+13 0.0685218
8.0352e+06 2.04786e+12 -4.42351e+12 -1.20129e+13 -0.0108238 0.0233797 0.0634938 1.29643e+13 0.0685218
8.1216e+06 2.04786e+12 -4.42351e+12 -1.20129e+13 -0.0108238 0.0233797 0.0634938 1.29643e+13 0.0685218
8.208e+06 2.04786e+12 -4.42351e+12 -1.20129e+13 -0.0108238 0.0233797 0.0634938 1.29643e+13 0.0685218
8.2944e+06 2.04786e+12 -4.42351e+12 -1.20129e+13 -0.0108238 0.0233797 0.0634938 1.29643e+13 0.0685218
8.3808e+06 2.04786e+12 -4.42351e+12 -1.20129e+13 -0.0108238 0.0233797 0.0634938 1.29643e+13 0.0685218
8.4672e+06 2.04786e+12 -4.42351e+12 -1.20129e+13 -0.0108238 0.0233797 0.0634938 1.29643e+13 0.0685218
8.5536e+06 2.04786e+12 -4.42351e+12 -1.20129e+13 -0.0108238 0.0233797 0.0634938 1.29643e+13 0.0685218
8.64e+06 2.04786e+12 -4.42351e+12 -1.20129e+13 -0.0108238 0.0233797 0.0634938 1.29643e+13 0.0685218
8.7264e+06 2.04786e+12 -4.42351e+12 -1.20129e+13 -0.0108238 0.0233797 0.0634938 1.29643e+13 0.0685218
8.8128e+06 2.04786e+12 -4.42351e+12 -1.20129e+13 -0.0108238 0.0233797 0.0634938 1.29643e+13 0.0685218
8.8992e+06 2.04786e+12 -4.42351e+12 -1.20129e+13 -0.0108238 0.0233797 0.0634938 1.29643e+13 0.0685218
8.9856e+06 2.04786e+12 -4.42351e+12 -1.20129e+13 -0.0108238 0.0233797 0.0634938 1.29643e+13 0.0685218
9.072e+06 2.04786e+12 -4.42351e+12 -1.20129e+13 -0.0108238 0.0233797 0.0634938 1.29643e+13 0.0685218
9.1584e+06 2.04786e+12 -4.42351e+12 -1.20129e+13 -0.0108238 0.0233797 0.0634938 1.29643e+13 0.0685218
9.2448e+06 2.04786e+12 -4.42351e+12 -1.20129e+13 -0.0108238 0.0233797 0.0634938 1.29643e+13 0.0685218
9.3312e+06 2.04786e+12 -4.42351e+12 -1.20129e+13 -0.0108238 0.0233797 0.0634938 1.29643e+13 0.0685218
9.4176e+06 2.04786e+12 -4.42351e+12 -1.20129e+13 -0.0108238 0.0233797 0.0634938 1.29643e+13 0.0685218
9.504e+06 2.04786e+12 -4.42351e+12 -1.20129e+13 -0.0108238 0.0233797 0.0634938 1.29643e+13 0.0685218
9.5904e+06 2.04786e+12 -4.42351e+12 -1.20129e+13 -0.0108238 0.0233797 0.0634938 1.29643e+13 0.0685218
9.6768e+06 2.04786e+12 -4.42351e+12 -1.20129e+13 -0.0108238 0.0233797 0.0634938 1.29643e+13 0.0685218
9.7632e+06 2.04786e+12 -4.42351e+12 -1.20129e+13 -0.0108238 0.0233797 0.0634938 1.29643e+13 0.0685218
9.8496e+06 2.04786e+12 -4.42351e+12 -1.20129e+13 -0.0108238 0.0233797 0.0634938 1.29643e+13 0.0685218
9.936e+06 2.04786e+12 -4.42351e+12 -1.20129e+13 -0.0108238 0.0233797 0.0634938 1.29643e+13 0.0685218
1.00224e+07 2.04786e+12 -4.42351e+12 -1.20129e+13 -0.0108238 0.0233797 0.0634938 1.29643e+13 0.0685218
1.01088e+07 2.04786e+12 -4.42351e+12 -1.20129e+13 -0.0108238 0.0233797 0.0634938 1.29643e+13 0.0685218
1.01952e+07 2.04786e+12 -4.42351e+12 -1.20129e+13 -0.0108238 0.0233797 0.0634938 1.29643e+13 0.0685218
1.02816e+07 2.04786e+12 -4.42351e+12 -1.20129e+13 -0.0108238 0.0233797 0.0634938 1.29643e+13 0.0685218
1.0368e+07 2.04786e+12 -4.42351e+12 -1.20129e+13 -0.0108238 0.0233797 0.0634938 1.29643e+13 0.0685218
1.04544e+07 2.04786e+12 -4.42351e+12 -1.20129e+13 -0.0108238 0.0233797 0.0634938 1.29643e+13 0.0685218
1.05408e+07 2.04786e+12 -4.42351e+12 -1.20129e+13 -0.0108238 0.0233797 0.0634938 1.29643e+13 0.0685218
1.06272e+07 2.04786e+12 -4.42351e+12 -1.20129e+13 -0.0108238 0.0233797 0.0634938 1.29643e+13 0.0685218
1.07136e+07 2.04786e+12 -4.42351e+12 -1.20129e+13 -0.0108238 0.0233797 0.0634938 1.29643e+13 0.0685218
1.08e+07 2.04786e+12 -4.42351e+12 -1.20129e+13 -0.0108238 0.0233797 0.0634938 1.29643e+13 0.0685218
1.08864e+07 2.04786e+12 -4.42351e+12 -1.20129e+13 -0.0108238 0.0233797 0.0634938 1.29643e+13 0.0685218
1.09728e+07 2.04786e+12 -4.42351e+12 -1.20129e+13 -0.0108238 0.0233797 0.0634938 1.29643e+13 0.0685218
1.10592e+07 2.04786e+12 -4.42351e+12 -1.20129e+13 -0.0108238 0.0233797 0.0634938 1.29643e+13 0.0685218
1.11456e+07 2.04786e+12 -4.42351e+12 -1.20129e+13 -0.0108238 0.0233797 0.0634938 1.29643e+13 0.0685218
1.1232e+07 2.04786e+12 -4.42351e+12 -1.20129e+13 -0.0108238 0.0233797 0.0634938 1.29643e+13 0.0685218
1.13184e+07 2.04786e+12 -4.42351e+12 -1.20129e+13 -0.0108238 0.0233797 0.0634938 1.29643e+13 0.0685218
1.14048e+07 2.04786e+12 -4.42351e+12 -1.20129e+13 -0.0108238 0.0233797 0.0634938 1.29643e+13 0.0685218
1.14912e+07 2.04786e+12 -4.42351e+12 -1.20129e+13 -0.0108238 0.0233797 0.0634938 1.29643e+13 0.0685218
1.15776e+07 2.04786e+12 -4.42351e+12 -1.20129e+13 -0.0108238 0.0233797 0.0634938 1.29643e+13 0.0685218
1.1664e+07 2.04786e+12 -4.42351e+12 -1.20129e+13 -0.0108238 0.0233797 0.0634938 1.29643e+13 0.0685218
1.17504e+07 2.04786e+12 -4.42351e+12 -1.20129e+13 -0.0108238 0.0233797 0.0634938 1.29643e+13 0.0685218
1.18368e+07 2.04786e+12 -4.42351e+12 -1.20129e+13 -0.0108238 0.0233797 0.0634938 1.29643e+13 0.0685218
1.19232e+07 2.04786e+12 -4.42351e+12 -1.20129e+13 -0.0108238 0.0233797 0.0634938 1.29643e+13 0.0685218
1.20096e+07 2.04786e+12 -4.42351e+12 -1.20129e+13 -0.0108238 0.0233797 0.0634938 1.29643e+13 0.0685218
1.2096e+07 2.04786e+12 -4.42351e+12 -1.20129e+13 -0.0108238 0.0233797 0.0634938 1.29643e+13 0.0685218
1.21824e+07 2.04786e+12 -4.42351e+12 -1.20129e+13 -0.0108238 0.0233797 0.0634938 1.29643e+13 0.0685218
1.22688e+07 2.04786e+12 -4.42351e+12 -1.20129e+13 -0.0108238 0.0233797 0.0634938 1.29643e+13 0.0685218
1.23552e+07 2.04786e+12 -4.42351e+12 -1.20129e+13 -0.0108238 0.0233797 0.0634938 1.29643e+13 0.0685218
1.24416e+07 2.04786e+12 -4.42351e+12 -1.20129e+13 -0.0108238 0.0233797 0.0634938 1.29643e+13 0.0685218
1.2528e+07 2.04786e+12 -4.42351e+12 -1.20129e+13 -0.0108238 0.0233797 0.0634938 1.29643e+13 0.0685218
1.26144e+07 2.04786e+12 -4.42351e+12 -1.20129e+13 -0.0108238 0.0233797 0.0634938 1.29643e+13 0.0685218
1.27008e+07 2.04786e+12 -4.42351e+12 -1.20129e+13 -0.0108238 0.0233797 0.0634938 1.29643e+13 0.0685218
1.27872e+07 2.04786e+12 -4.42351e+12 -1.20129e+13 -0.0108238 0.0233797 0.0634938 1.29643e+13 0.0685218
1.28736e+07 2.04786e+12 -4.42351e+12 -1.20129e+13 -0.0108238 0.0233797 0.0634938 1.29643e+13 0.0685218
1.296e+07 2.04786e+12 -4.42351e+12 -1.20129e+13 -0.0108238 0.0233797 0.0634938 1.29643e+13 0.0685218
1.30464e+07 2.04786e+12 -4.42351e+12 -1.20129e+13 -0.0108238 0.0233797 0.0634938 1.29643e+13 0.0685218
1.31328e+07 2.04786e+12 -4.42351e+12 -1.20129e+13 -0.0108238 0.0233797 0.0634938 1.29643e+13 0.0685218
1.32192e+07 2.04786e+12 -4.42351e+12 -1.20129e+13 -0.0108238 0.0233797 0.0634938 1.29643e+13 0.0685218
1.33056e+07 2.04786e+12 -4.42351e+12 -1.20129e+13 -0.0108238 0.0233797 0.0634938 1.29643e+13 0.0685218
1.3392e+07 2.04786e+12 -4.42351e+12 -1.20129e+13 -0.0108238 0.0233797 0.0634938 1.29643e+13 0.0685218
1.34784e+07 2.04786e+12 -4.42351e+12 -1.20129e+13 -0.0108238 0.0233797 0.0634938 1.29643e+13 0.0685218
1.35648e+07 2.04786e+12 -4.42351e+12 -1.20129e+13 -0.0108238 0.0233797 0.0634938 1.29643e+13 0.0685218
1.36512e+07 2.04786e+12 -4.42351e+12 -1.20129e+13 -0.0108238 0.0233797 0.0634938 1.29643e+13 0.0685218
1.37376e+07 2.04786e+12 -4.42351e+12 -1.20129e+13 -0.0108238 0.0233797 0.0634938 1.29643e+13 0.0685218
1.3824e+07 2.04786e+12 -4.42351e+12 -1.20129e+13 -0.0108238 0.0233797 0.0634938 1.29643e+13 0.0685218
1.39104e+07 2.04786e+12 -4.42351e+12 -1.20129e+13 -0.0108238 0.0233797 0.0634938 1.29643e+13 0.0685218
1.39968e+07 2.04786e+12 -4.42351e+12 -1.20129e+13 -0.0108238 0.0233797 0.0634938 1.29643e+13 0.0685218
1.40832e+07 2.04786e+12 -4.42351e+12 -1.20129e+13 -0.0108238 0.0233797 0.0634938 1.29643e+13 0.0685218
1.41696e+07 2.04786e+12 -4.42351e+12 -1.20129e+13 -0.0108238 0.0233797 0.0634938 1.29643e+13 0.0685218
1.4256e+07 2.04786e+12 -4.42351e+12 -1.20129e+13 -0.0108238 0.0233797 0.0634938 1.29643e+13 0.0685218
1.43424e+07 2.04786e+12 -4.42351e+12 -1.20129e+13 -0.0108238 0.0233797 0.0634938 1.29643e+13 0.0685218
1.44288e+07 2.04786e+12 -4.42351e+12 -1.20129e+13 -0.0108238 0.0233797 0.0634938 1.29643e+13 0.0685218
1.45152e+07 2.04786e+12 -4.42351e+12 -1.20129e+13 -0.0108238 0.0233797 0.0634938 1.29643e+13 0.0685218
1.46016e+07 2.04786e+12 -4.42351e+12 -1.20129e+13 -0.0108238 0.0233797 0.0634938 1.29643e+13 0.0685218
1.4688e+07 2.04786e+12 -4.42351e+12 -1.20129e+13 -0.0108238 0.0233797 0.0634938 1.29643e+13 0.0685218
1.47744e+07 2.04786e+12 -4.42351e+12 -1.20129e+13 -0.0108238 0.0233797 0.0634938 1.29643e+13 0.0685218
1.48608e+07 2.04786e+12 -4.42351e+12 -1.20129e+13 -0.0108238 0.0233797 0.0634938 1.29643e+13 0.0685218
1.49472e+07 2.04786e+12 -4.42351e+12 -1.20129e+13 -0.0108238 0.0233797 0.0634938 1.29643e+13 0.0685218
1.50336e+07 2.04786e+12 -4.42351e+12 -1.20129e+13 -0.0108238 0.0233797 0.0634939 1.29643e+13 0.0685218
1.512e+07 2.04786e+12 -4.42351e+12 -1.20129e+13 -0.0108238 0.0233797 0.0634939 1.29643e+13 0.0685218
1.52064e+07 2.04786e+12 -4.42351e+12 -1.20129e+13 -0.0108238 0.0233797 0.0634939 1.29643e+13 0.0685218
1.52928e+07 2.04786e+12 -4.42351e+12 -1.20129e+13 -0.0108238 0.0233797 0.0634939 1.29643e+13 0.0685218
1.53792e+07 2.04786e+12 -4.42351e+12 -1.20129e+13 -0.0108238 0.0233797 0.0634939 1.29643e+13 0.0685218
1.54656e+07 2.04786e+12 -4.42351e+12 -1.20129e+13 -0.0108238 0.0233797 0.0634939 1.29643e+13 0.0685218
1.5552e+07 2.04786e+12 -4.42351e+12 -1.20129e+13 -0.0108238 0.0233797 0.0634939 1.29643e+13 0.0685218
1.56384e+07 2.04786e+12 -4.42351e+12 -1.20129e+13 -0.0108238 0.0233797 0.0634939 1.29643e+13 0.0685218
1.57248e+07 2.04786e+12 -4.42351e+12 -1.20129e+13 -0.0108238 0.0233797 0.0634939 1.29643e+13 0.0685218
1.58112e+07 2.04786e+12 -4.42351e+12 -1.20129e+13 -0.0108238 0.0233797 0.0634939 1.29643e+13 0.0685218
1.58976e+07 2.04786e+12 -4.42351e+12 -1.20129e+13 -0.0108238 0.0233797 0.0634939 1.29643e+13 0.0685218
1.5984e+07 2.04786e+12 -4.42351e+12 -1.20129e+13 -0.0108238 0.0233797 0.0634939 1.29643e+13 0.0685218
1.60704e+07 2.04786e+12 -4.42351e+12 -1.20129e+13 -0.0108238 0.0233797 0.0634939 1.29643e+13 0.0685218
1.61568e+07 2.04786e+12 -4.42351e+12 -1.20129e+13 -0.0108238 0.0233797 0.0634939 1.29643e+13 0.0685218
1.62432e+07 2.04786e+12 -4.42351e+12 -1.20129e+13 -0.0108238 0.0233797 0.0634939 1.29643e+13 0.0685218
1.63296e+07 2.04786e+12 -4.42351e+12 -1.20129e+13 -0.0108238 0.0233797 0.0634939 1.29643e+13 0.0685218
1.6416e+07 2.04786e+12 -4.42351e+12 -1.20129e+13 -0.0108238 0.0233797 0.0634939 1.29643e+13 0.0685218
1.65024e+07 2.04786e+12 -4.42351e+12 -1.20129e+13 -0.0108238 0.0233797 0.0634939 1.29643e+13 0.0685218
1.65888e+07 2.04786e+12 -4.42351e+12 -1.20129e+13 -0.0108238 0.0233797 0.0634939 1.29643e+13 0.0685218
1.66752e+07 2.04786e+12 -4.42351e+12 -1.20129e+13 -0.0108238 0.0233797 0.0634939 1.29643e+13 0.0685218
1.67616e+07 2.04786e+12 -4.42351e+12 -1.20129e+13 -0.0108238 0.0233797 0.0634939 1.29643e+13 0.0685218
1.6848e+07 2.04786e+12 -4.42351e+12 -1.20129e+13 -0.0108238 0.0233797 0.0634939 1.29643e+13 0.0685218
1.69344e+07 2.04786e+12 -4.42351e+12 -1.20129e+13 -0.0108238 0.0233797 0.0634939 1.29643e+13 0.0685218
1.70208e+07 2.04786e+12 -4.42351e+12 -1.20129e+13 -0.0108238 0.0233797 0.0634939 1.29643e+13 0.0685218
1.71072e+07 2.04786e+12 -4.42351e+12 -1.20129e+13 -0.0108238 0.0233797 0.0634939 1.29643e+13 0.0685218
1.71936e+07 2.04786e+12 -4.42351e+12 -1.20129e+13 -0.0108238 0.0233797 0.0634939 1.29643e+13 0.0685218
1.728e+07 2.04786e+12 -4.42351e+12 -1.20129e+13 -0.0108238 0.0233797 0.0634939 1.29643e+13 0.0685218
1.73664e+07 2.04786e+12 -4.42351e+12 -1.20129e+13 -0.0108238 0.0233797 0.0634939 1.29643e+13 0.0685218
1.74528e+07 2.04786e+12 -4.42351e+12 -1.20129e+13 -0.0108238 0.0233797 0.0634939 1.29643e+13 0.0685218
1.75392e+07 2.04786e+12 -4.42351e+12 -1.20129e+13 -0.0108238 0.0233797 0.0634939 1.29643e+13 0.0685218
1.76256e+07 2.04786e+12 -4.42351e+12 -1.20129e+13 -0.0108238 0.0233797 0.0634939 1.29643e+13 0.0685218
1.7712e+07 2.04786e+12 -4.42351e+12 -1.20129e+13 -0.0108238 0.0233797 0.0634939 1.29643e+13 0.0685218
1.77984e+07 2.04786e+12 -4.42351e+12 -1.20129e+13 -0.0108238 0.0233797 0.0634939 1.29643e+13 0.0685218
1.78848e+07 2.04786e+12 -4.42351e+12 -1.20129e+13 -0.0108238 0.0233797 0.0634939 1.29643e+13 0.0685218
1.79712e+07 2.04786e+12 -4.42351e+12 -1.20129e+13 -0.0108238 0.0233797 0.0634939 1.29643e+13 0.0685218
1.80576e+07 2.04786e+12 -4.42351e+12 -1.20129e+13 -0.0108238 0.0233797 0.0634939 1.29643e+13 0.0685218
1.8144e+07 2.04786e+12 -4.42351e+12 -1.20129e+13 -0.0108238 0.0233797 0.0634939 1.29643e+13 0.0685218
1.82304e+07 2.04786e+12 -4.42351e+12 -1.20129e+13 -0.0108238 0.0233797 0.0634939 1.29643e+13 0.0685218
1.83168e+07 2.04786e+12 -4.42351e+12 -1.20129e+13 -0.0108238 0.0233797 0.0634939 1.29643e+13 0.0685218
1.84032e+07 2.04786e+12 -4.42351e+12 -1.20129e+13 -0.0108238 0.0233797 0.0634939 1.29643e+13 0.0685218
1.84896e+07 2.04786e+12 -4.42351e+12 -1.20129e+13 -0.0108238 0.0233797 0.0634939 1.29643e+13 0.0685218
1.8576e+07 2.04786e+12 -4.42351e+12 -1.20129e+13 -0.0108238 0.0233797 0.0634939 1.29643e+13 0.0685218
1.86624e+07 2.04786e+12 -4.42351e+12 -1.20129e+13 -0.0108238 0.0233797 0.0634939 1.29643e+13 0.0685218
1.87488e+07 2.04786e+12 -4.42351e+12 -1.20129e+13 -0.0108238 0.0233797 0.0634939 1.29643e+13 0.0685218
1.88352e+07 2.04786e+12 -4.42351e+12 -1.20129e+13 -0.0108238 0.0233797 0.0634939 1.29643e+13 0.0685218
1.89216e+07 2.04786e+12 -4.42351e+12 -1.20129e+13 -0.0108238 0.0233797 0.0634939 1.29643e+13 0.0685218
1.9008e+07 2.04786e+12 -4.42351e+12 -1.20129e+13 -0.0108238 0.0233797 0.0634939 1.29643e+13 0.0685218
1.90944e+07 2.04786e+12 -4.42351e+12 -1.20129e+13 -0.0108238 0.0233797 0.0634939 1.29643e+13 0.0685218
1.91808e+07 2.04786e+12 -4.42351e+12 -1.20129e+13 -0.0108238 0.0233797 0.0634939 1.29643e+13 0.0685218
1.92672e+07 2.04786e+12 -4.42351e+12 -1.20129e+13 -0.0108238 0.0233797 0.0634939 1.29643e+13 0.0685218
1.93536e+07 2.04786e+12 -4.42351e+12 -1.20129e+13 -0.0108238 0.0233797 0.0634939 1.29643e+13 0.0685218
1.944e+07 2.04786e+12 -4.42351e+12 -1.20129e+13 -0.0108238 0.0233797 0.0634939 1.29643e+13 0.0685218
1.95264e+07 2.04786e+12 -4.42351e+12 -1.20129e+13 -0.0108238 0.0233797 0.0634939 1.29643e+13 0.0685218
1.96128e+07 2.04786e+12 -4.42351e+12 -1.20129e+13 -0.0108238 0.0233797 0.0634939 1.29643e+13 0.0685218
1.96992e+07 2.04786e+12 -4.42351e+12 -1.20129e+13 -0.0108238 0.0233797 0.0634939 1.29643e+13 0.0685218
1.97856e+07 2.04786e+12 -4.42351e+12 -1.20129e+13 -0.0108238 0.0233797 0.0634939 1.29643e+13 0.0685218
1.9872e+07 2.04786e+12 -4.42351e+12 -1.20129e+13 -0.0108238 0.0233797 0.0634939 1.29643e+13 0.0685218
1.99584e+07 2.04786e+12 -4.42351e+12 -1.20129e+13 -0.0108238 0.0233797 0.0634939 1.29643e+13 0.0685218
2.00448e+07 2.04786e+12 -4.42351e+12 -1.20129e+13 -0.0108238 0.0233797 0.0634939 1.29643e+13 0.0685218
2.01312e+07 2.04786e+12 -4.42351e+12 -1.20129e+13 -0.0108238 0.0233797 0.0634939 1.29643e+13 0.0685218
2.02176e+07 2.04786e+12 -4.42351e+12 -1.20129e+13 -0.0108238 0.0233797 0.0634939 1.29643e+13 0.0685218
2.0304e+07 2.04786e+12 -4.42351e+12 -1.20129e+13 -0.0108238 0.0233797 0.0634939 1.29643e+13 0.0685218
2.03904e+07 2.04786e+12 -4.42351e+12 -1.20129e+13 -0.0108238 0.0233797 0.0634939 1.29643e+13 0.0685218
2.04768e+07 2.04786e+12 -4.42351e+12 -1.20129e+13 -0.0108238 0.0233797 0.0634939 1.29643e+13 0.0685218
2.05632e+07 2.04786e+12 -4.42351e+12 -1.20129e+13 -0.0108238 0.0233797 0.0634939 1.29643e+13 0.0685218
2.06496e+07 2.04786e+12 -4.42351e+12 -1.20129e+13 -0.0108238 0.0233797 0.0634939 1.29643e+13 0.0685218
2.0736e+07 2.04786e+12 -4.42351e+12 -1.20129e+13 -0.0108238 0.0233797 0.0634939 1.29643e+13 0.0685218
2.08224e+07 2.04786e+12 -4.42351e+12 -1.20129e+13 -0.0108238 0.0233797 0.0634939 1.29643e+13 0.0685218
2.09088e+07 2.04786e+12 -4.42351e+12 -1.20129e+13 -0.0108238 0.0233797 0.0634939 1.29643e+13 0.0685218
2.09952e+07 2.04786e+12 -4.42351e+12 -1.20129e+13 -0.0108238 0.0233797 0.0634939 1.29643e+13 0.0685218
2.10816e+07 2.04786e+12 -4.42351e+12 -1.20129e+13 -0.0108238 0.0233797 0.0634939 1.29643e+13 0.0685218
2.1168e+07 2.04786e+12 -4.42351e+12 -1.20129e+13 -0.0108238 0.0233797 0.0634939 1.29643e+13 0.0685218
2.12544e+07 2.04786e+12 -4.42351e+12 -1.20129e+13 -0.0108238 0.0233797 0.0634939 1.29643e+13 0.0685218
2.13408e+07 2.04786e+12 -4.42351e+12 -1.20129e+13 -0.0108238 0.0233797 0.0634939 1.29643e+13 0.0685218
2.14272e+07 2.04786e+12 -4.42351e+12 -1.20129e+13 -0.0108238 0.0233797 0.0634939 1.29643e+13 0.0685218
2.15136e+07 2.04786e+12 -4.42351e+12 -1.20129e+13 -0.0108238 0.0233797 0.0634939 1.29643e+13 0.0685218
2.16e+07 2.04786e+12 -4.42351e+12 -1.20129e+13 -0.0108238 0.0233797 0.0634939 1.29643e+13 0.0685218
2.16864e+07 2.04786e+12 -4.42351e+12 -1.20129e+13 -0.0108238 0.0233797 0.0634939 1.29643e+13 0.0685218
2.17728e+07 2.04786e+12 -4.42351e+12 -1.20129e+13 -0.0108238 0.0233797 0.0634939 1.29643e+13 0.0685218
2.18592e+07 2.04786e+12 -4.42351e+12 -1.20129e+13 -0.0108238 0.0233797 0.0634939 1.29643e+13 0.0685218
2.19456e+07 2.04786e+12 -4.42351e+12 -1.20129e+13 -0.0108238 0.0233797 0.0634939 1.29643e+13 0.0685218
2.2032e+07 2.04786e+12 -4.42351e+12 -1.20129e+13 -0.0108238 0.0233797 0.0634939 1.29643e+13 0.0685218
2.21184e+07 2.04786e+12 -4.42351e+12 -1.20129e+13 -0.0108238 0.0233797 0.0634939 1.29643e+13 0.0685218
2.22048e+07 2.04786e+12 -4.42351e+12 -1.20129e+13 -0.0108238 0.0233797 0.0634939 1.29643e+13 0.0685218
2.22912e+07 2.04786e+12 -4.42351e+12 -1.20129e+13 -0.0108238 0.0233797 0.0634939 1.29643e+13 0.0685218
2.23776e+07 2.04786e+12 -4.42351e+12 -1.20129e+13 -0.0108238 0.0233797 0.0634939 1.29643e+13 0.0685218
2.2464e+07 2.04786e+12 -4.42351e+12 -1.20129e+13 -0.0108238 0.0233797 0.0634939 1.29643e+13 0.0685218
2.25504e+07 2.04786e+12 -4.42351e+12 -1.20129e+13 -0.0108238 0.0233797 0.0634939 1.29643e+13 0.0685218
2.26368e+07 2.04786e+12 -4.42351e+12 -1.20129e+13 -0.0108238 0.0233797 0.0634939 1.29643e+13 0.0685218
2.27232e+07 2.04786e+12 -4.42351e+12 -1.20129e+13 -0.0108238 0.0233797 0.0634939 1.29643e+13 0.0685218
2.28096e+07 2.04786e+12 -4.42351e+12 -1.20129e+13 -0.0108238 0.0233797 0.0634939 1.29643e+13 0.0685218
2.2896e+07 2.04786e+12 -4.42351e+12 -1.20129e+13 -0.0108238 0.0233797 0.0634939 1.29643e+13 0.0685218
2.29824e+07 2.04786e+12 -4.42351e+12 -1.20129e+13 -0.0108238 0.0233797 0.0634939 1.29643e+13 0.0685218
2.30688e+07 2.04786e+12 -4.42351e+12 -1.20129e+13 -0.0108238 0.0233797 0.0634939 1.29643e+13 0.0685218
2.31552e+07 2.04786e+12 -4.42351e+12 -1.20129e+13 -0.0108238 0.0233797 0.0634939 1.29643e+13 0.0685218
2.32416e+07 2.04786e+12 -4.42351e+12 -1.20129e+13 -0.0108238 0.0233797 0.0634939 1.29643e+13 0.0685218
2.3328e+07 2.04786e+12 -4.42351e+12 -1.20129e+13 -0.0108238 0.0233797 0.0634939 1.29643e+13 0.0685218
2.34144e+07 2.04786e+12 -4.42351e+12 -1.20129e+13 -0.0108238 0.0233797 0.0634939 1.29643e+13 0.0685218
2.35008e+07 2.04786e+12 -4.42351e+12 -1.20129e+13 -0.0108238 0.0233797 0.0634939 1.29643e+13 0.0685218
2.35872e+07 2.04786e+12 -4.42351e+12 -1.20129e+13 -0.0108238 0.0233797 0.0634939 1.29643e+13 0.0685218
2.36736e+07 2.04786e+12 -4.42351e+12 -1.20129e+13 -0.0108238 0.0233797 0.0634939 1.29643e+13 0.0685218
2.376e+07 2.04786e+12 -4.42351e+12 -1.20129e+13 -0.0108238 0.0233797 0.0634939 1.29643e+13 0.0685218
2.38464e+07 2.04786e+12 -4.42351e+12 -1.20129e+13 -0.0108238 0.0233797 0.0634939 1.29643e+13 0.0685218
2.39328e+07 2.04786e+12 -4.42351e+12 -1.20129e+13 -0.0108238 0.0233797 0.0634939 1.29643e+13 0.0685218
2.40192e+07 2.04786e+12 -4.42351e+12 -1.20129e+13 -0.0108238 0.0233797 0.0634939 1.29643e+13 0.0685218
2.41056e+07 2.04786e+12 -4.42351e+12 -1.20129e+13 -0.0108238 0.0233797 0.0634939 1.29643e+13 0.0685218
2.4192e+07 2.04786e+12 -4.42351e+12 -1.20129e+13 -0.0108238 0.0233797 0.0634939 1.29643e+13 0.0685218
2.42784e+07 2.04786e+12 -4.42351e+12 -1.20129e+13 -0.0108238 0.0233797 0.0634939 1.29643e+13 0.0685218
2.43648e+07 2.04786e+12 -4.42351e+12 -1.20129e+13 -0.0108238 0.0233797 0.0634939 1.29643e+13 0.0685218
2.44512e+07 2.04786e+12 -4.42351e+12 -1.20129e+13 -0.0108238 0.0233797 0.0634939 1.29643e+13 0.0685218
2.45376e+07 2.04786e+12 -4.42351e+12 -1.20129e+13 -0.0108238 0.0233797 0.0634939 1.29643e+13 0.0685218
2.4624e+07 2.04786e+12 -4.42351e+12 -1.20129e+13 -0.0108238 0.0233797 0.0634939 1.29643e+13 0.0685218
2.47104e+07 2.04786e+12 -4.42351e+12 -1.20129e+13 -0.0108238 0.0233797 0.0634939 1.29643e+13 0.0685218
2.47968e+07 2.04786e+12 -4.42351e+12 -1.20129e+13 -0.0108238 0.0233797 0.0634939 1.29643e+13 0.0685218
2.48832e+07 2.04786e+12 -4.42351e+12 -1.20129e+13 -0.0108238 0.0233797 0.0634939 1.29643e+13 0.0685218
2.49696e+07 2.04786e+12 -4.42351e+12 -1.20129e+13 -0.0108238 0.0233797 0.0634939 1.29643e+13 0.0685218
2.5056e+07 2.04786e+12 -4.42351e+12 -1.20129e+13 -0.0108238 0.0233797 0.0634939 1.29643e+13 0.0685218
2.51424e+07 2.04786e+12 -4.42351e+12 -1.20129e+13 -0.0108238 0.0233797 0.0634939 1.29643e+13 0.0685218
2.52288e+07 2.04786e+12 -4.42351e+12 -1.20129e+13 -0.0108238 0.0233797 0.0634939 1.29643e+13 0.0685218
2.53152e+07 2.04786e+12 -4.42351e+12 -1.20129e+13 -0.0108238 0.0233797 0.0634939 1.29643e+13 0.0685218
2.54016e+07 2.04786e+12 -4.42351e+12 -1.20129e+13 -0.0108238 0.0233797 0.0634939 1.29643e+13 0.0685218
2.5488e+07 2.04786e+12 -4.42351e+12 -1.20129e+13 -0.0108238 0.0233797 0.0634939 1.29643e+13 0.0685218
2.55744e+07 2.04786e+12 -4.42351e+12 -1.20129e+13 -0.0108238 0.0233797 0.0634939 1.29643e+13 0.0685218
2.56608e+07 2.04786e+12 -4.42351e+12 -1.20129e+13 -0.0108238 0.0233797 0.0634939 1.29643e+13 0.0685218
2.57472e+07 2.04786e+12 -4.42351e+12 -1.20129e+13 -0.0108238 0.0233797 0.0634939 1.29643e+13 0.0685218
2.58336e+07 2.04786e+12 -4.42351e+12 -1.20129e+13 -0.0108238 0.0233797 0.0634939 1.29643e+13 0.0685218
2.592e+07 2.04786e+12 -4.42351e+12 -1.20129e+13 -0.0108238 0.0233797 0.0634939 1.29643e+13 0.0685218
2.60064e+07 2.04786e+12 -4.42351e+12 -1.20129e+13 -0.0108238 0.0233797 0.0634939 1.29643e+13 0.0685218
2.60928e+07 2.04786e+12 -4.42351e+12 -1.20129e+13 -0.0108238 0.0233797 0.0634939 1.29643e+13 0.0685218
2.61792e+07 2.04786e+12 -4.42351e+12 -1.20129e+13 -0.0108238 0.0233797 0.0634939 1.29643e+13 0.0685218
2.62656e+07 2.04786e+12 -4.42351e+12 -1.20129e+13 -0.0108238 0.0233797 0.0634939 1.29643e+13 0.0685218
2.6352e+07 2.04786e+12 -4.42351e+12 -1.20129e+13 -0.0108238 0.0233797 0.0634939 1.29643e+13 0.0685218
2.64384e+07 2.04786e+12 -4.42351e+12 -1.20129e+13 -0.0108238 0.0233797 0.0634939 1.29643e+13 0.0685218
2.65248e+07 2.04786e+12 -4.42351e+12 -1.20129e+13 -0.0108238 0.0233797 0.0634939 1.29643e+13 0.0685218
2.66112e+07 2.04786e+12 -4.42351e+12 -1.20129e+13 -0.0108238 0.0233797 0.0634939 1.29643e+13 0.0685218
2.66976e+07 2.04786e+12 -4.42351e+12 -1.20129e+13 -0.0108238 0.0233797 0.0634939 1.29643e+13 0.0685218
2.6784e+07 2.04786e+12 -4.42351e+12 -1.20129e+13 -0.0108238 0.0233797 0.0634939 1.29643e+13 0.0685218
2.68704e+07 2.04786e+12 -4.42351e+12 -1.20129e+13 -0.0108238 0.0233797 0.0634939 1.29643e+13 0.0685218
2.69568e+07 2.04786e+12 -4.42351e+12 -1.20129e+13 -0.0108238 0.0233797 0.0634939 1.29643e+13 0.0685218
2.70432e+07 2.04786e+12 -4.42351e+12 -1.20129e+13 -0.0108238 0.0233797 0.0634939 1.29643e+13 0.0685218
2.71296e+07 2.04786e+12 -4.42351e+12 -1.20129e+13 -0.0108238 0.0233797 0.0634939 1.29643e+13 0.0685218
2.7216e+07 2.04786e+12 -4.42351e+12 -1.20129e+13 -0.0108238 0.0233797 0.0634939 1.29643e+13 0.0685218
2.73024e+07 2.04786e+12 -4.42351e+12 -1.20129e+13 -0.0108238 0.0233797 0.0634939 1.29643e+13 0.0685218
2.73888e+07 2.04786e+12 -4.42351e+12 -1.20129e+13 -0.0108238 0.0233797 0.0634939 1.29643e+13 0.0685218
2.74752e+07 2.04786e+12 -4.42351e+12 -1.20129e+13 -0.0108238 0.0233797 0.0634939 1.29643e+13 0.0685218
2.75616e+07 2.04786e+12 -4.42351e+12 -1.20129e+13 -0.0108238 0.0233797 0.0634939 1.29643e+13 0.0685218
2.7648e+07 2.04786e+12 -4.42351e+12 -1.20129e+13 -0.0108238 0.0233797 0.0634939 1.29643e+13 0.0685218
2.77344e+07 2.04786e+12 -4.42351e+12 -1.20129e+13 -0.0108238 0.0233797 0.0634939 1.29643e+13 0.0685218
2.78208e+07 2.04786e+12 -4.42351e+12 -1.20129e+13 -0.0108238 0.0233797 0.0634939 1.29643e+13 0.0685218
2.79072e+07 2.04786e+12 -4.42351e+12 -1.20129e+13 -0.0108238 0.0233797 0.0634939 1.29643e+13 0.0685218
2.79936e+07 2.04786e+12 -4.42351e+12 -1.20129e+13 -0.0108238 0.0233797 0.0634939 1.29643e+13 0.0685218
2.808e+07 2.04786e+12 -4.42351e+12 -1.20129e+13 -0.0108238 0.0233797 0.0634939 1.29643e+13 0.0685218
2.81664e+07 2.04786e+12 -4.42351e+12 -1.20129e+13 -0.0108238 0.0233797 0.0634939 1.29643e+13 0.0685218
2.82528e+07 2.04786e+12 -4.42351e+12 -1.20129e+13 -0.0108238 0.0233797 0.0634939 1.29643e+13 0.0685218
2.83392e+07 2.04786e+12 -4.42351e+12 -1.20129e+13 -0.0108238 0.0233797 0.0634939 1.29643e+13 0.0685218
2.84256e+07 2.04786e+12 -4.42351e+12 -1.20129e+13 -0.0108238 0.0233797 0.0634939 1.29643e+13 0.0685218
2.8512e+07 2.04786e+12 -4.42351e+12 -1.20129e+13 -0.0108238 0.0233797 0.0634939 1.29643e+13 0.0685218
2.85984e+07 2.04786e+12 -4.42351e+12 -1.20129e+13 -0.0108238 0.0233797 0.0634939 1.29643e+13 0.0685218
2.86848e+07 2.04786e+12 -4.42351e+12 -1.20129e+13 -0.0108238 0.0233797 0.0634939 1.29643e+13 0.0685218
2.87712e+07 2.04786e+12 -4.42351e+12 -1.20129e+13 -0.0108238 0.0233797 0.0634939 1.29643e+13 0.0685218
2.88576e+07 2.04786e+12 -4.42351e+12 -1.20129e+13 -0.0108238 0.0233797 0.0634939 1.29643e+13 0.0685218
2.8944e+07 2.04786e+12 -4.42351e+12 -1.20129e+13 -0.0108238 0.0233797 0.0634939 1.29643e+13 0.0685218
2.90304e+07 2.04786e+12 -4.42351e+12 -1.20129e+13 -0.0108238 0.0233797 0.0634939 1.29643e+13 0.0685218
2.91168e+07 2.04786e+12 -4.42351e+12 -1.20129e+13 -0.0108238 0.0233797 0.0634939 1.29643e+13 0.0685218
2.92032e+07 2.04786e+12 -4.42351e+12 -1.20129e+13 -0.0108238 0.0233797 0.0634939 1.29643e+13 0.0685218
2.92896e+07 2.04786e+12 -4.42351e+12 -1.20129e+13 -0.0108238 0.0233797 0.0634939 1.29643e+13 0.0685218
2.9376e+07 2.04786e+12 -4.42351e+12 -1.20129e+13 -0.0108238 0.0233797 0.0634939 1.29643e+13 0.0685218
2.94624e+07 2.04786e+12 -4.42351e+12 -1.20129e+13 -0.0108238 0.0233797 0.0634939 1.29643e+13 0.0685218
2.95488e+07 2.04786e+12 -4.42351e+12 -1.20129e+13 -0.0108238 0.0233797 0.0634939 1.29643e+13 0.0685218
2.96352e+07 2.04786e+12 -4.42351e+12 -1.20129e+13 -0.0108238 0.0233797 0.0634939 1.29643e+13 0.0685218
2.97216e+07 2.04786e+12 -4.42351e+12 -1.20129e+13 -0.0108238 0.0233797 0.0634939 1.29643e+13 0.0685218
2.9808e+07 2.04786e+12 -4.42351e+12 -1.20129e+13 -0.0108238 0.0233797 0.0634939 1.29643e+13 0.0685218
2.98944e+07 2.04786e+12 -4.42351e+12 -1.20129e+13 -0.0108238 0.0233797 0.0634939 1.29643e+13 0.0685218
2.99808e+07 2.04786e+12 -4.42351e+12 -1.20129e+13 -0.0108238 0.0233797 0.0634939 1.29643e+13 0.0685218
3.00672e+07 2.04786e+12 -4.42351e+12 -1.20129e+13 -0.0108238 0.0233797 0.0634939 1.29643e+13 0.0685218
3.01536e+07 2.04786e+12 -4.42351e+12 -1.20129e+13 -0.0108238 0.0233797 0.0634939 1.29643e+13 0.0685218
3.024e+07 2.04786e+12 -4.42351e+12 -1.20129e+13 -0.0108238 0.0233797 0.0634939 1.29643e+13 0.0685218
3.03264e+07 2.04786e+12 -4.42351e+12 -1.20129e+13 -0.0108238 0.0233797 0.0634939 1.29643e+13 0.0685218
3.04128e+07 2.04786e+12 -4.42351e+12 -1.20129e+13 -0.0108238 0.0233797 0.0634939 1.29643e+13 0.0685218
3.04992e+07 2.04786e+12 -4.42351e+12 -1.20129e+13 -0.0108238 0.0233797 0.0634939 1.29643e+13 0.0685218
3.05856e+07 2.04786e+12 -4.42351e+12 -1.20129e+13 -0.0108238 0.0233797 0.0634939 1.29643e+13 0.0685218
3.0672e+07 2.04786e+12 -4.42351e+12 -1.20129e+13 -0.0108238 0.0233797 0.0634939 1.29643e+13 0.0685218
3.07584e+07 2.04786e+12 -4.42351e+12 -1.20129e+13 -0.0108238 0.0233797 0.0634939 1.29643e+13 0.0685218
3.08448e+07 2.04786e+12 -4.42351e+12 -1.20129e+13 -0.0108238 0.0233797 0.0634939 1.29643e+13 0.0685218
3.09312e+07 2.04786e+12 -4.42351e+12 -1.20129e+13 -0.0108238 0.0233797 0.0634939 1.29643e+13 0.0685218
3.10176e+07 2.04786e+12 -4.42351e+12 -1.20129e+13 -0.0108238 0.0233797 0.0634939 1.29643e+13 0.0685218
3.1104e+07 2.04786e+12 -4.42351e+12 -1.20129e+13 -0.0108238 0.0233797 0.0634939 1.29643e+13 0.0685218
3.11904e+07 2.04786e+12 -4.42351e+12 -1.20129e+13 -0.0108238 0.0233797 0.0634939 1.29643e+13 0.0685218
3.12768e+07 2.04786e+12 -4.42351e+12 -1.20129e+13 -0.0108238 0.0233797 0.0634939 1.29643e+13 0.0685218
3.13632e+07 2.04786e+12 -4.42351e+12 -1.20129e+13 -0.0108238 0.0233797 0.0634939 1.29643e+13 0.0685218
3.14496e+07 2.04786e+12 -4.42351e+12 -1.20129e+13 -0.0108238 0.0233797 0.0634939 1.29643e+13 0.0685218
