0 -1.1315e+12 -4.38641e+12 1.16654e+11 9024.28 876.044 -90.6283 4.5315e+12 9067.15
86400 -1.13072e+12 -4.38647e+12 1.16509e+11 8328.44 -2492.97 -2959.74 4.53136e+12 9183.56
172800 -1.13088e+12 -4.38667e+12 1.16408e+11 -7451.7 -8898.73 -4417.21 4.5316e+12 12418.8
259200 -1.04197e+12 -4.28155e+12 1.68234e+11 1.14404e+06 1.35259e+06 666823 4.40972e+12 1.89287e+06
345600 -1.04167e+12 -4.2812e+12 1.68407e+11 3432.24 4058.31 2000.44 4.40932e+12 5679.08
432000 -1.04167e+12 -4.2812e+12 1.68407e+11 10.4199 12.729 5.96922 4.40932e+12 17.4995
518400 -1.04167e+12 -4.2812e+12 1.68407e+11 0.154399 0.592226 -0.0141847 4.40932e+12 0.612186
604800 -1.04167e+12 -4.2812e+12 1.68407e+11 0.123603 0.555816 -0.0321349 4.40932e+12 0.570299
691200 -1.04167e+12 -4.2812e+12 1.68407e+11 0.12351 0.555706 -0.0321888 4.40932e+12 0.570176
777600 -1.04167e+12 -4.2812e+12 1.68407e+11 0.12351 0.555706 -0.032189 4.40932e+12 0.570176
864000 -1.04167e+12 -4.2812e+12 1.68407e+11 0.12351 0.555706 -0.032189 4.40932e+12 0.570176
950400 -1.04167e+12 -4.2812e+12 1.68407e+11 0.12351 0.555706 -0.032189 4.40932e+12 0.570176
1.0368e+06 -1.04167e+12 -4.2812e+12 1.68407e+11 0.12351 0.555706 -0.032189 4.40932e+12 0.570176
1.1232e+06 -1.04167e+12 -4.2812e+12 1.68407e+11 0.12351 0.555706 -0.032189 4.40932e+12 0.570176
1.2096e+06 -1.04167e+12 -4.2812e+12 1.68407e+11 0.12351 0.555706 -0.032189 4.40932e+12 0.570176
1.296e+06 -1.04167e+12 -4.2812e+12 1.68407e+11 0.12351 0.555706 -0.032189 4.40932e+12 0.570176
1.3824e+06 -1.04167e+12 -4.2812e+12 1.68407e+11 0.12351 0.555706 -0.032189 4.40932e+12 0.570176
1.4688e+06 -1.04167e+12 -4.2812e+12 1.68407e+11 0.12351 0.555706 -0.032189 4.40932e+12 0.570176
1.5552e+06 -1.04167e+12 -4.2812e+12 1.68407e+11 0.12351 0.555706 -0.032189 4.40932e+12 0.570176
1.6416e+06 -1.04167e+12 -4.2812e+12 1.68407e+11 0.12351 0.555706 -0.032189 4.40932e+12 0.570176
1.728e+06 -1.04167e+12 -4.2812e+12 1.68407e+11 0.12351 0.555706 -0.032189 4.40932e+12 0.570176
1.8144e+06 -1.04167e+12 -4.2812e+12 1.68407e+11 0.12351 0.555706 -0.032189 4.40932e+12 0.570176
1.9008e+06 -1.04167e+12 -4.2812e+12 1.68407e+11 0.12351 0.555706 -0.032189 4.40932e+12 0.570176
1.9872e+06 -1.04167e+12 -4.2812e+12 1.68407e+11 0.12351 0.555706 -0.032189 4.40932e+12 0.570176
2.0736e+06 -1.04167e+12 -4.2812e+12 1.68407e+11 0.12351 0.555706 -0.032189 4.40932e+12 0.570176
2.16e+06 -1.04167e+12 -4.2812e+12 1.68407e+11 0.12351 0.555706 -0.032189 4.40932e+12 0.570176
2.2464e+06 -1.04167e+12 -4.2812e+12 1.68407e+11 0.12351 0.555706 -0.032189 4.40932e+12 0.570176
2.3328e+06 -1.04167e+12 -4.2812e+12 1.68407e+11 0.12351 0.555706 -0.032189 4.40932e+12 0.570176
2.4192e+06 -1.04167e+12 -4.2812e+12 1.68407e+11 0.12351 0.555706 -0.032189 4.40932e+12 0.570176
2.5056e+06 -1.04167e+12 -4.2812e+12 1.68407e+11 0.12351 0.555706 -0.032189 4.40932e+12 0.570176
2.592e+06 -1.04167e+12 -4.2812e+12 1.68407e+11 0.12351 0.555706 -0.032189 4.40932e+12 0.570176
2.6784e+06 -1.04167e+12 -4.2812e+12 1.68407e+11 0.12351 0.555706 -0.032189 4.40932e+12 0.570176
2.7648e+06 -1.04167e+12 -4.2812e+12 1.68407e+11 0.12351 0.555706 -0.032189 4.40932e+12 0.570176
2.8512e+06 -1.04167e+12 -4.2812e+12 1.68407e+11 0.12351 0.555706 -0.032189 4.40932e+12 0.570176
2.9376e+06 -1.04167e+12 -4.2812e+12 1.68407e+11 0.12351 0.555706 -0.032189 4.40932e+12 0.570176
3.024e+06 -1.04167e+12 -4.2812e+12 1.68407e+11 0.12351 0.555706 -0.032189 4.40932e+12 0.570176
3.1104e+06 -1.04167e+12 -4.2812e+12 1.68407e+11 0.12351 0.555706 -0.032189 4.40932e+12 0.570176
3.1968e+06 -1.04167e+12 -4.2812e+12 1.68407e+11 0.12351 0.555706 -0.032189 4.40932e+12 0.570176
3.2832e+06 -1.04167e+12 -4.2812e+12 1.68407e+11 0.12351 0.555706 -0.032189 4.40932e+12 0.570176
3.3696e+06 -1.04167e+12 -4.2812e+12 1.68407e+11 0.12351 0.555706 -0.032189 4.40932e+12 0.570176
3.456e+06 -1.04167e+12 -4.2812e+12 1.68407e+11 0.12351 0.555706 -0.032189 4.40932e+12 0.570176
3.5424e+06 -1.04167e+12 -4.2812e+12 1.68407e+11 0.12351 0.555706 -0.032189 4.40932e+12 0.570176
3.6288e+06 -1.04167e+12 -4.2812e+12 1.68407e+11 0.12351 0.555706 -0.032189 4.40932e+12 0.570176
3.7152e+06 -1.04167e+12 -4.2812e+12 1.68407e+11 0.12351 0.555706 -0.032189 4.40932e+12 0.570176
3.8016e+06 -1.04167e+12 -4.2812e+12 1.68407e+11 0.12351 0.555706 -0.032189 4.40932e+12 0.570176
3.888e+06 -1.04167e+12 -4.2812e+12 1.68407e+11 0.12351 0.555706 -0.032189 4.40932e+12 0.570176
3.9744e+06 -1.04167e+12 -4.2812e+12 1.68407e+11 0.12351 0.555706 -0.032189 4.40932e+12 0.570176
4.0608e+06 -1.04167e+12 -4.2812e+12 1.68407e+11 0.12351 0.555706 -0.032189 4.40932e+12 0.570176
4.1472e+06 -1.04167e+12 -4.2812e+12 1.68407e+11 0.12351 0.555706 -0.032189 4.40932e+12 0.570176
4.2336e+06 -1.04167e+12 -4.2812e+12 1.68407e+11 0.12351 0.555706 -0.032189 4.40932e+12 0.570176
4.32e+06 -1.04167e+12 -4.2812e+12 1.68407e+11 0.12351 0.555706 -0.032189 4.40932e+12 0.570176
4.4064e+06 -1.04167e+12 -4.2812e+12 1.68407e+11 0.12351 0.555706 -0.032189 4.40932e+12 0.570176
4.4928e+06 -1.04167e+12 -4.2812e+12 1.68407e+11 0.12351 0.555706 -0.032189 4.40932e+12 0.570176
4.5792e+06 -1.04167e+12 -4.2812e+12 1.68407e+11 0.12351 0.555706 -0.032189 4.40932e+12 0.570176
4.6656e+06 -1.04167e+12 -4.2812e+12 1.68407e+11 0.12351 0.555706 -0.032189 4.40932e+12 0.570176
4.752e+06 -1.04167e+12 -4.2812e+12 1.68407e+11 0.12351 0.555706 -0.032189 4.40932e+12 0.570176
4.8384e+06 -1.04167e+12 -4.2812e+12 1.68407e+11 0.12351 0.555706 -0.032189 4.40932e+12 0.570176
4.9248e+06 -1.04167e+12 -4.2812e+12 1.68407e+11 0.12351 0.555706 -0.032189 4.40932e+12 0.570176
5.0112e+06 -1.04167e+12 -4.2812e+12 1.68407e+11 0.12351 0.555706 -0.032189 4.40932e+12 0.570176
5.0976e+06 -1.04167e+12 -4.2812e+12 1.68407e+11 0.12351 0.555706 -0.032189 4.40932e+12 0.570176
5.184e+06 -1.04167e+12 -4.2812e+12 1.68407e+11 0.12351 0.555706 -0.032189 4.40932e+12 0.570176
5.2704e+06 -1.04167e+12 -4.2812e+12 1.68407e+11 0.12351 0.555706 -0.032189 4.40932e+12 0.570176
5.3568e+06 -1.04167e+12 -4.2812e+12 1.68407e+11 0.12351 0.555706 -0.032189 4.40932e+12 0.570176
5.4432e+06 -1.04167e+12 -4.2812e+12 1.68407e+11 0.12351 0.555706 -0.032189 4.40932e+12 0.570176
5.5296e+06 -1.04167e+12 -4.2812e+12 1.68407e+11 0.12351 0.555706 -0.032189 4.40932e+12 0.570176
5.616e+06 -1.04167e+12 -4.2812e+12 1.68407e+11 0.12351 0.555706 -0.032189 4.40932e+12 0.570176
5.7024e+06 -1.04167e+12 -4.2812e+12 1.68407e+11 0.12351 0.555707 -0.032189 4.40932e+12 0.570176
5.7888e+06 -1.04167e+12 -4.2812e+12 1.68407e+11 0.12351 0.555707 -0.032189 4.40932e+12 0.570176
5.8752e+06 -1.04167e+12 -4.2812e+12 1.68407e+11 0.12351 0.555707 -0.032189 4.40932e+12 0.570176
5.9616e+06 -1.04167e+12 -4.2812e+12 1.68407e+11 0.12351 0.555707 -0.032189 4.40932e+12 0.570176
6.048e+06 -1.04167e+12 -4.2812e+12 1.68407e+11 0.12351 0.555707 -0.032189 4.40932e+12 0.570176
6.1344e+06 -1.04167e+12 -4.2812e+12 1.68407e+11 0.12351 0.555707 -0.032189 4.40932e+12 0.570176
6.2208e+06 -1.04167e+12 -4.2812e+12 1.68407e+11 0.12351 0.555707 -0.032189 4.40932e+12 0.570176
6.3072e+06 -1.04167e+12 -4.2812e+12 1.68407e+11 0.12351 0.555707 -0.032189 4.40932e+12 0.570176
6.3936e+06 -1.04167e+12 -4.2812e+12 1.68407e+11 0.12351 0.555707 -0.032189 4.40932e+12 0.570176
6.48e+06 -1.04167e+12 -4.2812e+12 1.68407e+11 0.12351 0.555707 -0.032189 4.40932e+12 0.570176
6.5664e+06 -1.04167e+12 -4.2812e+12 1.68407e+11 0.12351 0.555707 -0.032189 4.40932e+12 0.570176
6.6528e+06 -1.04167e+12 -4.2812e+12 1.68407e+11 0.12351 0.555707 -0.032189 4.40932e+12 0.570176
6.7392e+06 -1.04167e+12 -4.2812e+12 1.68407e+11 0.12351 0.555707 -0.032189 4.40932e+12 0.570176
6.8256e+06 -1.04167e+12 -4.2812e+12 1.68407e+11 0.12351 0.555707 -0.032189 4.40932e+12 0.570176
6.912e+06 -1.04167e+12 -4.2812e+12 1.68407e+11 0.12351 0.555707 -0.032189 4.40932e+12 0.570176
6.9984e+06 -1.04167e+12 -4.2812e+12 1.68407e+11 0.12351 0.555707 -0.032189 4.40932e+12 0.570176
7.0848e+06 -1.04167e+12 -4.2812e+12 1.68407e+11 0.12351 0.555707 -0.032189 4.40932e+12 0.570176
7.1712e+06 -1.04167e+12 -4.2812e+12 1.68407e+11 0.12351 0.555707 -0.032189 4.40932e+12 0.570176
7.2576e+06 -1.04167e+12 -4.2812e+12 1.68407e+11 0.12351 0.555707 -0.032189 4.40932e+12 0.570176
7.344e+06 -1.04167e+12 -4.2812e+12 1.68407e+11 0.12351 0.555707 -0.032189 4.40932e+12 0.570176
7.4304e+06 -1.04167e+12 -4.2812e+12 1.68407e+11 0.12351 0.555707 -0.032189 4.40932e+12 0.570176
7.5168e+06 -1.04167e+12 -4.2812e+12 1.68407e+11 0.12351 0.555707 -0.032189 4.40932e+12 0.570176
7.6032e+06 -1.04167e+12 -4.2812e+12 1.68407e+11 0.12351 0.555707 -0.032189 4.40932e+12 0.570176
7.6896e+06 -1.04167e+12 -4.2812e+12 1.68407e+11 0.12351 0.555707 -0.032189 4.40932e+12 0.570176
7.776e+06 -1.04167e+12 -4.2812e+12 1.68407e+11 0.12351 0.555707 -0.032189 4.40932e+12 0.570176
7.8624e+06 -1.04167e+12 -4.2812e+12 1.68407e+11 0.12351 0.555707 -0.032189 4.40932e+12 0.570176
7.9488e+06 -1.04167e+12 -4.2812e+12 1.68407e+11 0.12351 0.555707 -0.032189 4.40932e+12 0.570176
8.0352e+06 -1.04167e+12 -4.2812e+12 1.68407e+11 0.12351 0.555707 -0.032189 4.40932e+12 0.570176
8.1216e+06 -1.04167e+12 -4.2812e+12 1.68407e+11 0.12351 0.555707 -0.032189 4.40932e+12 0.570176
8.208e+06 -1.04167e+12 -4.2812e+12 1.68407e+11 0.12351 0.555707 -0.032189 4.40932e+12 0.570176
8.2944e+06 -1.04167e+12 -4.2812e+12 1.68407e+11 0.12351 0.555707 -0.032189 4.40932e+12 0.570176
8.3808e+06 -1.04167e+12 -4.2812e+12 1.68407e+11 0.12351 0.555707 -0.032189 4.40932e+12 0.570176
8.4672e+06 -1.04167e+12 -4.2812e+12 1.68407e+11 0.12351 0.555707 -0.032189 4.40932e+12 0.570176
8.5536e+06 -1.04167e+12 -4.2812e+12 1.68407e+11 0.12351 0.555707 -0.032189 4.40932e+12 0.570176
8.64e+06 -1.04167e+12 -4.2812e+12 1.68407e+11 0.12351 0.555707 -0.032189 4.40932e+12 0.570176
8.7264e+06 -1.04167e+12 -4.2812e+12 1.68407e+11 0.12351 0.555707 -0.032189 4.40932e+12 0.570176
8.8128e+06 -1.04167e+12 -4.2812e+12 1.68407e+11 0.12351 0.555707 -0.032189 4.40932e+12 0.570176
8.8992e+06 -1.04167e+12 -4.2812e+12 1.68407e+11 0.12351 0.555707 -0.032189 4.40932e+12 0.570176
8.9856e+06 -1.04167e+12 -4.2812e+12 1.68407e+11 0.12351 0.555707 -0.032189 4.40932e+12 0.570176
9.072e+06 -1.04167e+12 -4.2812e+12 1.68407e+11 0.12351 0.555707 -0.032189 4.40932e+12 0.570176
9.1584e+06 -1.04167e+12 -4.2812e+12 1.68407e+11 0.12351 0.555707 -0.032189 4.40932e+12 0.570176
9.2448e+06 -1.04167e+12 -4.2812e+12 1.68407e+11 0.12351 0.555707 -0.032189 4.40932e+12 0.570176
9.3312e+06 -1.04167e+12 -4.2812e+12 1.68407e+11 0.12351 0.555707 -0.032189 4.40932e+12 0.570176
9.4176e+06 -1.04167e+12 -4.2812e+12 1.68407e+11 0.12351 0.555707 -0.032189 4.40932e+12 0.570176
9.504e+06 -1.04167e+12 -4.2812e+12 1.68407e+11 0.12351 0.555707 -0.032189 4.40932e+12 0.570176
9.5904e+06 -1.04167e+12 -4.2812e+12 1.68407e+11 0.12351 0.555707 -0.032189 4.40932e+12 0.570176
9.6768e+06 -1.04167e+12 -4.2812e+12 1.68407e+11 0.12351 0.555707 -0.032189 4.40932e+12 0.570176
9.7632e+06 -1.04167e+12 -4.2812e+12 1.68407e+11 0.12351 0.555707 -0.032189 4.40932e+12 0.570176
9.8496e+06 -1.04167e+12 -4.2812e+12 1.68407e+11 0.12351 0.555707 -0.032189 4.40932e+12 0.570176
9.936e+06 -1.04167e+12 -4.2812e+12 1.68407e+11 0.12351 0.555707 -0.032189 4.40932e+12 0.570176
1.00224e+07 -1.04167e+12 -4.2812e+12 1.68407e+11 0.12351 0.555707 -0.032189 4.40932e+12 0.570176
1.01088e+07 -1.04167e+12 -4.2812e+12 1.68407e+11 0.12351 0.555707 -0.032189 4.40932e+12 0.570176
1.01952e+07 -1.04167e+12 -4.2812e+12 1.68407e+11 0.12351 0.555707 -0.032189 4.40932e+12 0.570176
1.02816e+07 -1.04167e+12 -4.2812e+12 1.68407e+11 0.12351 0.555707 -0.032189 4.40932e+12 0.570176
1.0368e+07 -1.04167e+12 -4.2812e+12 1.68407e+11 0.12351 0.555707 -0.032189 4.40932e+12 0.570176
1.04544e+07 -1.04167e+12 -4.28119e+12 1.68407e+11 0.12351 0.555707 -0.032189 4.40932e+12 0.570176
1.05408e+07 -1.04167e+12 -4.28119e+12 1.68407e+11 0.12351 0.555707 -0.032189 4.40932e+12 0.570176
1.06272e+07 -1.04167e+12 -4.28119e+12 1.68407e+11 0.12351 0.555707 -0.032189 4.40932e+12 0.570176
1.07136e+07 -1.04167e+12 -4.28119e+12 1.68407e+11 0.12351 0.555707 -0.032189 4.40932e+12 0.570176
1.08e+07 -1.04167e+12 -4.28119e+12 1.68407e+11 0.12351 0.555707 -0.032189 4.40932e+12 0.570176
1.08864e+07 -1.04167e+12 -4.28119e+12 1.68407e+11 0.12351 0.555707 -0.032189 4.40932e+12 0.570176
1.09728e+07 -1.04167e+12 -4.28119e+12 1.68407e+11 0.12351 0.555707 -0.032189 4.40932e+12 0.570176
1.10592e+07 -1.04167e+12 -4.28119e+12 1.68407e+11 0.12351 0.555707 -0.032189 4.40932e+12 0.570176
1.11456e+07 -1.04167e+12 -4.28119e+12 1.68407e+11 0.12351 0.555707 -0.032189 4.40932e+12 0.570176
1.1232e+07 -1.04167e+12 -4.28119e+12 1.68407e+11 0.12351 0.555707 -0.032189 4.40932e+12 0.570176
1.13184e+07 -1.04167e+12 -4.28119e+12 1.68407e+11 0.12351 0.555707 -0.032189 4.40932e+12 0.570176
1.14048e+07 -1.04167e+12 -4.28119e+12 1.68407e+11 0.12351 0.555707 -0.032189 4.40932e+12 0.570176
1.14912e+07 -1.04167e+12 -4.28119e+12 1.68407e+11 0.12351 0.555707 -0.032189 4.40932e+12 0.570176
1.15776e+07 -1.04167e+12 -4.28119e+12 1.68407e+11 0.12351 0.555707 -0.032189 4.40932e+12 0.570176
1.1664e+07 -1.04167e+12 -4.28119e+12 1.68407e+11 0.12351 0.555707 -0.032189 4.40932e+12 0.570176
1.17504e+07 -1.04167e+12 -4.28119e+12 1.68407e+11 0.12351 0.555707 -0.032189 4.40932e+12 0.570176
1.18368e+07 -1.04167e+12 -4.28119e+12 1.68407e+11 0.12351 0.555707 -0.032189 4.40932e+12 0.570176
1.19232e+07 -1.04167e+12 -4.28119e+12 1.68407e+11 0.12351 0.555707 -0.032189 4.40932e+12 0.570176
1.20096e+07 -1.04167e+12 -4.28119e+12 1.68407e+11 0.12351 0.555707 -0.032189 4.40932e+12 0.570176
1.2096e+07 -1.04167e+12 -4.28119e+12 1.68407e+11 0.12351 0.555707 -0.032189 4.40932e+12 0.570176
1.21824e+07 -1.04167e+12 -4.28119e+12 1.68407e+11 0.12351 0.555707 -0.032189 4.40932e+12 0.570176
1.22688e+07 -1.04167e+12 -4.28119e+12 1.68407e+11 0.12351 0.555707 -0.032189 4.40932e+12 0.570176
1.23552e+07 -1.04167e+12 -4.28119e+12 1.68407e+11 0.12351 0.555707 -0.032189 4.40932e+12 0.570176
1.24416e+07 -1.04167e+12 -4.28119e+12 1.68407e+11 0.12351 0.555707 -0.032189 4.40932e+12 0.570176
1.2528e+07 -1.04167e+12 -4.28119e+12 1.68407e+11 0.12351 0.555707 -0.032189 4.40932e+12 0.570176
1.26144e+07 -1.04167e+12 -4.28119e+12 1.68407e+11 0.12351 0.555707 -0.032189 4.40932e+12 0.570176
1.27008e+07 -1.04167e+12 -4.28119e+12 1.68407e+11 0.12351 0.555707 -0.032189 4.40932e+12 0.570176
1.27872e+07 -1.04167e+12 -4.28119e+12 1.68407e+11 0.12351 0.555707 -0.032189 4.40932e+12 0.570176
1.28736e+07 -1.04167e+12 -4.28119e+12 1.68407e+11 0.12351 0.555707 -0.032189 4.40932e+12 0.570176
1.296e+07 -1.04167e+12 -4.28119e+12 1.68407e+11 0.12351 0.555707 -0.032189 4.40932e+12 0.570176
1.30464e+07 -1.04167e+12 -4.28119e+12 1.68407e+11 0.12351 0.555707 -0.032189 4.40932e+12 0.570176
1.31328e+07 -1.04167e+12 -4.28119e+12 1.68407e+11 0.12351 0.555707 -0.032189 4.40932e+12 0.570176
1.32192e+07 -1.04167e+12 -4.28119e+12 1.68407e+11 0.12351 0.555707 -0.032189 4.40932e+12 0.570176
1.33056e+07 -1.04167e+12 -4.28119e+12 1.68407e+11 0.12351 0.555707 -0.032189 4.40932e+12 0.570176
1.3392e+07 -1.04167e+12 -4.28119e+12 1.68407e+11 0.12351 0.555707 -0.032189 4.40932e+12 0.570176
1.34784e+07 -1.04167e+12 -4.28119e+12 1.68407e+11 0.12351 0.555707 -0.032189 4.40932e+12 0.570176
1.35648e+07 -1.04167e+12 -4.28119e+12 1.68407e+11 0.12351 0.555707 -0.032189 4.40932e+12 0.570176
1.36512e+07 -1.04167e+12 -4.28119e+12 1.68407e+11 0.12351 0.555707 -0.032189 4.40932e+12 0.570176
1.37376e+07 -1.04167e+12 -4.28119e+12 1.68407e+11 0.12351 0.555707 -0.032189 4.40932e+12 0.570176
1.3824e+07 -1.04167e+12 -4.28119e+12 1.68407e+11 0.12351 0.555707 -0.032189 4.40932e+12 0.570176
1.39104e+07 -1.04167e+12 -4.28119e+12 1.68407e+11 0.12351 0.555707 -0.032189 4.40932e+12 0.570177
1.39968e+07 -1.04167e+12 -4.28119e+12 1.68407e+11 0.12351 0.555707 -0.032189 4.40932e+12 0.570177
1.40832e+07 -1.04167e+12 -4.28119e+12 1.68407e+11 0.12351 0.555707 -0.032189 4.40932e+12 0.570177
1.41696e+07 -1.04167e+12 -4.28119e+12 1.68407e+11 0.12351 0.555707 -0.032189 4.40932e+12 0.570177
1.4256e+07 -1.04167e+12 -4.28119e+12 1.68407e+11 0.12351 0.555707 -0.032189 4.40931e+12 0.570177
1.43424e+07 -1.04167e+12 -4.28119e+12 1.68407e+11 0.12351 0.555707 -0.032189 4.40931e+12 0.570177
1.44288e+07 -1.04167e+12 -4.28119e+12 1.68407e+11 0.12351 0.555707 -0.032189 4.40931e+12 0.570177
1.45152e+07 -1.04167e+12 -4.28119e+12 1.68407e+11 0.12351 0.555707 -0.032189 4.40931e+12 0.570177
1.46016e+07 -1.04167e+12 -4.28119e+12 1.68407e+11 0.12351 0.555707 -0.032189 4.40931e+12 0.570177
1.4688e+07 -1.04167e+12 -4.28119e+12 1.68407e+11 0.12351 0.555707 -0.032189 4.40931e+12 0.570177
1.47744e+07 -1.04167e+12 -4.28119e+12 1.68407e+11 0.12351 0.555707 -0.032189 4.40931e+12 0.570177
1.48608e+07 -1.04167e+12 -4.28119e+12 1.68407e+11 0.12351 0.555707 -0.032189 4.40931e+12 0.570177
1.49472e+07 -1.04167e+12 -4.28119e+12 1.68407e+11 0.12351 0.555707 -0.032189 4.40931e+12 0.570177
1.50336e+07 -1.04167e+12 -4.28119e+12 1.68407e+11 0.12351 0.555707 -0.032189 4.40931e+12 0.570177
1.512e+07 -1.04167e+12 -4.28119e+12 1.68407e+11 0.12351 0.555707 -0.032189 4.40931e+12 0.570177
1.52064e+07 -1.04167e+12 -4.28119e+12 1.68407e+11 0.12351 0.555707 -0.032189 4.40931e+12 0.570177
1.52928e+07 -1.04167e+12 -4.28119e+12 1.68407e+11 0.12351 0.555707 -0.032189 4.40931e+12 0.570177
1.53792e+07 -1.04167e+12 -4.28119e+12 1.68407e+11 0.12351 0.555707 -0.032189 4.40931e+12 0.570177
1.54656e+07 -1.04167e+12 -4.28119e+12 1.68407e+11 0.12351 0.555707 -0.032189 4.40931e+12 0.570177
1.5552e+07 -1.04167e+12 -4.28119e+12 1.68407e+11 0.12351 0.555707 -0.032189 4.40931e+12 0.570177
1.56384e+07 -1.04167e+12 -4.28119e+12 1.68407e+11 0.12351 0.555707 -0.032189 4.40931e+12 0.570177
1.57248e+07 -1.04167e+12 -4.28119e+12 1.68407e+11 0.12351 0.555707 -0.032189 4.40931e+12 0.570177
1.58112e+07 -1.04167e+12 -4.28119e+12 1.68407e+11 0.12351 0.555707 -0.032189 4.40931e+12 0.570177
1.58976e+07 -1.04167e+12 -4.28119e+12 1.68407e+11 0.12351 0.555707 -0.032189 4.40931e+12 0.570177
1.5984e+07 -1.04167e+12 -4.28119e+12 1.68407e+11 0.12351 0.555707 -0.032189 4.40931e+12 0.570177
1.60704e+07 -1.04167e+12 -4.28119e+12 1.68407e+11 0.12351 0.555707 -0.032189 4.40931e+12 0.570177
1.61568e+07 -1.04167e+12 -4.28119e+12 1.68407e+11 0.12351 0.555707 -0.032189 4.40931e+12 0.570177
1.62432e+07 -1.04167e+12 -4.28119e+12 1.68407e+11 0.12351 0.555707 -0.032189 4.40931e+12 0.570177
1.63296e+07 -1.04167e+12 -4.28119e+12 1.68407e+11 0.12351 0.555707 -0.032189 4.40931e+12 0.570177
1.6416e+07 -1.04167e+12 -4.28119e+12 1.68407e+11 0.12351 0.555707 -0.032189 4.40931e+12 0.570177
1.65024e+07 -1.04167e+12 -4.28119e+12 1.68407e+11 0.12351 0.555707 -0.032189 4.40931e+12 0.570177
1.65888e+07 -1.04167e+12 -4.28119e+12 1.68407e+11 0.12351 0.555707 -0.032189 4.40931e+12 0.570177
1.66752e+07 -1.04167e+12 -4.28119e+12 1.68407e+11 0.12351 0.555707 -0.032189 4.40931e+12 0.570177
1.67616e+07 -1.04167e+12 -4.28119e+12 1.68407e+11 0.12351 0.555707 -0.032189 4.40931e+12 0.570177
1.6848e+07 -1.04167e+12 -4.28119e+12 1.68407e+11 0.12351 0.555707 -0.032189 4.40931e+12 0.570177
1.69344e+07 -1.04167e+12 -4.28119e+12 1.68407e+11 0.12351 0.555707 -0.032189 4.40931e+12 0.570177
1.70208e+07 -1.04167e+12 -4.28119e+12 1.68407e+11 0.12351 0.555707 -0.032189 4.40931e+12 0.570177
1.71072e+07 -1.04167e+12 -4.28119e+12 1.68407e+11 0.12351 0.555707 -0.032189 4.40931e+12 0.570177
1.71936e+07 -1.04167e+12 -4.28119e+12 1.68407e+11 0.12351 0.555707 -0.032189 4.40931e+12 0.570177
1.728e+07 -1.04167e+12 -4.28119e+12 1.68407e+11 0.12351 0.555707 -0.032189 4.40931e+12 0.570177
1.73664e+07 -1.04167e+12 -4.28119e+12 1.68407e+11 0.12351 0.555707 -0.032189 4.40931e+12 0.570177
1.74528e+07 -1.04167e+12 -4.28119e+12 1.68407e+11 0.12351 0.555707 -0.032189 4.40931e+12 0.570177
1.75392e+07 -1.04167e+12 -4.28119e+12 1.68407e+11 0.12351 0.555707 -0.032189 4.40931e+12 0.570177
1.76256e+07 -1.04167e+12 -4.28119e+12 1.68407e+11 0.12351 0.555707 -0.032189 4.40931e+12 0.570177
1.7712e+07 -1.04167e+12 -4.28119e+12 1.68407e+11 0.12351 0.555707 -0.032189 4.40931e+12 0.570177
1.77984e+07 -1.04167e+12 -4.28119e+12 1.68407e+11 0.12351 0.555707 -0.032189 4.40931e+12 0.570177
1.78848e+07 -1.04167e+12 -4.28119e+12 1.68407e+11 0.12351 0.555707 -0.032189 4.40931e+12 0.570177
1.79712e+07 -1.04167e+12 -4.28119e+12 1.68407e+11 0.12351 0.555707 -0.032189 4.40931e+12 0.570177
1.80576e+07 -1.04167e+12 -4.28119e+12 1.68407e+11 0.12351 0.555707 -0.032189 4.40931e+12 0.570177
1.8144e+07 -1.04167e+12 -4.28119e+12 1.68407e+11 0.12351 0.555707 -0.032189 4.40931e+12 0.570177
1.82304e+07 -1.04167e+12 -4.28119e+12 1.68407e+11 0.12351 0.555707 -0.032189 4.40931e+12 0.570177
1.83168e+07 -1.04167e+12 -4.28119e+12 1.68407e+11 0.12351 0.555707 -0.032189 4.40931e+12 0.570177
1.84032e+07 -1.04167e+12 -4.28119e+12 1.68407e+11 0.12351 0.555707 -0.032189 4.40931e+12 0.570177
1.84896e+07 -1.04167e+12 -4.28119e+12 1.68407e+11 0.12351 0.555707 -0.032189 4.40931e+12 0.570177
1.8576e+07 -1.04167e+12 -4.28119e+12 1.68407e+11 0.12351 0.555707 -0.032189 4.40931e+12 0.570177
1.86624e+07 -1.04167e+12 -4.28119e+12 1.68407e+11 0.12351 0.555707 -0.032189 4.40931e+12 0.570177
1.87488e+07 -1.04167e+12 -4.28119e+12 1.68407e+11 0.12351 0.555707 -0.032189 4.40931e+12 0.570177
1.88352e+07 -1.04167e+12 -4.28119e+12 1.68407e+11 0.12351 0.555707 -0.032189 4.40931e+12 0.570177
1.89216e+07 -1.04167e+12 -4.28119e+12 1.68407e+11 0.12351 0.555707 -0.032189 4.40931e+12 0.570177
1.9008e+07 -1.04167e+12 -4.28119e+12 1.68407e+11 0.12351 0.555707 -0.032189 4.40931e+12 0.570177
1.90944e+07 -1.04167e+12 -4.28119e+12 1.68407e+11 0.12351 0.555707 -0.032189 4.40931e+12 0.570177
1.91808e+07 -1.04167e+12 -4.28119e+12 1.68407e+11 0.12351 0.555707 -0.032189 4.40931e+12 0.570177
1.92672e+07 -1.04167e+12 -4.28119e+12 1.68407e+11 0.12351 0.555707 -0.032189 4.40931e+12 0.570177
1.93536e+07 -1.04167e+12 -4.28119e+12 1.68407e+11 0.12351 0.555707 -0.032189 4.40931e+12 0.570177
1.944e+07 -1.04167e+12 -4.28119e+12 1.68407e+11 0.12351 0.555707 -0.032189 4.40931e+12 0.570177
1.95264e+07 -1.04167e+12 -4.28119e+12 1.68407e+11 0.12351 0.555707 -0.032189 4.40931e+12 0.570177
1.96128e+07 -1.04167e+12 -4.28119e+12 1.68407e+11 0.12351 0.555707 -0.032189 4.40931e+12 0.570177
1.96992e+07 -1.04167e+12 -4.28119e+12 1.68407e+11 0.12351 0.555707 -0.032189 4.40931e+12 0.570177
1.97856e+07 -1.04167e+12 -4.28119e+12 1.68407e+11 0.12351 0.555707 -0.032189 4.40931e+12 0.570177
1.9872e+07 -1.04167e+12 -4.28119e+12 1.68407e+11 0.12351 0.555708 -0.032189 4.40931e+12 0.570177
1.99584e+07 -1.04167e+12 -4.28119e+12 1.68407e+11 0.12351 0.555708 -0.032189 4.40931e+12 0.570177
2.00448e+07 -1.04167e+12 -4.28119e+12 1.68407e+11 0.12351 0.555708 -0.032189 4.40931e+12 0.570177
2.01312e+07 -1.04167e+12 -4.28119e+12 1.68407e+11 0.12351 0.555708 -0.032189 4.40931e+12 0.570177
2.02176e+07 -1.04167e+12 -4.28119e+12 1.68407e+11 0.12351 0.555708 -0.032189 4.40931e+12 0.570177
2.0304e+07 -1.04167e+12 -4.28119e+12 1.68407e+11 0.12351 0.555708 -0.032189 4.40931e+12 0.570177
2.03904e+07 -1.04167e+12 -4.28119e+12 1.68407e+11 0.12351 0.555708 -0.032189 4.40931e+12 0.570177
2.04768e+07 -1.04167e+12 -4.28119e+12 1.68407e+11 0.12351 0.555708 -0.032189 4.40931e+12 0.570177
2.05632e+07 -1.04167e+12 -4.28119e+12 1.68407e+11 0.12351 0.555708 -0.032189 4.40931e+12 0.570177
2.06496e+07 -1.04167e+12 -4.28119e+12 1.68407e+11 0.12351 0.555708 -0.032189 4.40931e+12 0.570177
2.0736e+07 -1.04167e+12 -4.28119e+12 1.68407e+11 0.12351 0.555708 -0.032189 4.40931e+12 0.570177
2.08224e+07 -1.04167e+12 -4.28119e+12 1.68407e+11 0.12351 0.555708 -0.032189 4.40931e+12 0.570177
2.09088e+07 -1.04167e+12 -4.28119e+12 1.68407e+11 0.12351 0.555708 -0.032189 4.40931e+12 0.570177
2.09952e+07 -1.04167e+12 -4.28119e+12 1.68407e+11 0.12351 0.555708 -0.032189 4.40931e+12 0.570177
2.10816e+07 -1.04167e+12 -4.28119e+12 1.68407e+11 0.12351 0.555708 -0.032189 4.40931e+12 0.570177
2.1168e+07 -1.04167e+12 -4.28119e+12 1.68407e+11 0.12351 0.555708 -0.032189 4.40931e+12 0.570177
2.12544e+07 -1.04167e+12 -4.28119e+12 1.68407e+11 0.12351 0.555708 -0.032189 4.40931e+12 0.570177
2.13408e+07 -1.04167e+12 -4.28119e+12 1.68407e+11 0.12351 0.555708 -0.032189 4.40931e+12 0.570177
2.14272e+07 -1.04167e+12 -4.28119e+12 1.68407e+11 0.12351 0.555708 -0.032189 4.40931e+12 0.570177
2.15136e+07 -1.04167e+12 -4.28119e+12 1.68407e+11 0.12351 0.555708 -0.032189 4.40931e+12 0.570177
2.16e+07 -1.04167e+12 -4.28119e+12 1.68407e+11 0.12351 0.555708 -0.032189 4.40931e+12 0.570177
2.16864e+07 -1.04167e+12 -4.28119e+12 1.68407e+11 0.12351 0.555708 -0.032189 4.40931e+12 0.570177
2.17728e+07 -1.04167e+12 -4.28119e+12 1.68407e+11 0.12351 0.555708 -0.032189 4.40931e+12 0.570177
2.18592e+07 -1.04167e+12 -4.28119e+12 1.68407e+11 0.12351 0.555708 -0.032189 4.40931e+12 0.570177
2.19456e+07 -1.04167e+12 -4.28119e+12 1.68407e+11 0.12351 0.555708 -0.032189 4.40931e+12 0.570177
2.2032e+07 -1.04167e+12 -4.28119e+12 1.68407e+11 0.12351 0.555708 -0.032189 4.40931e+12 0.570177
2.21184e+07 -1.04167e+12 -4.28119e+12 1.68407e+11 0.12351 0.555708 -0.032189 4.40931e+12 0.570177
2.22048e+07 -1.04167e+12 -4.28119e+12 1.68407e+11 0.12351 0.555708 -0.032189 4.40931e+12 0.570177
2.22912e+07 -1.04167e+12 -4.28119e+12 1.68407e+11 0.12351 0.555708 -0.032189 4.40931e+12 0.570177
2.23776e+07 -1.04167e+12 -4.28119e+12 1.68407e+11 0.12351 0.555708 -0.032189 4.40931e+12 0.570177
2.2464e+07 -1.04167e+12 -4.28119e+12 1.68407e+11 0.12351 0.555708 -0.032189 4.40931e+12 0.570177
2.25504e+07 -1.04167e+12 -4.28119e+12 1.68407e+11 0.12351 0.555708 -0.032189 4.40931e+12 0.570177
2.26368e+07 -1.04167e+12 -4.28119e+12 1.68407e+11 0.12351 0.555708 -0.032189 4.40931e+12 0.570177
2.27232e+07 -1.04167e+12 -4.28119e+12 1.68407e+11 0.12351 0.555708 -0.032189 4.40931e+12 0.570177
2.28096e+07 -1.04167e+12 -4.28119e+12 1.68407e+11 0.12351 0.555708 -0.032189 4.40931e+12 0.570177
2.2896e+07 -1.04167e+12 -4.28119e+12 1.68407e+11 0.12351 0.555708 -0.032189 4.40931e+12 0.570177
2.29824e+07 -1.04167e+12 -4.28119e+12 1.68407e+11 0.12351 0.555708 -0.032189 4.40931e+12 0.570177
2.30688e+07 -1.04167e+12 -4.28119e+12 1.68407e+11 0.12351 0.555708 -0.032189 4.40931e+12 0.570177
2.31552e+07 -1.04167e+12 -4.28119e+12 1.68407e+11 0.12351 0.555708 -0.032189 4.40931e+12 0.570177
2.32416e+07 -1.04167e+12 -4.28119e+12 1.68407e+11 0.12351 0.555708 -0.032189 4.40931e+12 0.570177
2.3328e+07 -1.04167e+12 -4.28119e+12 1.68407e+11 0.12351 0.555708 -0.032189 4.40931e+12 0.570177
2.34144e+07 -1.04167e+12 -4.28119e+12 1.68407e+11 0.12351 0.555708 -0.032189 4.40931e+12 0.570177
2.35008e+07 -1.04167e+12 -4.28119e+12 1.68407e+11 0.12351 0.555708 -0.032189 4.40931e+12 0.570177
2.35872e+07 -1.04167e+12 -4.28119e+12 1.68407e+11 0.12351 0.555708 -0.032189 4.40931e+12 0.570177
2.36736e+07 -1.04167e+12 -4.28119e+12 1.68407e+11 0.12351 0.555708 -0.032189 4.40931e+12 0.570177
2.376e+07 -1.04167e+12 -4.28119e+12 1.68407e+11 0.12351 0.555708 -0.032189 4.40931e+12 0.570177
2.38464e+07 -1.04167e+12 -4.28119e+12 1.68407e+11 0.12351 0.555708 -0.032189 4.40931e+12 0.570177
2.39328e+07 -1.04167e+12 -4.28119e+12 1.68407e+11 0.12351 0.555708 -0.032189 4.40931e+12 0.570177
2.40192e+07 -1.04167e+12 -4.28119e+12 1.68407e+11 0.12351 0.555708 -0.032189 4.40931e+12 0.570177
2.41056e+07 -1.04167e+12 -4.28119e+12 1.68407e+11 0.12351 0.555708 -0.032189 4.40931e+12 0.570177
2.4192e+07 -1.04167e+12 -4.28119e+12 1.68407e+11 0.12351 0.555708 -0.032189 4.40931e+12 0.570177
2.42784e+07 -1.04167e+12 -4.28119e+12 1.68407e+11 0.12351 0.555708 -0.032189 4.40931e+12 0.570177
2.43648e+07 -1.04167e+12 -4.28119e+12 1.68407e+11 0.123511 0.555709 -0.0321891 4.40931e+12 0.570178
2.44512e+07 -1.04167e+12 -4.28119e+12 1.68407e+11 0.123511 0.555709 -0.0321891 4.40931e+12 0.570178
2.45376e+07 -1.04167e+12 -4.28119e+12 1.68407e+11 0.123511 0.555709 -0.0321891 4.40931e+12 0.570178
2.4624e+07 -1.04167e+12 -4.28119e+12 1.68407e+11 0.123511 0.555709 -0.0321891 4.40931e+12 0.570178
2.47104e+07 -1.04167e+12 -4.28119e+12 1.68407e+11 0.123511 0.555709 -0.0321891 4.40931e+12 0.570178
2.47968e+07 -1.04167e+12 -4.28119e+12 1.68407e+11 0.123511 0.555709 -0.0321891 4.40931e+12 0.570178
2.48832e+07 -1.04167e+12 -4.28119e+12 1.68407e+11 0.123511 0.555709 -0.0321891 4.40931e+12 0.570178
2.49696e+07 -1.04167e+12 -4.28119e+12 1.68407e+11 0.123511 0.555709 -0.0321891 4.40931e+12 0.570178
2.5056e+07 -1.04167e+12 -4.28119e+12 1.68407e+11 0.123511 0.555709 -0.0321891 4.40931e+12 0.570178
2.51424e+07 -1.04167e+12 -4.28119e+12 1.68407e+11 0.123511 0.555709 -0.0321891 4.40931e+12 0.570178
2.52288e+07 -1.04167e+12 -4.28119e+12 1.68407e+11 0.123511 0.555709 -0.0321891 4.40931e+12 0.570178
2.53152e+07 -1.04167e+12 -4.28119e+12 1.68407e+11 0.123511 0.555709 -0.0321891 4.40931e+12 0.570178
2.54016e+07 -1.04167e+12 -4.28119e+12 1.68407e+11 0.123511 0.555709 -0.0321891 4.40931e+12 0.570178
2.5488e+07 -1.04167e+12 -4.28119e+12 1.68407e+11 0.123511 0.555709 -0.0321891 4.40931e+12 0.570178
2.55744e+07 -1.04167e+12 -4.28119e+12 1.68407e+11 0.123511 0.555709 -0.0321891 4.40931e+12 0.570179
2.56608e+07 -1.04167e+12 -4.28119e+12 1.68407e+11 0.123511 0.555709 -0.0321891 4.40931e+12 0.570179
2.57472e+07 -1.04167e+12 -4.28119e+12 1.68407e+11 0.123511 0.555709 -0.0321891 4.40931e+12 0.570179
2.58336e+07 -1.04167e+12 -4.28119e+12 1.68407e+11 0.123511 0.555709 -0.0321891 4.40931e+12 0.570179
2.592e+07 -1.04167e+12 -4.28119e+12 1.68407e+11 0.123511 0.555709 -0.0321891 4.40931e+12 0.570179
2.60064e+07 -1.04167e+12 -4.28119e+12 1.68407e+11 0.123511 0.555709 -0.0321891 4.40931e+12 0.570179
2.60928e+07 -1.04167e+12 -4.28119e+12 1.68407e+11 0.123511 0.555709 -0.0321891 4.40931e+12 0.570179
2.61792e+07 -1.04167e+12 -4.28119e+12 1.68407e+11 0.123511 0.555709 -0.0321891 4.40931e+12 0.570179
2.62656e+07 -1.04167e+12 -4.28119e+12 1.68407e+11 0.123511 0.555709 -0.0321891 4.40931e+12 0.570179
2.6352e+07 -1.04167e+12 -4.28119e+12 1.68407e+11 0.123511 0.555709 -0.0321891 4.40931e+12 0.570179
2.64384e+07 -1.04167e+12 -4.28119e+12 1.68407e+11 0.123511 0.555709 -0.0321891 4.40931e+12 0.570179
2.65248e+07 -1.04167e+12 -4.28119e+12 1.68407e+11 0.123511 0.555709 -0.0321891 4.40931e+12 0.570179
2.66112e+07 -1.04167e+12 -4.28119e+12 1.68407e+11 0.123511 0.555709 -0.0321891 4.40931e+12 0.570179
2.66976e+07 -1.04167e+12 -4.28119e+12 1.68407e+11 0.123511 0.555709 -0.0321891 4.40931e+12 0.570179
2.6784e+07 -1.04167e+12 -4.28119e+12 1.68407e+11 0.123511 0.555709 -0.0321891 4.40931e+12 0.570179
2.68704e+07 -1.04167e+12 -4.28119e+12 1.68407e+11 0.123511 0.555709 -0.0321891 4.40931e+12 0.570179
2.69568e+07 -1.04167e+12 -4.28119e+12 1.68407e+11 0.123511 0.555709 -0.0321891 4.40931e+12 0.570179
2.70432e+07 -1.04167e+12 -4.28119e+12 1.68407e+11 0.123511 0.555709 -0.0321891 4.40931e+12 0.570179
2.71296e+07 -1.04167e+12 -4.28119e+12 1.68407e+11 0.123511 0.555709 -0.0321891 4.40931e+12 0.570179
2.7216e+07 -1.04167e+12 -4.28119e+12 1.68407e+11 0.123511 0.555709 -0.0321891 4.40931e+12 0.570179
2.73024e+07 -1.04167e+12 -4.28119e+12 1.68407e+11 0.123511 0.555709 -0.0321891 4.40931e+12 0.570179
2.73888e+07 -1.04167e+12 -4.28119e+12 1.68407e+11 0.123511 0.555709 -0.0321891 4.40931e+12 0.570179
2.74752e+07 -1.04167e+12 -4.28119e+12 1.68407e+11 0.123511 0.555709 -0.0321891 4.40931e+12 0.570179
2.75616e+07 -1.04167e+12 -4.28119e+12 1.68407e+11 0.123511 0.555709 -0.0321891 4.40931e+12 0.570179
2.7648e+07 -1.04167e+12 -4.28119e+12 1.68407e+11 0.123511 0.555709 -0.0321891 4.40931e+12 0.570179
2.77344e+07 -1.04167e+12 -4.28119e+12 1.68407e+11 0.123511 0.555709 -0.0321891 4.40931e+12 0.570179
2.78208e+07 -1.04167e+12 -4.28119e+12 1.68407e+11 0.123511 0.555709 -0.0321891 4.40931e+12 0.570179
2.79072e+07 -1.04167e+12 -4.28119e+12 1.68407e+11 0.123511 0.555709 -0.0321891 4.40931e+12 0.570179
2.79936e+07 -1.04167e+12 -4.28119e+12 1.68407e+11 0.123511 0.555709 -0.0321891 4.40931e+12 0.570179
2.808e+07 -1.04167e+12 -4.28119e+12 1.68407e+11 0.123511 0.555709 -0.0321891 4.40931e+12 0.570179
2.81664e+07 -1.04167e+12 -4.28119e+12 1.68407e+11 0.123511 0.555709 -0.0321891 4.40931e+12 0.570179
2.82528e+07 -1.04167e+12 -4.28119e+12 1.68407e+11 0.123511 0.555709 -0.0321891 4.40931e+12 0.570179
2.83392e+07 -1.04167e+12 -4.28119e+12 1.68407e+11 0.123511 0.555709 -0.0321891 4.40931e+12 0.570179
2.84256e+07 -1.04167e+12 -4.28119e+12 1.68407e+11 0.123511 0.555709 -0.0321891 4.40931e+12 0.570179
2.8512e+07 -1.04167e+12 -4.28119e+12 1.68407e+11 0.123511 0.555709 -0.0321891 4.40931e+12 0.570179
2.85984e+07 -1.04167e+12 -4.28119e+12 1.68407e+11 0.123511 0.555709 -0.0321891 4.40931e+12 0.570179
2.86848e+07 -1.04167e+12 -4.28119e+12 1.68407e+11 0.123511 0.555709 -0.0321891 4.40931e+12 0.570179
2.87712e+07 -1.04167e+12 -4.28119e+12 1.68407e+11 0.123511 0.555709 -0.0321891 4.40931e+12 0.570179
2.88576e+07 -1.04167e+12 -4.28119e+12 1.68407e+11 0.123511 0.555709 -0.0321891 4.40931e+12 0.570179
2.8944e+07 -1.04167e+12 -4.28119e+12 1.68407e+11 0.123511 0.555709 -0.0321891 4.40931e+12 0.570179
2.90304e+07 -1.04167e+12 -4.28119e+12 1.68407e+11 0.123511 0.555709 -0.0321891 4.40931e+12 0.570179
2.91168e+07 -1.04167e+12 -4.28119e+12 1.68407e+11 0.123511 0.555709 -0.0321891 4.40931e+12 0.570179
2.92032e+07 -1.04167e+12 -4.28119e+12 1.68407e+11 0.123511 0.555709 -0.0321891 4.40931e+12 0.570179
2.92896e+07 -1.04167e+12 -4.28119e+12 1.68407e+11 0.123511 0.555709 -0.0321891 4.40931e+12 0.570179
2.9376e+07 -1.04167e+12 -4.28119e+12 1.68407e+11 0.123511 0.555709 -0.0321891 4.40931e+12 0.570179
2.94624e+07 -1.04167e+12 -4.28119e+12 1.68407e+11 0.123511 0.555709 -0.0321891 4.40931e+12 0.570179
2.95488e+07 -1.04167e+12 -4.28119e+12 1.68407e+11 0.123511 0.555709 -0.0321891 4.40931e+12 0.570179
2.96352e+07 -1.04167e+12 -4.28119e+12 1.68407e+11 0.123511 0.555709 -0.0321891 4.40931e+12 0.570179
2.97216e+07 -1.04167e+12 -4.28119e+12 1.68407e+11 0.123511 0.555709 -0.0321891 4.40931e+12 0.570179
2.9808e+07 -1.04167e+12 -4.28119e+12 1.68407e+11 0.123511 0.555709 -0.0321891 4.40931e+12 0.570179
2.98944e+07 -1.04167e+12 -4.28119e+12 1.68407e+11 0.123511 0.555709 -0.0321891 4.40931e+12 0.570179
2.99808e+07 -1.04167e+12 -4.28119e+12 1.68407e+11 0.123511 0.555709 -0.0321891 4.40931e+12 0.570179
3.00672e+07 -1.04167e+12 -4.28119e+12 1.68407e+11 0.123511 0.555709 -0.0321891 4.40931e+12 0.570179
3.01536e+07 -1.04167e+12 -4.28119e+12 1.68407e+11 0.123511 0.555709 -0.0321891 4.40931e+12 0.570179
3.024e+07 -1.04167e+12 -4.28119e+12 1.68407e+11 0.123511 0.555709 -0.0321891 4.40931e+12 0.570179
3.03264e+07 -1.04167e+12 -4.28119e+12 1.68407e+11 0.123511 0.555709 -0.0321891 4.40931e+12 0.570179
3.04128e+07 -1.04167e+12 -4.28119e+12 1.68407e+11 0.123511 0.555709 -0.0321891 4.40931e+12 0.570179
3.04992e+07 -1.04167e+12 -4.28119e+12 1.68407e+11 0.123511 0.555709 -0.0321891 4.40931e+12 0.570179
3.05856e+07 -1.04167e+12 -4.28119e+12 1.68407e+11 0.123511 0.555709 -0.0321891 4.40931e+12 0.570179
3.0672e+07 -1.04167e+12 -4.28119e+12 1.68407e+11 0.123511 0.555709 -0.0321891 4.40931e+12 0.570179
3.07584e+07 -1.04167e+12 -4.28119e+12 1.68407e+11 0.123511 0.555709 -0.0321891 4.40931e+12 0.570179
3.08448e+07 -1.04167e+12 -4.28119e+12 1.68407e+11 0.123511 0.555709 -0.0321891 4.40931e+12 0.570179
3.09312e+07 -1.04167e+12 -4.28119e+12 1.68407e+11 0.123511 0.555709 -0.0321891 4.40931e+12 0.570179
3.10176e+07 -1.04167e+12 -4.28119e+12 1.68407e+11 0.123511 0.555709 -0.0321891 4.40931e+12 0.570179
3.1104e+07 -1.04167e+12 -4.28119e+12 1.68407e+11 0.123511 0.555709 -0.0321891 4.40931e+12 0.570179
3.11904e+07 -1.04167e+12 -4.28119e+12 1.68407e+11 0.123511 0.555709 -0.0321891 4.40931e+12 0.570179
3.12768e+07 -1.04167e+12 -4.28119e+12 1.68407e+11 0.123511 0.555709 -0.0321891 4.40931e+12 0.570179
3.13632e+07 -1.04167e+12 -4.28119e+12 1.68407e+11 0.123511 0.555709 -0.0321891 4.40931e+12 0.570179
3.14496e+07 -1.04167e+12 -4.28119e+12 1.68407e+11 0.123511 0.555709 -0.0321891 4.40931e+12 0.570179
