0 3.35933e+08 -6.57712e+08 -9.05589e+06 13.9024 -0.271871 -0.377458 7.38592e+08 13.9102
86400 3.3714e+08 -6.57735e+08 -9.08865e+06 13.9069 -0.251306 -0.377667 7.39162e+08 13.9143
172800 3.37143e+08 -6.57734e+08 -9.08876e+06 0.0462011 0.0197586 -0.00133948 7.39163e+08 0.0502667
259200 3.37144e+08 -6.57733e+08 -9.08877e+06 0.00462071 0.0205718 -0.000210696 7.39163e+08 0.0210854
345600 3.37144e+08 -6.57732e+08 -9.08877e+06 0.00449703 0.0205745 -0.00020753 7.39162e+08 0.0210613
432000 3.37144e+08 -6.57731e+08 -9.08878e+06 0.00449867 0.0205746 -0.000207723 7.39161e+08 0.0210617
518400 3.37144e+08 -6.57731e+08 -9.08879e+06 0.00450069 0.0205746 -0.000207928 7.39161e+08 0.0210622
604800 3.37144e+08 -6.5773e+08 -9.0888e+06 0.00450273 0.0205747 -0.000208133 7.3916e+08 0.0210626
691200 3.37145e+08 -6.57729e+08 -9.08881e+06 0.00450477 0.0205747 -0.00020834 7.39159e+08 0.0210631
777600 3.37145e+08 -6.57728e+08 -9.08882e+06 0.00450682 0.0205747 -0.000208549 7.39158e+08 0.0210636
864000 3.37145e+08 -6.57727e+08 -9.08883e+06 0.00450887 0.0205747 -0.000208759 7.39158e+08 0.021064
950400 3.37145e+08 -6.57726e+08 -9.08884e+06 0.00451093 0.0205747 -0.00020897 7.39157e+08 0.0210645
1.0368e+06 3.37145e+08 -6.57725e+08 -9.08885e+06 0.00451301 0.0205747 -0.000209184 7.39156e+08 0.0210649
1.1232e+06 3.37146e+08 -6.57724e+08 -9.08886e+06 0.00451508 0.0205747 -0.000209399 7.39156e+08 0.0210653
1.2096e+06 3.37146e+08 -6.57723e+08 -9.08886e+06 0.00451716 0.0205746 -0.000209615 7.39155e+08 0.0210657
1.296e+06 3.37146e+08 -6.57723e+08 -9.08887e+06 0.00451921 0.0205746 -0.000209832 7.39154e+08 0.0210661
1.3824e+06 3.37146e+08 -6.57722e+08 -9.08888e+06 0.00452132 0.0205746 -0.000210051 7.39154e+08 0.0210665
1.4688e+06 3.37146e+08 -6.57721e+08 -9.08889e+06 0.00452343 0.0205745 -0.000210273 7.39153e+08 0.0210669
1.5552e+06 3.37147e+08 -6.5772e+08 -9.0889e+06 0.00452554 0.0205744 -0.000210496 7.39152e+08 0.0210673
1.6416e+06 3.37147e+08 -6.57719e+08 -9.08891e+06 0.00452767 0.0205743 -0.000210721 7.39151e+08 0.0210677
1.728e+06 3.37147e+08 -6.57718e+08 -9.08892e+06 0.0045298 0.0205742 -0.000210948 7.39151e+08 0.0210681
1.8144e+06 3.37147e+08 -6.57717e+08 -9.08893e+06 0.00453195 0.0205741 -0.000211176 7.3915e+08 0.0210684
1.9008e+06 3.37147e+08 -6.57716e+08 -9.08894e+06 0.0045341 0.020574 -0.000211406 7.39149e+08 0.0210688
1.9872e+06 3.37148e+08 -6.57715e+08 -9.08895e+06 0.00453626 0.0205739 -0.000211639 7.39149e+08 0.0210691
2.0736e+06 3.37148e+08 -6.57715e+08 -9.08896e+06 0.00453843 0.0205737 -0.000211873 7.39148e+08 0.0210694
2.16e+06 3.37148e+08 -6.57714e+08 -9.08896e+06 0.0045406 0.0205736 -0.000212108 7.39147e+08 0.0210698
2.2464e+06 3.37148e+08 -6.57713e+08 -9.08897e+06 0.00454279 0.0205734 -0.000212346 7.39147e+08 0.0210701
2.3328e+06 3.37148e+08 -6.57712e+08 -9.08898e+06 0.00454499 0.0205732 -0.000212586 7.39146e+08 0.0210704
2.4192e+06 3.37149e+08 -6.57711e+08 -9.08899e+06 0.00454719 0.0205731 -0.000212828 7.39145e+08 0.0210707
2.5056e+06 3.37149e+08 -6.5771e+08 -9.089e+06 0.0045494 0.0205729 -0.000213072 7.39144e+08 0.0210709
2.592e+06 3.37149e+08 -6.57709e+08 -9.08901e+06 0.00455163 0.0205726 -0.000213317 7.39144e+08 0.0210712
2.6784e+06 3.37149e+08 -6.57708e+08 -9.08902e+06 0.00455386 0.0205724 -0.000213565 7.39143e+08 0.0210715
2.7648e+06 3.37149e+08 -6.57707e+08 -9.08903e+06 0.0045561 0.0205722 -0.000213815 7.39142e+08 0.0210717
2.8512e+06 3.3715e+08 -6.57707e+08 -9.08904e+06 0.00455835 0.0205719 -0.000214068 7.39142e+08 0.021072
2.9376e+06 3.3715e+08 -6.57706e+08 -9.08905e+06 0.00456061 0.0205716 -0.000214322 7.39141e+08 0.0210722
3.024e+06 3.3715e+08 -6.57705e+08 -9.08906e+06 0.00456289 0.0205713 -0.000214578 7.3914e+08 0.0210724
3.1104e+06 3.3715e+08 -6.57704e+08 -9.08907e+06 0.00456517 0.020571 -0.000214837 7.3914e+08 0.0210726
3.1968e+06 3.3715e+08 -6.57703e+08 -9.08908e+06 0.00456746 0.0205707 -0.000215098 7.39139e+08 0.0210728
3.2832e+06 3.3715e+08 -6.57702e+08 -9.08908e+06 0.00456976 0.0205704 -0.000215362 7.39138e+08 0.021073
3.3696e+06 3.37151e+08 -6.57701e+08 -9.08909e+06 0.00457207 0.02057 -0.000215627 7.39137e+08 0.0210731
3.456e+06 3.37151e+08 -6.577e+08 -9.0891e+06 0.0045744 0.0205697 -0.000215895 7.39137e+08 0.0210733
3.5424e+06 3.37151e+08 -6.57699e+08 -9.08911e+06 0.00457673 0.0205693 -0.000216166 7.39136e+08 0.0210734
3.6288e+06 3.37151e+08 -6.57699e+08 -9.08912e+06 0.00457907 0.0205689 -0.000216439 7.39135e+08 0.0210736
3.7152e+06 3.37151e+08 -6.57698e+08 -9.08913e+06 0.00458143 0.0205685 -0.000216714 7.39135e+08 0.0210737
3.8016e+06 3.37152e+08 -6.57697e+08 -9.08914e+06 0.0045838 0.0205681 -0.000216992 7.39134e+08 0.0210738
3.888e+06 3.37152e+08 -6.57696e+08 -9.08915e+06 0.00458617 0.0205676 -0.000217273 7.39133e+08 0.0210739
3.9744e+06 3.37152e+08 -6.57695e+08 -9.08916e+06 0.00458856 0.0205672 -0.000217556 7.39133e+08 0.0210739
4.0608e+06 3.37152e+08 -6.57694e+08 -9.08917e+06 0.00459097 0.0205667 -0.000217842 7.39132e+08 0.021074
4.1472e+06 3.37152e+08 -6.57693e+08 -9.08918e+06 0.00459338 0.0205662 -0.000218131 7.39131e+08 0.021074
4.2336e+06 3.37153e+08 -6.57692e+08 -9.08919e+06 0.0045958 0.0205657 -0.000218422 7.3913e+08 0.021074
4.32e+06 3.37153e+08 -6.57691e+08 -9.0892e+06 0.00459824 0.0205651 -0.000218716 7.3913e+08 0.021074
4.4064e+06 3.37153e+08 -6.57691e+08 -9.08921e+06 0.00460069 0.0205646 -0.000219013 7.39129e+08 0.021074
4.4928e+06 3.37153e+08 -6.5769e+08 -9.08922e+06 0.00460315 0.020564 -0.000219313 7.39128e+08 0.021074
4.5792e+06 3.37153e+08 -6.57689e+08 -9.08923e+06 0.00460563 0.0205634 -0.000219616 7.39128e+08 0.021074
4.6656e+06 3.37154e+08 -6.57688e+08 -9.08924e+06 0.00460811 0.0205628 -0.000219922 7.39127e+08 0.0210739
4.752e+06 3.37154e+08 -6.57687e+08 -9.08924e+06 0.00461061 0.0205621 -0.000220231 7.39126e+08 0.0210738
4.8384e+06 3.37154e+08 -6.57686e+08 -9.08925e+06 0.00461313 0.0205614 -0.000220543 7.39126e+08 0.0210737
4.9248e+06 3.37154e+08 -6.57685e+08 -9.08926e+06 0.00461565 0.0205608 -0.000220859 7.39125e+08 0.0210736
5.0112e+06 3.37154e+08 -6.57684e+08 -9.08927e+06 0.00461819 0.0205601 -0.000221177 7.39124e+08 0.0210735
5.0976e+06 3.37155e+08 -6.57683e+08 -9.08928e+06 0.00462075 0.0205593 -0.000221499 7.39123e+08 0.0210733
5.184e+06 3.37155e+08 -6.57683e+08 -9.08929e+06 0.00462332 0.0205586 -0.000221824 7.39123e+08 0.0210732
5.2704e+06 3.37155e+08 -6.57682e+08 -9.0893e+06 0.0046259 0.0205578 -0.000222153 7.39122e+08 0.021073
5.3568e+06 3.37155e+08 -6.57681e+08 -9.08931e+06 0.0046285 0.020557 -0.000222485 7.39121e+08 0.0210728
5.4432e+06 3.37155e+08 -6.5768e+08 -9.08932e+06 0.00463111 0.0205561 -0.000222821 7.39121e+08 0.0210725
5.5296e+06 3.37156e+08 -6.57679e+08 -9.08933e+06 0.00463374 0.0205553 -0.00022316 7.3912e+08 0.0210723
5.616e+06 3.37156e+08 -6.57678e+08 -9.08934e+06 0.00463638 0.0205544 -0.000223503 7.39119e+08 0.021072
5.7024e+06 3.37156e+08 -6.57677e+08 -9.08935e+06 0.00463904 0.0205535 -0.00022385 7.39119e+08 0.0210717
5.7888e+06 3.37156e+08 -6.57676e+08 -9.08936e+06 0.00464171 0.0205526 -0.0002242 7.39118e+08 0.0210714
5.8752e+06 3.37156e+08 -6.57676e+08 -9.08937e+06 0.0046444 0.0205516 -0.000224555 7.39117e+08 0.021071
5.9616e+06 3.37157e+08 -6.57675e+08 -9.08938e+06 0.00464711 0.0205506 -0.000224913 7.39116e+08 0.0210707
6.048e+06 3.37157e+08 -6.57674e+08 -9.08939e+06 0.00464983 0.0205496 -0.000225276 7.39116e+08 0.0210703
6.1344e+06 3.37157e+08 -6.57673e+08 -9.0894e+06 0.00465257 0.0205485 -0.000225642 7.39115e+08 0.0210699
6.2208e+06 3.37157e+08 -6.57672e+08 -9.08941e+06 0.00465533 0.0205474 -0.000226013 7.39114e+08 0.0210694
6.3072e+06 3.37157e+08 -6.57671e+08 -9.08942e+06 0.0046581 0.0205463 -0.000226389 7.39114e+08 0.0210689
6.3936e+06 3.37158e+08 -6.5767e+08 -9.08943e+06 0.00466089 0.0205452 -0.000226768 7.39113e+08 0.0210685
6.48e+06 3.37158e+08 -6.57669e+08 -9.08944e+06 0.00466371 0.020544 -0.000227152 7.39112e+08 0.0210679
6.5664e+06 3.37158e+08 -6.57668e+08 -9.08945e+06 0.00466653 0.0205428 -0.000227541 7.39112e+08 0.0210674
6.6528e+06 3.37158e+08 -6.57668e+08 -9.08946e+06 0.00466938 0.0205415 -0.000227934 7.39111e+08 0.0210668
6.7392e+06 3.37158e+08 -6.57667e+08 -9.08947e+06 0.00467225 0.0205402 -0.000228332 7.3911e+08 0.0210662
6.8256e+06 3.37159e+08 -6.57666e+08 -9.08948e+06 0.00467513 0.0205389 -0.000228735 7.39109e+08 0.0210655
6.912e+06 3.37159e+08 -6.57665e+08 -9.08949e+06 0.00467804 0.0205376 -0.000229143 7.39109e+08 0.0210649
6.9984e+06 3.37159e+08 -6.57664e+08 -9.0895e+06 0.00468097 0.0205362 -0.000229556 7.39108e+08 0.0210642
7.0848e+06 3.37159e+08 -6.57663e+08 -9.08951e+06 0.00468391 0.0205347 -0.000229975 7.39107e+08 0.0210634
7.1712e+06 3.37159e+08 -6.57662e+08 -9.08952e+06 0.00468688 0.0205333 -0.000230398 7.39107e+08 0.0210626
7.2576e+06 3.3716e+08 -6.57661e+08 -9.08953e+06 0.00468987 0.0205317 -0.000230828 7.39106e+08 0.0210618
7.344e+06 3.3716e+08 -6.5766e+08 -9.08954e+06 0.00469288 0.0205302 -0.000231262 7.39105e+08 0.021061
7.4304e+06 3.3716e+08 -6.5766e+08 -9.08955e+06 0.00469592 0.0205286 -0.000231703 7.39105e+08 0.0210601
7.5168e+06 3.3716e+08 -6.57659e+08 -9.08956e+06 0.00469897 0.0205269 -0.000232149 7.39104e+08 0.0210592
7.6032e+06 3.3716e+08 -6.57658e+08 -9.08957e+06 0.00470205 0.0205253 -0.000232601 7.39103e+08 0.0210582
7.6896e+06 3.37161e+08 -6.57657e+08 -9.08958e+06 0.00470516 0.0205235 -0.000233059 7.39103e+08 0.0210573
7.776e+06 3.37161e+08 -6.57656e+08 -9.08959e+06 0.00470829 0.0205217 -0.000233523 7.39102e+08 0.0210562
7.8624e+06 3.37161e+08 -6.57655e+08 -9.0896e+06 0.00471144 0.0205199 -0.000233994 7.39101e+08 0.0210551
7.9488e+06 3.37161e+08 -6.57654e+08 -9.08961e+06 0.00471462 0.020518 -0.000234472 7.391e+08 0.021054
8.0352e+06 3.37162e+08 -6.57653e+08 -9.08962e+06 0.00471782 0.0205161 -0.000234956 7.391e+08 0.0210529
8.1216e+06 3.37162e+08 -6.57652e+08 -9.08963e+06 0.00472105 0.0205141 -0.000235447 7.39099e+08 0.0210517
8.208e+06 3.37162e+08 -6.57652e+08 -9.08964e+06 0.00472431 0.0205121 -0.000235945 7.39098e+08 0.0210504
8.2944e+06 3.37162e+08 -6.57651e+08 -9.08965e+06 0.0047276 0.02051 -0.00023645 7.39098e+08 0.0210491
8.3808e+06 3.37162e+08 -6.5765e+08 -9.08966e+06 0.00473091 0.0205078 -0.000236963 7.39097e+08 0.0210478
8.4672e+06 3.37163e+08 -6.57649e+08 -9.08967e+06 0.00473425 0.0205056 -0.000237483 7.39096e+08 0.0210464
8.5536e+06 3.37163e+08 -6.57648e+08 -9.08968e+06 0.00473763 0.0205034 -0.000238011 7.39096e+08 0.0210449
8.64e+06 3.37163e+08 -6.57647e+08 -9.08969e+06 0.00474103 0.020501 -0.000238547 7.39095e+08 0.0210434
8.7264e+06 3.37163e+08 -6.57646e+08 -9.0897e+06 0.00474446 0.0204986 -0.000239091 7.39094e+08 0.0210419
8.8128e+06 3.37163e+08 -6.57645e+08 -9.08971e+06 0.00474793 0.0204962 -0.000239644 7.39093e+08 0.0210403
8.8992e+06 3.37164e+08 -6.57645e+08 -9.08972e+06 0.00475143 0.0204936 -0.000240205 7.39093e+08 0.0210386
8.9856e+06 3.37164e+08 -6.57644e+08 -9.08973e+06 0.00475496 0.020491 -0.000240775 7.39092e+08 0.0210369
9.072e+06 3.37164e+08 -6.57643e+08 -9.08974e+06 0.00475853 0.0204884 -0.000241354 7.39091e+08 0.0210351
9.1584e+06 3.37164e+08 -6.57642e+08 -9.08975e+06 0.00476213 0.0204856 -0.000241942 7.39091e+08 0.0210333
9.2448e+06 3.37164e+08 -6.57641e+08 -9.08976e+06 0.00476577 0.0204828 -0.000242541 7.3909e+08 0.0210313
9.3312e+06 3.37165e+08 -6.5764e+08 -9.08977e+06 0.00476944 0.0204799 -0.000243149 7.39089e+08 0.0210294
9.4176e+06 3.37165e+08 -6.57639e+08 -9.08978e+06 0.00477316 0.020477 -0.000243767 7.39089e+08 0.0210273
9.504e+06 3.37165e+08 -6.57638e+08 -9.08979e+06 0.00477691 0.0204739 -0.000244396 7.39088e+08 0.0210252
9.5904e+06 3.37165e+08 -6.57637e+08 -9.0898e+06 0.0047807 0.0204708 -0.000245035 7.39087e+08 0.021023
9.6768e+06 3.37165e+08 -6.57637e+08 -9.08981e+06 0.00478453 0.0204675 -0.000245686 7.39087e+08 0.0210208
9.7632e+06 3.37166e+08 -6.57636e+08 -9.08982e+06 0.00478841 0.0204642 -0.000246348 7.39086e+08 0.0210184
9.8496e+06 3.37166e+08 -6.57635e+08 -9.08984e+06 0.00479233 0.0204608 -0.000247021 7.39085e+08 0.021016
9.936e+06 3.37166e+08 -6.57634e+08 -9.08985e+06 0.00479629 0.0204573 -0.000247707 7.39085e+08 0.0210135
1.00224e+07 3.37166e+08 -6.57633e+08 -9.08986e+06 0.00480031 0.0204537 -0.000248406 7.39084e+08 0.0210109
1.01088e+07 3.37166e+08 -6.57632e+08 -9.08987e+06 0.00480436 0.02045 -0.000249117 7.39083e+08 0.0210082
1.01952e+07 3.37167e+08 -6.57631e+08 -9.08988e+06 0.00480847 0.0204462 -0.000249842 7.39082e+08 0.0210055
1.02816e+07 3.37167e+08 -6.5763e+08 -9.08989e+06 0.00481263 0.0204423 -0.00025058 7.39082e+08 0.0210026
1.0368e+07 3.37167e+08 -6.57629e+08 -9.0899e+06 0.00481684 0.0204382 -0.000251332 7.39081e+08 0.0209997
1.04544e+07 3.37167e+08 -6.57629e+08 -9.08991e+06 0.0048211 0.0204341 -0.0002521 7.3908e+08 0.0209966
1.05408e+07 3.37167e+08 -6.57628e+08 -9.08992e+06 0.00482542 0.0204298 -0.000252882 7.3908e+08 0.0209935
1.06272e+07 3.37168e+08 -6.57627e+08 -9.08993e+06 0.0048298 0.0204254 -0.00025368 7.39079e+08 0.0209902
1.07136e+07 3.37168e+08 -6.57626e+08 -9.08994e+06 0.00483423 0.0204209 -0.000254494 7.39078e+08 0.0209868
1.08e+07 3.37168e+08 -6.57625e+08 -9.08995e+06 0.00483873 0.0204162 -0.000255325 7.39078e+08 0.0209833
1.08864e+07 3.37168e+08 -6.57624e+08 -9.08997e+06 0.00484329 0.0204114 -0.000256173 7.39077e+08 0.0209797
1.09728e+07 3.37169e+08 -6.57623e+08 -9.08998e+06 0.00484791 0.0204064 -0.000257039 7.39076e+08 0.020976
1.10592e+07 3.37169e+08 -6.57622e+08 -9.08999e+06 0.0048526 0.0204013 -0.000257924 7.39076e+08 0.0209721
1.11456e+07 3.37169e+08 -6.57622e+08 -9.09e+06 0.00485736 0.0203961 -0.000258828 7.39075e+08 0.0209681
1.1232e+07 3.37169e+08 -6.57621e+08 -9.09001e+06 0.0048622 0.0203907 -0.000259752 7.39074e+08 0.020964
1.13184e+07 3.37169e+08 -6.5762e+08 -9.09002e+06 0.0048671 0.0203851 -0.000260697 7.39073e+08 0.0209597
1.14048e+07 3.3717e+08 -6.57619e+08 -9.09003e+06 0.00487209 0.0203793 -0.000261663 7.39073e+08 0.0209553
1.14912e+07 3.3717e+08 -6.57618e+08 -9.09004e+06 0.00487716 0.0203734 -0.000262652 7.39072e+08 0.0209507
1.15776e+07 3.3717e+08 -6.57617e+08 -9.09006e+06 0.00488231 0.0203673 -0.000263664 7.39071e+08 0.0209459
1.1664e+07 3.3717e+08 -6.57616e+08 -9.09007e+06 0.00488754 0.0203609 -0.0002647 7.39071e+08 0.020941
1.17504e+07 3.3717e+08 -6.57615e+08 -9.09008e+06 0.00489287 0.0203544 -0.000265761 7.3907e+08 0.0209359
1.18368e+07 3.37171e+08 -6.57615e+08 -9.09009e+06 0.00489829 0.0203477 -0.000266848 7.39069e+08 0.0209307
1.19232e+07 3.37171e+08 -6.57614e+08 -9.0901e+06 0.00490381 0.0203407 -0.000267963 7.39069e+08 0.0209252
1.20096e+07 3.37171e+08 -6.57613e+08 -9.09011e+06 0.00490942 0.0203335 -0.000269106 7.39068e+08 0.0209195
1.2096e+07 3.37171e+08 -6.57612e+08 -9.09012e+06 0.00491515 0.0203261 -0.000270279 7.39067e+08 0.0209137
1.21824e+07 3.37171e+08 -6.57611e+08 -9.09014e+06 0.00492098 0.0203184 -0.000271483 7.39067e+08 0.0209076
1.22688e+07 3.37172e+08 -6.5761e+08 -9.09015e+06 0.00492693 0.0203104 -0.000272719 7.39066e+08 0.0209013
1.23552e+07 3.37172e+08 -6.57609e+08 -9.09016e+06 0.00493301 0.0203022 -0.000273989 7.39065e+08 0.0208947
1.24416e+07 3.37172e+08 -6.57608e+08 -9.09017e+06 0.0049392 0.0202937 -0.000275294 7.39065e+08 0.0208879
1.2528e+07 3.37172e+08 -6.57608e+08 -9.09018e+06 0.00494553 0.0202849 -0.000276637 7.39064e+08 0.0208809
1.26144e+07 3.37173e+08 -6.57607e+08 -9.0902e+06 0.00495199 0.0202757 -0.000278018 7.39063e+08 0.0208735
1.27008e+07 3.37173e+08 -6.57606e+08 -9.09021e+06 0.0049586 0.0202662 -0.00027944 7.39063e+08 0.0208659
1.27872e+07 3.37173e+08 -6.57605e+08 -9.09022e+06 0.00496536 0.0202564 -0.000280905 7.39062e+08 0.020858
1.28736e+07 3.37173e+08 -6.57604e+08 -9.09023e+06 0.00497228 0.0202462 -0.000282414 7.39061e+08 0.0208497
1.296e+07 3.37173e+08 -6.57603e+08 -9.09024e+06 0.00497936 0.0202356 -0.000283971 7.39061e+08 0.0208412
1.30464e+07 3.37174e+08 -6.57602e+08 -9.09026e+06 0.00498662 0.0202246 -0.000285578 7.3906e+08 0.0208323
1.31328e+07 3.37174e+08 -6.57601e+08 -9.09027e+06 0.00499407 0.0202132 -0.000287236 7.39059e+08 0.020823
1.32192e+07 3.37174e+08 -6.57601e+08 -9.09028e+06 0.00500171 0.0202013 -0.000288951 7.39058e+08 0.0208133
1.33056e+07 3.37174e+08 -6.576e+08 -9.09029e+06 0.00500955 0.0201889 -0.000290723 7.39058e+08 0.0208032
1.3392e+07 3.37174e+08 -6.57599e+08 -9.09031e+06 0.00501761 0.020176 -0.000292557 7.39057e+08 0.0207927
1.34784e+07 3.37175e+08 -6.57598e+08 -9.09032e+06 0.0050259 0.0201626 -0.000294457 7.39056e+08 0.0207817
1.35648e+07 3.37175e+08 -6.57597e+08 -9.09033e+06 0.00503443 0.0201486 -0.000296425 7.39056e+08 0.0207702
1.36512e+07 3.37175e+08 -6.57596e+08 -9.09034e+06 0.00504322 0.020134 -0.000298467 7.39055e+08 0.0207582
1.37376e+07 3.37175e+08 -6.57595e+08 -9.09036e+06 0.00505228 0.0201188 -0.000300587 7.39054e+08 0.0207457
1.3824e+07 3.37176e+08 -6.57594e+08 -9.09037e+06 0.00506163 0.0201029 -0.00030279 7.39054e+08 0.0207325
1.39104e+07 3.37176e+08 -6.57594e+08 -9.09038e+06 0.00507129 0.0200862 -0.000305082 7.39053e+08 0.0207188
1.39968e+07 3.37176e+08 -6.57593e+08 -9.0904e+06 0.00508128 0.0200688 -0.000307467 7.39052e+08 0.0207043
1.40832e+07 3.37176e+08 -6.57592e+08 -9.09041e+06 0.00509162 0.0200505 -0.000309954 7.39052e+08 0.0206892
1.41696e+07 3.37176e+08 -6.57591e+08 -9.09042e+06 0.00510234 0.0200313 -0.000312549 7.39051e+08 0.0206733
1.4256e+07 3.37177e+08 -6.5759e+08 -9.09044e+06 0.00511346 0.0200112 -0.000315259 7.3905e+08 0.0206566
1.43424e+07 3.37177e+08 -6.57589e+08 -9.09045e+06 0.00512502 0.01999 -0.000318094 7.3905e+08 0.020639
1.44288e+07 3.37177e+08 -6.57588e+08 -9.09047e+06 0.00513704 0.0199677 -0.000321063 7.39049e+08 0.0206204
1.45152e+07 3.37177e+08 -6.57588e+08 -9.09048e+06 0.00514957 0.0199442 -0.000324177 7.39048e+08 0.0206008
1.46016e+07 3.37178e+08 -6.57587e+08 -9.09049e+06 0.00516264 0.0199194 -0.000327448 7.39048e+08 0.0205802
1.4688e+07 3.37178e+08 -6.57586e+08 -9.09051e+06 0.0051763 0.0198932 -0.000330888 7.39047e+08 0.0205583
1.47744e+07 3.37178e+08 -6.57585e+08 -9.09052e+06 0.0051906 0.0198655 -0.000334512 7.39046e+08 0.0205351
1.48608e+07 3.37178e+08 -6.57584e+08 -9.09054e+06 0.0052056 0.0198361 -0.000338338 7.39046e+08 0.0205105
1.49472e+07 3.37178e+08 -6.57583e+08 -9.09055e+06 0.00522136 0.0198048 -0.000342384 7.39045e+08 0.0204844
1.50336e+07 3.37179e+08 -6.57582e+08 -9.09057e+06 0.00523796 0.0197716 -0.00034667 7.39044e+08 0.0204566
1.512e+07 3.37179e+08 -6.57582e+08 -9.09058e+06 0.00525548 0.0197361 -0.000351221 7.39044e+08 0.0204269
1.52064e+07 3.37179e+08 -6.57581e+08 -9.0906e+06 0.00527402 0.0196982 -0.000356065 7.39043e+08 0.0203951
1.52928e+07 3.37179e+08 -6.5758e+08 -9.09061e+06 0.00529367 0.0196576 -0.000361233 7.39042e+08 0.0203611
1.53792e+07 3.3718e+08 -6.57579e+08 -9.09063e+06 0.00531458 0.019614 -0.000366762 7.39042e+08 0.0203245
1.54656e+07 3.3718e+08 -6.57578e+08 -9.09064e+06 0.00533688 0.019567 -0.000372693 7.39041e+08 0.0202852
1.5552e+07 3.3718e+08 -6.57577e+08 -9.09066e+06 0.00536075 0.0195162 -0.000379077 7.39041e+08 0.0202427
1.56384e+07 3.3718e+08 -6.57576e+08 -9.09068e+06 0.00538638 0.0194612 -0.000385971 7.3904e+08 0.0201966
1.57248e+07 3.37181e+08 -6.57576e+08 -9.09069e+06 0.00541402 0.0194014 -0.000393445 7.39039e+08 0.0201465
1.58112e+07 3.37181e+08 -6.57575e+08 -9.09071e+06 0.00544396 0.019336 -0.00040158 7.39039e+08 0.0200918
1.58976e+07 3.37181e+08 -6.57574e+08 -9.09073e+06 0.00547652 0.0192643 -0.000410477 7.39038e+08 0.0200318
1.5984e+07 3.37181e+08 -6.57573e+08 -9.09075e+06 0.00551214 0.0191852 -0.000420256 7.39037e+08 0.0199658
1.60704e+07 3.37181e+08 -6.57572e+08 -9.09077e+06 0.00555133 0.0190975 -0.000431067 7.39037e+08 0.0198926
1.61568e+07 3.37182e+08 -6.57571e+08 -9.09078e+06 0.00559472 0.0189996 -0.000443095 7.39036e+08 0.0198111
1.62432e+07 3.37182e+08 -6.57571e+08 -9.0908e+06 0.00564314 0.0188895 -0.000456577 7.39036e+08 0.0197197
1.63296e+07 3.37182e+08 -6.5757e+08 -9.09082e+06 0.00569763 0.0187648 -0.000471814 7.39035e+08 0.0196164
1.6416e+07 3.37182e+08 -6.57569e+08 -9.09085e+06 0.00575956 0.0186222 -0.000489202 7.39034e+08 0.0194986
1.65024e+07 3.37183e+08 -6.57568e+08 -9.09087e+06 0.00583075 0.0184571 -0.000509271 7.39034e+08 0.0193629
1.65888e+07 3.37183e+08 -6.57567e+08 -9.09089e+06 0.00591372 0.0182635 -0.000532747 7.39033e+08 0.0192045
1.66752e+07 3.37183e+08 -6.57567e+08 -9.09091e+06 0.00601201 0.0180329 -0.000560655 7.39033e+08 0.0190169
1.67616e+07 3.37183e+08 -6.57566e+08 -9.09094e+06 0.00613079 0.0177527 -0.000594496 7.39032e+08 0.0187909
1.6848e+07 3.37184e+08 -6.57565e+08 -9.09097e+06 0.006278 0.0174038 -0.000636562 7.39031e+08 0.0185124
1.69344e+07 3.37184e+08 -6.57564e+08 -9.091e+06 0.00646645 0.016955 -0.000690564 7.39031e+08 0.0181594
1.70208e+07 3.37184e+08 -6.57564e+08 -9.09103e+06 0.00671844 0.0163526 -0.000762955 7.3903e+08 0.0176954
1.71072e+07 3.37185e+08 -6.57563e+08 -9.09106e+06 0.00707684 0.0154926 -0.000866146 7.3903e+08 0.0170544
1.71936e+07 3.37185e+08 -6.57562e+08 -9.09111e+06 0.00763725 0.0141439 -0.0010278 7.3903e+08 0.016107
1.728e+07 3.37185e+08 -6.57562e+08 -9.09116e+06 0.00867167 0.0116482 -0.00132666 7.39029e+08 0.0145821
1.73664e+07 3.37186e+08 -6.57562e+08 -9.09124e+06 0.0114901 0.00483565 -0.00214187 7.39029e+08 0.0126489
1.74528e+07 3.37189e+08 -6.57567e+08 -9.09204e+06 0.115153 -0.245994 -0.0321452 7.39036e+08 0.273508
1.75392e+07 3.37189e+08 -6.57566e+08 -9.09205e+06 0.00445699 0.0218688 -0.000105122 7.39035e+08 0.0223186
1.76256e+07 3.37189e+08 -6.57565e+08 -9.09205e+06 0.00412229 0.0226861 -7.69436e-06 7.39034e+08 0.0230575
1.7712e+07 3.37189e+08 -6.57564e+08 -9.09205e+06 0.00411118 0.0227203 -3.92748e-06 7.39033e+08 0.0230893
1.77984e+07 3.37189e+08 -6.57563e+08 -9.09205e+06 0.00410034 0.022754 -2.36532e-07 7.39032e+08 0.0231205
1.78848e+07 3.3719e+08 -6.57562e+08 -9.09205e+06 0.00408876 0.0227895 3.67183e-06 7.39032e+08 0.0231534
1.79712e+07 3.3719e+08 -6.57561e+08 -9.09205e+06 0.00407635 0.022827 7.8194e-06 7.39031e+08 0.0231881
1.80576e+07 3.3719e+08 -6.5756e+08 -9.09205e+06 0.00406304 0.0228667 1.22301e-05 7.3903e+08 0.0232249
1.8144e+07 3.3719e+08 -6.57559e+08 -9.09204e+06 0.00404873 0.0229088 1.69311e-05 7.39029e+08 0.0232639
1.82304e+07 3.3719e+08 -6.57558e+08 -9.09204e+06 0.00403332 0.0229537 2.19538e-05 7.39028e+08 0.0233054
1.83168e+07 3.3719e+08 -6.57557e+08 -9.09204e+06 0.00401667 0.0230015 2.73342e-05 7.39028e+08 0.0233496
1.84032e+07 3.37191e+08 -6.57556e+08 -9.09204e+06 0.00399864 0.0230527 3.31144e-05 7.39027e+08 0.0233969
1.84896e+07 3.37191e+08 -6.57555e+08 -9.09204e+06 0.00397907 0.0231076 3.93431e-05 7.39026e+08 0.0234478
1.8576e+07 3.37191e+08 -6.57554e+08 -9.09204e+06 0.00395775 0.0231668 4.60782e-05 7.39025e+08 0.0235025
1.86624e+07 3.37191e+08 -6.57553e+08 -9.09204e+06 0.00393445 0.0232308 5.33877e-05 7.39024e+08 0.0235617
1.87488e+07 3.37191e+08 -6.57552e+08 -9.09203e+06 0.0039089 0.0233003 6.13531e-05 7.39024e+08 0.023626
1.88352e+07 3.37191e+08 -6.57551e+08 -9.09203e+06 0.00388074 0.0233761 7.00727e-05 7.39023e+08 0.0236961
1.89216e+07 3.37192e+08 -6.5755e+08 -9.09203e+06 0.00384956 0.0234592 7.96661e-05 7.39022e+08 0.0237731
1.9008e+07 3.37192e+08 -6.57549e+08 -9.09202e+06 0.00381486 0.0235509 9.02804e-05 7.39021e+08 0.023858
1.90944e+07 3.37192e+08 -6.57548e+08 -9.09202e+06 0.00377601 0.0236526 0.000102099 7.3902e+08 0.0239523
1.91808e+07 3.37192e+08 -6.57547e+08 -9.09201e+06 0.0037322 0.0237663 0.000115354 7.39019e+08 0.0240579
1.92672e+07 3.37192e+08 -6.57546e+08 -9.09201e+06 0.0036824 0.0238946 0.000130342 7.39019e+08 0.024177
1.93536e+07 3.37192e+08 -6.57545e+08 -9.092e+06 0.00362527 0.0240406 0.000147454 7.39018e+08 0.0243129
1.944e+07 3.37193e+08 -6.57544e+08 -9.09199e+06 0.00355902 0.0242087 0.000167208 7.39017e+08 0.0244695
1.95264e+07 3.37193e+08 -6.57543e+08 -9.09199e+06 0.00348118 0.0244049 0.000190316 7.39016e+08 0.0246526
1.96128e+07 3.37193e+08 -6.57542e+08 -9.09198e+06 0.0033883 0.0246374 0.000217779 7.39015e+08 0.0248703
1.96992e+07 3.37193e+08 -6.57541e+08 -9.09197e+06 0.00327532 0.0249187 0.000251062 7.39014e+08 0.0251343
1.97856e+07 3.37193e+08 -6.5754e+08 -9.09195e+06 0.00313453 0.0252672 0.000292394 7.39013e+08 0.0254626
1.9872e+07 3.37193e+08 -6.57539e+08 -9.09194e+06 0.00295353 0.0257131 0.000345369 7.39012e+08 0.0258845
1.99584e+07 3.37193e+08 -6.57538e+08 -9.09192e+06 0.00271082 0.0263083 0.000416203 7.39012e+08 0.0264508
2.00448e+07 3.37194e+08 -6.57537e+08 -9.0919e+06 0.00236541 0.027152 0.000516765 7.39011e+08 0.0272597
2.01312e+07 3.37194e+08 -6.57535e+08 -9.09187e+06 0.00182689 0.028463 0.00067322 7.39009e+08 0.0285295
2.02176e+07 3.37194e+08 -6.57534e+08 -9.09184e+06 0.000843173 0.0308513 0.000958535 7.39008e+08 0.0308777
2.0304e+07 3.37194e+08 -6.57533e+08 -9.09177e+06 -0.00173774 0.0371044 0.00170614 7.39007e+08 0.0371843
2.03904e+07 3.37196e+08 -6.57536e+08 -9.09233e+06 0.181578 -0.406463 -0.0513516 7.39011e+08 0.448129
2.04768e+07 3.37196e+08 -6.57535e+08 -9.09234e+06 0.00482534 0.0212395 -0.000192275 7.39011e+08 0.0217816
2.05632e+07 3.37196e+08 -6.57534e+08 -9.09235e+06 0.00429856 0.0225223 -3.92087e-05 7.3901e+08 0.0229288
2.06496e+07 3.37196e+08 -6.57533e+08 -9.09235e+06 0.00429185 0.0225465 -3.66714e-05 7.39009e+08 0.0229514
2.0736e+07 3.37197e+08 -6.57532e+08 -9.09235e+06 0.00428638 0.0225679 -3.44897e-05 7.39008e+08 0.0229714
2.08224e+07 3.37197e+08 -6.57532e+08 -9.09235e+06 0.00428059 0.02259 -3.22142e-05 7.39007e+08 0.022992
2.09088e+07 3.37197e+08 -6.57531e+08 -9.09235e+06 0.00427445 0.022613 -2.9837e-05 7.39007e+08 0.0230134
2.09952e+07 3.37197e+08 -6.5753e+08 -9.09235e+06 0.00426794 0.0226369 -2.73508e-05 7.39006e+08 0.0230357
2.10816e+07 3.37197e+08 -6.57529e+08 -9.09235e+06 0.00426103 0.0226618 -2.47476e-05 7.39005e+08 0.0230589
2.1168e+07 3.37197e+08 -6.57528e+08 -9.09236e+06 0.00425369 0.0226877 -2.20186e-05 7.39004e+08 0.023083
2.12544e+07 3.37198e+08 -6.57527e+08 -9.09236e+06 0.00424589 0.0227148 -1.91541e-05 7.39003e+08 0.0231082
2.13408e+07 3.37198e+08 -6.57526e+08 -9.09236e+06 0.00423759 0.0227431 -1.61431e-05 7.39003e+08 0.0231345
2.14272e+07 3.37198e+08 -6.57525e+08 -9.09236e+06 0.00422874 0.0227728 -1.29738e-05 7.39002e+08 0.0231621
2.15136e+07 3.37198e+08 -6.57524e+08 -9.09236e+06 0.00421931 0.0228039 -9.63266e-06 7.39001e+08 0.0231909
2.16e+07 3.37198e+08 -6.57523e+08 -9.09236e+06 0.00420923 0.0228365 -6.1046e-06 7.39e+08 0.0232212
2.16864e+07 3.37199e+08 -6.57522e+08 -9.09236e+06 0.00419846 0.0228709 -2.37273e-06 7.39e+08 0.0232531
2.17728e+07 3.37199e+08 -6.57521e+08 -9.09236e+06 0.00418692 0.0229072 1.58207e-06 7.38999e+08 0.0232867
2.18592e+07 3.37199e+08 -6.5752e+08 -9.09236e+06 0.00417454 0.0229455 5.78141e-06 7.38998e+08 0.0233221
2.19456e+07 3.37199e+08 -6.57519e+08 -9.09236e+06 0.00416124 0.0229861 1.02499e-05 7.38997e+08 0.0233597
2.2032e+07 3.37199e+08 -6.57518e+08 -9.09236e+06 0.00414691 0.0230291 1.50158e-05 7.38996e+08 0.0233995
2.21184e+07 3.37199e+08 -6.57517e+08 -9.09236e+06 0.00413145 0.023075 2.01113e-05 7.38996e+08 0.0234419
2.22048e+07 3.372e+08 -6.57516e+08 -9.09236e+06 0.00411473 0.0231239 2.5574e-05 7.38995e+08 0.0234871
2.22912e+07 3.372e+08 -6.57515e+08 -9.09235e+06 0.00409659 0.0231762 3.14472e-05 7.38994e+08 0.0235355
2.23776e+07 3.372e+08 -6.57514e+08 -9.09235e+06 0.00407686 0.0232324 3.77817e-05 7.38993e+08 0.0235875
2.2464e+07 3.372e+08 -6.57513e+08 -9.09235e+06 0.00405534 0.023293 4.46376e-05 7.38992e+08 0.0236435
2.25504e+07 3.372e+08 -6.57512e+08 -9.09235e+06 0.00403178 0.0233586 5.20859e-05 7.38991e+08 0.023704
2.26368e+07 3.372e+08 -6.57511e+08 -9.09235e+06 0.00400588 0.0234298 6.02116e-05 7.38991e+08 0.0237699
2.27232e+07 3.37201e+08 -6.5751e+08 -9.09234e+06 0.00397729 0.0235076 6.91177e-05 7.3899e+08 0.0238418
2.28096e+07 3.37201e+08 -6.57509e+08 -9.09234e+06 0.00394557 0.0235929 7.89295e-05 7.38989e+08 0.0239207
2.2896e+07 3.37201e+08 -6.57508e+08 -9.09234e+06 0.0039102 0.0236871 8.98019e-05 7.38988e+08 0.0240079
2.29824e+07 3.37201e+08 -6.57507e+08 -9.09233e+06 0.0038705 0.0237918 0.000101928 7.38987e+08 0.0241048
2.30688e+07 3.37201e+08 -6.57506e+08 -9.09233e+06 0.00382562 0.0239091 0.000115555 7.38986e+08 0.0242135
2.31552e+07 3.37201e+08 -6.57505e+08 -9.09232e+06 0.00377448 0.0240415 0.000130998 7.38986e+08 0.0243364
2.32416e+07 3.37202e+08 -6.57504e+08 -9.09231e+06 0.00371562 0.0241927 0.000148673 7.38985e+08 0.0244768
2.3328e+07 3.37202e+08 -6.57502e+08 -9.09231e+06 0.00364713 0.0243671 0.000169138 7.38984e+08 0.0246391
2.34144e+07 3.37202e+08 -6.57501e+08 -9.0923e+06 0.00356635 0.0245714 0.000193163 7.38983e+08 0.0248296
2.35008e+07 3.37202e+08 -6.575e+08 -9.09229e+06 0.0034695 0.0248145 0.000221841 7.38982e+08 0.0250569
2.35872e+07 3.37202e+08 -6.57499e+08 -9.09228e+06 0.00335102 0.02511 0.000256779 7.38981e+08 0.0253339
2.36736e+07 3.37202e+08 -6.57498e+08 -9.09227e+06 0.00320233 0.0254786 0.000300463 7.3898e+08 0.0256808
2.376e+07 3.37203e+08 -6.57497e+08 -9.09225e+06 0.00300941 0.0259543 0.000356951 7.38979e+08 0.0261306
2.38464e+07 3.37203e+08 -6.57496e+08 -9.09223e+06 0.00274747 0.026597 0.000433417 7.38978e+08 0.026742
2.39328e+07 3.37203e+08 -6.57495e+08 -9.09221e+06 0.00236783 0.0275245 0.000543953 7.38977e+08 0.0276315
2.40192e+07 3.37203e+08 -6.57494e+08 -9.09218e+06 0.00175827 0.0290084 0.000721038 7.38976e+08 0.0290706
2.41056e+07 3.37203e+08 -6.57492e+08 -9.09214e+06 0.000579462 0.0318698 0.00106288 7.38975e+08 0.0318928
2.4192e+07 3.37203e+08 -6.57491e+08 -9.09206e+06 -0.00311799 0.0408256 0.00213372 7.38974e+08 0.0410001
2.42784e+07 3.39408e+08 -6.62826e+08 -9.73041e+06 66.6075 -161.14 -19.2775 7.44736e+08 175.426
2.43648e+07 3.39426e+08 -6.62867e+08 -9.73542e+06 0.204673 -0.461958 -0.0580074 7.4478e+08 0.508588
2.44512e+07 3.39426e+08 -6.62866e+08 -9.73544e+06 0.00546698 0.0200784 -0.000349119 7.4478e+08 0.0208123
2.45376e+07 3.39426e+08 -6.62865e+08 -9.73545e+06 0.00487192 0.0215273 -0.000176223 7.44779e+08 0.0220724
2.4624e+07 3.39427e+08 -6.62864e+08 -9.73545e+06 0.0048727 0.0215345 -0.000175783 7.44778e+08 0.0220796
2.47104e+07 3.39427e+08 -6.62863e+08 -9.73546e+06 0.00487528 0.0215374 -0.000175861 7.44777e+08 0.022083
2.47968e+07 3.39427e+08 -6.62863e+08 -9.73547e+06 0.00487787 0.0215403 -0.000175941 7.44777e+08 0.0220864
2.48832e+07 3.39427e+08 -6.62862e+08 -9.73548e+06 0.00488046 0.0215432 -0.000176021 7.44776e+08 0.0220898
2.49696e+07 3.39427e+08 -6.62861e+08 -9.73549e+06 0.00488307 0.0215461 -0.000176101 7.44775e+08 0.0220932
2.5056e+07 3.39428e+08 -6.6286e+08 -9.73549e+06 0.00488567 0.021549 -0.000176182 7.44774e+08 0.0220966
2.51424e+07 3.39428e+08 -6.62859e+08 -9.7355e+06 0.00488829 0.0215519 -0.000176263 7.44774e+08 0.0221
2.52288e+07 3.39428e+08 -6.62858e+08 -9.73551e+06 0.00489091 0.0215548 -0.000176344 7.44773e+08 0.0221035
2.53152e+07 3.39428e+08 -6.62857e+08 -9.73552e+06 0.00489354 0.0215578 -0.000176425 7.44772e+08 0.0221069
2.54016e+07 3.39429e+08 -6.62856e+08 -9.73552e+06 0.00489618 0.0215607 -0.000176506 7.44772e+08 0.0221104
2.5488e+07 3.39429e+08 -6.62855e+08 -9.73553e+06 0.00489882 0.0215637 -0.000176588 7.44771e+08 0.0221138
2.55744e+07 3.39429e+08 -6.62854e+08 -9.73554e+06 0.00490147 0.0215666 -0.00017667 7.4477e+08 0.0221173
2.56608e+07 3.39429e+08 -6.62853e+08 -9.73555e+06 0.00490413 0.0215696 -0.000176752 7.44769e+08 0.0221208
2.57472e+07 3.39429e+08 -6.62852e+08 -9.73555e+06 0.00490679 0.0215726 -0.000176835 7.44769e+08 0.0221243
2.58336e+07 3.3943e+08 -6.62851e+08 -9.73556e+06 0.00490946 0.0215756 -0.000176917 7.44768e+08 0.0221278
2.592e+07 3.3943e+08 -6.6285e+08 -9.73557e+06 0.00491214 0.0215786 -0.000177 7.44767e+08 0.0221313
2.60064e+07 3.3943e+08 -6.6285e+08 -9.73558e+06 0.00491482 0.0215816 -0.000177083 7.44766e+08 0.0221349
2.60928e+07 3.3943e+08 -6.62849e+08 -9.73558e+06 0.00491751 0.0215846 -0.000177167 7.44766e+08 0.0221384
2.61792e+07 3.3943e+08 -6.62848e+08 -9.73559e+06 0.00492021 0.0215877 -0.000177251 7.44765e+08 0.022142
2.62656e+07 3.39431e+08 -6.62847e+08 -9.7356e+06 0.00492292 0.0215907 -0.000177334 7.44764e+08 0.0221455
2.6352e+07 3.39431e+08 -6.62846e+08 -9.73561e+06 0.00492563 0.0215937 -0.000177419 7.44763e+08 0.0221491
2.64384e+07 3.39431e+08 -6.62845e+08 -9.73562e+06 0.00492835 0.0215968 -0.000177503 7.44763e+08 0.0221527
2.65248e+07 3.39431e+08 -6.62844e+08 -9.73562e+06 0.00493108 0.0215999 -0.000177588 7.44762e+08 0.0221563
2.66112e+07 3.39431e+08 -6.62843e+08 -9.73563e+06 0.00493381 0.021603 -0.000177673 7.44761e+08 0.0221599
2.66976e+07 3.39432e+08 -6.62842e+08 -9.73564e+06 0.00493656 0.021606 -0.000177758 7.44761e+08 0.0221635
2.6784e+07 3.39432e+08 -6.62841e+08 -9.73565e+06 0.00493931 0.0216091 -0.000177844 7.4476e+08 0.0221672
2.68704e+07 3.39432e+08 -6.6284e+08 -9.73565e+06 0.00494206 0.0216123 -0.000177929 7.44759e+08 0.0221708
2.69568e+07 3.39432e+08 -6.62839e+08 -9.73566e+06 0.00494483 0.0216154 -0.000178015 7.44758e+08 0.0221745
2.70432e+07 3.39433e+08 -6.62838e+08 -9.73567e+06 0.0049476 0.0216185 -0.000178102 7.44758e+08 0.0221782
2.71296e+07 3.39433e+08 -6.62837e+08 -9.73568e+06 0.00495038 0.0216216 -0.000178188 7.44757e+08 0.0221818
2.7216e+07 3.39433e+08 -6.62836e+08 -9.73568e+06 0.00495317 0.0216248 -0.000178275 7.44756e+08 0.0221855
2.73024e+07 3.39433e+08 -6.62836e+08 -9.73569e+06 0.00495596 0.021628 -0.000178362 7.44755e+08 0.0221892
2.73888e+07 3.39433e+08 -6.62835e+08 -9.7357e+06 0.00495876 0.0216311 -0.00017845 7.44755e+08 0.022193
2.74752e+07 3.39434e+08 -6.62834e+08 -9.73571e+06 0.00496157 0.0216343 -0.000178537 7.44754e+08 0.0221967
2.75616e+07 3.39434e+08 -6.62833e+08 -9.73571e+06 0.00496439 0.0216375 -0.000178625 7.44753e+08 0.0222004
2.7648e+07 3.39434e+08 -6.62832e+08 -9.73572e+06 0.00496721 0.0216407 -0.000178714 7.44752e+08 0.0222042
2.77344e+07 3.39434e+08 -6.62831e+08 -9.73573e+06 0.00497005 0.0216439 -0.000178802 7.44752e+08 0.0222079
2.78208e+07 3.39434e+08 -6.6283e+08 -9.73574e+06 0.00497289 0.0216472 -0.000178891 7.44751e+08 0.0222117
2.79072e+07 3.39435e+08 -6.62829e+08 -9.73575e+06 0.00497574 0.0216504 -0.00017898 7.4475e+08 0.0222155
2.79936e+07 3.39435e+08 -6.62828e+08 -9.73575e+06 0.00497859 0.0216536 -0.000179069 7.4475e+08 0.0222193
2.808e+07 3.39435e+08 -6.62827e+08 -9.73576e+06 0.00498146 0.0216569 -0.000179159 7.44749e+08 0.0222231
2.81664e+07 3.39435e+08 -6.62826e+08 -9.73577e+06 0.00498433 0.0216602 -0.000179249 7.44748e+08 0.022227
2.82528e+07 3.39436e+08 -6.62825e+08 -9.73578e+06 0.00498721 0.0216634 -0.000179339 7.44747e+08 0.0222308
2.83392e+07 3.39436e+08 -6.62824e+08 -9.73578e+06 0.0049901 0.0216667 -0.000179429 7.44747e+08 0.0222347
2.84256e+07 3.39436e+08 -6.62823e+08 -9.73579e+06 0.004993 0.02167 -0.00017952 7.44746e+08 0.0222385
2.8512e+07 3.39436e+08 -6.62822e+08 -9.7358e+06 0.0049959 0.0216733 -0.000179611 7.44745e+08 0.0222424
2.85984e+07 3.39436e+08 -6.62822e+08 -9.73581e+06 0.00499881 0.0216767 -0.000179702 7.44744e+08 0.0222463
2.86848e+07 3.39437e+08 -6.62821e+08 -9.73582e+06 0.00500173 0.02168 -0.000179794 7.44744e+08 0.0222502
2.87712e+07 3.39437e+08 -6.6282e+08 -9.73582e+06 0.00500466 0.0216834 -0.000179886 7.44743e+08 0.0222541
2.88576e+07 3.39437e+08 -6.62819e+08 -9.73583e+06 0.0050076 0.0216867 -0.000179978 7.44742e+08 0.0222581
2.8944e+07 3.39437e+08 -6.62818e+08 -9.73584e+06 0.00501055 0.0216901 -0.000180071 7.44741e+08 0.022262
2.90304e+07 3.39437e+08 -6.62817e+08 -9.73585e+06 0.0050135 0.0216935 -0.000180164 7.44741e+08 0.022266
2.91168e+07 3.39438e+08 -6.62816e+08 -9.73585e+06 0.00501646 0.0216969 -0.000180257 7.4474e+08 0.02227
2.92032e+07 3.39438e+08 -6.62815e+08 -9.73586e+06 0.00501943 0.0217003 -0.00018035 7.44739e+08 0.0222739
2.92896e+07 3.39438e+08 -6.62814e+08 -9.73587e+06 0.00502241 0.0217037 -0.000180444 7.44739e+08 0.0222779
2.9376e+07 3.39438e+08 -6.62813e+08 -9.73588e+06 0.0050254 0.0217071 -0.000180538 7.44738e+08 0.022282
2.94624e+07 3.39439e+08 -6.62812e+08 -9.73589e+06 0.0050284 0.0217105 -0.000180632 7.44737e+08 0.022286
2.95488e+07 3.39439e+08 -6.62811e+08 -9.73589e+06 0.0050314 0.021714 -0.000180727 7.44736e+08 0.02229
2.96352e+07 3.39439e+08 -6.6281e+08 -9.7359e+06 0.00503442 0.0217175 -0.000180822 7.44736e+08 0.0222941
2.97216e+07 3.39439e+08 -6.62809e+08 -9.73591e+06 0.00503744 0.0217209 -0.000180917 7.44735e+08 0.0222981
2.9808e+07 3.39439e+08 -6.62808e+08 -9.73592e+06 0.00504047 0.0217244 -0.000181013 7.44734e+08 0.0223022
2.98944e+07 3.3944e+08 -6.62807e+08 -9.73592e+06 0.00504351 0.0217279 -0.000181109 7.44733e+08 0.0223063
2.99808e+07 3.3944e+08 -6.62807e+08 -9.73593e+06 0.00504656 0.0217314 -0.000181205 7.44733e+08 0.0223104
3.00672e+07 3.3944e+08 -6.62806e+08 -9.73594e+06 0.00504962 0.021735 -0.000181302 7.44732e+08 0.0223146
3.01536e+07 3.3944e+08 -6.62805e+08 -9.73595e+06 0.00505269 0.0217385 -0.000181398 7.44731e+08 0.0223187
3.024e+07 3.39441e+08 -6.62804e+08 -9.73596e+06 0.00505576 0.021742 -0.000181496 7.4473e+08 0.0223229
3.03264e+07 3.39441e+08 -6.62803e+08 -9.73596e+06 0.00505885 0.0217456 -0.000181593 7.4473e+08 0.022327
3.04128e+07 3.39441e+08 -6.62802e+08 -9.73597e+06 0.00506194 0.0217492 -0.000181691 7.44729e+08 0.0223312
3.04992e+07 3.39441e+08 -6.62801e+08 -9.73598e+06 0.00506504 0.0217528 -0.000181789 7.44728e+08 0.0223354
3.05856e+07 3.39441e+08 -6.628e+08 -9.73599e+06 0.00506816 0.0217564 -0.000181888 7.44728e+08 0.0223396
3.0672e+07 3.39442e+08 -6.62799e+08 -9.736e+06 0.00507128 0.02176 -0.000181986 7.44727e+08 0.0223438
3.07584e+07 3.39442e+08 -6.62798e+08 -9.736e+06 0.00507441 0.0217636 -0.000182086 7.44726e+08 0.0223481
3.08448e+07 3.39442e+08 -6.62797e+08 -9.73601e+06 0.00507755 0.0217672 -0.000182185 7.44725e+08 0.0223523
3.09312e+07 3.39442e+08 -6.62796e+08 -9.73602e+06 0.0050807 0.0217709 -0.000182285 7.44725e+08 0.0223566
3.10176e+07 3.39443e+08 -6.62795e+08 -9.73603e+06 0.00508386 0.0217745 -0.000182385 7.44724e+08 0.0223609
3.1104e+07 3.39443e+08 -6.62794e+08 -9.73603e+06 0.00508702 0.0217782 -0.000182486 7.44723e+08 0.0223652
3.11904e+07 3.39443e+08 -6.62793e+08 -9.73604e+06 0.0050902 0.0217819 -0.000182586 7.44722e+08 0.0223695
3.12768e+07 3.39443e+08 -6.62792e+08 -9.73605e+06 0.00509339 0.0217856 -0.000182688 7.44722e+08 0.0223738
3.13632e+07 3.39443e+08 -6.62792e+08 -9.73606e+06 0.00509659 0.0217893 -0.000182789 7.44721e+08 0.0223782
3.14496e+07 3.39444e+08 -6.62791e+08 -9.73607e+06 0.00509979 0.0217931 -0.000182891 7.4472e+08 0.0223825
