0 -2.08225e+12 -1.8427e+12 2.02015e+10 4519.68 -5942.28 -3692.28 2.7806e+12 8328.93
86400 -2.08197e+12 -1.84319e+12 1.99029e+10 2137.57 -5305.15 -2889.64 2.78071e+12 6408.11
172800 -2.08205e+12 -1.84316e+12 1.99753e+10 -1811.87 633.347 1670.06 2.78075e+12 2544.23
259200 -2.08211e+12 -1.84314e+12 2.00458e+10 -1463.66 613.033 1756.64 2.78078e+12 2367.25
345600 -2.08221e+12 -1.8431e+12 2.01619e+10 -2672.93 1120.04 3214.59 2.78083e+12 4328.12
432000 -2.08334e+12 -1.84262e+12 2.15311e+10 -31781.2 13310.7 38272.4 2.78137e+12 51497.5
518400 -2.08335e+12 -1.84262e+12 2.15348e+10 26.0481 -9.45571 -30.0366 2.78137e+12 40.867
604800 -2.08334e+12 -1.84262e+12 2.15286e+10 121.733 -49.5262 -145.261 2.78137e+12 195.889
691200 -2.08333e+12 -1.84263e+12 2.15222e+10 123.302 -50.1835 -147.151 2.78137e+12 198.432
777600 -2.08333e+12 -1.84263e+12 2.15158e+10 124.627 -50.7383 -148.746 2.78137e+12 200.579
864000 -2.08332e+12 -1.84263e+12 2.15093e+10 125.988 -51.308 -150.384 2.78136e+12 202.783
950400 -2.08332e+12 -1.84263e+12 2.15028e+10 127.386 -51.8936 -152.068 2.78136e+12 205.049
1.0368e+06 -2.08331e+12 -1.84263e+12 2.14962e+10 128.824 -52.4959 -153.8 2.78136e+12 207.379
1.1232e+06 -2.08331e+12 -1.84264e+12 2.14895e+10 130.304 -53.1155 -155.582 2.78136e+12 209.776
1.2096e+06 -2.0833e+12 -1.84264e+12 2.14827e+10 131.827 -53.7534 -157.416 2.78135e+12 212.244
1.296e+06 -2.0833e+12 -1.84264e+12 2.14758e+10 133.396 -54.4104 -159.305 2.78135e+12 214.786
1.3824e+06 -2.08329e+12 -1.84264e+12 2.14689e+10 135.013 -55.0874 -161.252 2.78135e+12 217.406
1.4688e+06 -2.08328e+12 -1.84265e+12 2.14618e+10 136.679 -55.7854 -163.259 2.78134e+12 220.107
1.5552e+06 -2.08328e+12 -1.84265e+12 2.14547e+10 138.399 -56.5055 -165.33 2.78134e+12 222.893
1.6416e+06 -2.08327e+12 -1.84265e+12 2.14475e+10 140.174 -57.2488 -167.468 2.78134e+12 225.769
1.728e+06 -2.08327e+12 -1.84265e+12 2.14402e+10 142.007 -58.0166 -169.675 2.78134e+12 228.739
1.8144e+06 -2.08326e+12 -1.84266e+12 2.14328e+10 143.902 -58.8101 -171.957 2.78133e+12 231.81
1.9008e+06 -2.08325e+12 -1.84266e+12 2.14253e+10 145.862 -59.6307 -174.317 2.78133e+12 234.985
1.9872e+06 -2.08325e+12 -1.84266e+12 2.14177e+10 147.89 -60.48 -176.759 2.78133e+12 238.271
2.0736e+06 -2.08324e+12 -1.84266e+12 2.141e+10 149.99 -61.3596 -179.289 2.78132e+12 241.674
2.16e+06 -2.08323e+12 -1.84267e+12 2.14022e+10 152.167 -62.2713 -181.91 2.78132e+12 245.202
2.2464e+06 -2.08323e+12 -1.84267e+12 2.13942e+10 154.426 -63.217 -184.629 2.78132e+12 248.861
2.3328e+06 -2.08322e+12 -1.84267e+12 2.13861e+10 156.77 -64.1987 -187.452 2.78131e+12 252.659
2.4192e+06 -2.08321e+12 -1.84268e+12 2.13779e+10 159.206 -65.2187 -190.385 2.78131e+12 256.606
2.5056e+06 -2.08321e+12 -1.84268e+12 2.13696e+10 161.739 -66.2795 -193.436 2.78131e+12 260.71
2.592e+06 -2.0832e+12 -1.84268e+12 2.13612e+10 164.375 -67.3836 -196.611 2.7813e+12 264.982
2.6784e+06 -2.08319e+12 -1.84268e+12 2.13526e+10 167.122 -68.534 -199.919 2.7813e+12 269.433
2.7648e+06 -2.08319e+12 -1.84269e+12 2.13438e+10 169.988 -69.7339 -203.369 2.7813e+12 274.076
2.8512e+06 -2.08318e+12 -1.84269e+12 2.13349e+10 172.979 -70.9868 -206.972 2.78129e+12 278.924
2.9376e+06 -2.08317e+12 -1.84269e+12 2.13258e+10 176.107 -72.2964 -210.738 2.78129e+12 283.991
3.024e+06 -2.08316e+12 -1.8427e+12 2.13166e+10 179.38 -73.6671 -214.679 2.78129e+12 289.294
3.1104e+06 -2.08315e+12 -1.8427e+12 2.13072e+10 182.81 -75.1035 -218.81 2.78128e+12 294.852
3.1968e+06 -2.08315e+12 -1.8427e+12 2.12976e+10 186.409 -76.6108 -223.144 2.78128e+12 300.684
3.2832e+06 -2.08314e+12 -1.84271e+12 2.12878e+10 190.191 -78.1946 -227.698 2.78127e+12 306.812
3.3696e+06 -2.08313e+12 -1.84271e+12 2.12778e+10 194.172 -79.8616 -232.492 2.78127e+12 313.262
3.456e+06 -2.08312e+12 -1.84271e+12 2.12676e+10 198.368 -81.6187 -237.544 2.78127e+12 320.06
3.5424e+06 -2.08311e+12 -1.84272e+12 2.12572e+10 202.798 -83.474 -242.88 2.78126e+12 327.239
3.6288e+06 -2.0831e+12 -1.84272e+12 2.12465e+10 207.485 -85.4367 -248.523 2.78126e+12 334.833
3.7152e+06 -2.08309e+12 -1.84272e+12 2.12355e+10 212.452 -87.517 -254.505 2.78125e+12 342.882
3.8016e+06 -2.08309e+12 -1.84273e+12 2.12243e+10 217.729 -89.7265 -260.859 2.78125e+12 351.431
3.888e+06 -2.08308e+12 -1.84273e+12 2.12128e+10 223.345 -92.0785 -267.622 2.78124e+12 360.532
3.9744e+06 -2.08307e+12 -1.84274e+12 2.1201e+10 229.338 -94.5883 -274.839 2.78124e+12 370.243
4.0608e+06 -2.08306e+12 -1.84274e+12 2.11889e+10 235.751 -97.2736 -282.561 2.78123e+12 380.632
4.1472e+06 -2.08305e+12 -1.84274e+12 2.11764e+10 242.63 -100.155 -290.845 2.78123e+12 391.78
4.2336e+06 -2.08303e+12 -1.84275e+12 2.11636e+10 250.034 -103.255 -299.761 2.78122e+12 403.776
4.32e+06 -2.08302e+12 -1.84275e+12 2.11503e+10 258.029 -106.603 -309.389 2.78122e+12 416.731
4.4064e+06 -2.08301e+12 -1.84276e+12 2.11366e+10 266.694 -110.232 -319.823 2.78121e+12 430.771
4.4928e+06 -2.083e+12 -1.84276e+12 2.11224e+10 276.124 -114.181 -331.178 2.78121e+12 446.05
4.5792e+06 -2.08299e+12 -1.84277e+12 2.11076e+10 286.431 -118.497 -343.59 2.7812e+12 462.75
4.6656e+06 -2.08298e+12 -1.84277e+12 2.10923e+10 297.753 -123.239 -357.224 2.7812e+12 481.096
4.752e+06 -2.08296e+12 -1.84278e+12 2.10764e+10 310.26 -128.476 -372.285 2.78119e+12 501.362
4.8384e+06 -2.08295e+12 -1.84278e+12 2.10597e+10 324.162 -134.298 -389.027 2.78118e+12 523.888
4.9248e+06 -2.08293e+12 -1.84279e+12 2.10423e+10 339.725 -140.815 -407.768 2.78117e+12 549.105
5.0112e+06 -2.08292e+12 -1.8428e+12 2.10239e+10 357.289 -148.17 -428.917 2.78117e+12 577.564
5.0976e+06 -2.0829e+12 -1.8428e+12 2.10046e+10 377.296 -156.549 -453.01 2.78116e+12 609.981
5.184e+06 -2.08289e+12 -1.84281e+12 2.0984e+10 400.335 -166.197 -480.754 2.78115e+12 647.313
5.2704e+06 -2.08287e+12 -1.84282e+12 2.09622e+10 427.21 -177.452 -513.117 2.78114e+12 690.859
5.3568e+06 -2.08285e+12 -1.84283e+12 2.09387e+10 459.047 -190.784 -551.455 2.78113e+12 742.446
5.4432e+06 -2.08283e+12 -1.84284e+12 2.09133e+10 497.479 -206.878 -597.734 2.78112e+12 804.717
5.5296e+06 -2.0828e+12 -1.84285e+12 2.08855e+10 544.975 -226.769 -654.93 2.78111e+12 881.678
5.616e+06 -2.08278e+12 -1.84286e+12 2.08547e+10 605.478 -252.105 -727.787 2.7811e+12 979.712
5.7024e+06 -2.08275e+12 -1.84287e+12 2.082e+10 685.715 -285.706 -824.408 2.78109e+12 1109.72
5.7888e+06 -2.08272e+12 -1.84288e+12 2.07798e+10 798.297 -332.853 -959.981 2.78107e+12 1292.14
5.8752e+06 -2.08268e+12 -1.8429e+12 2.07314e+10 970.26 -404.867 -1167.06 2.78105e+12 1570.78
5.9616e+06 -2.08262e+12 -1.84292e+12 2.06692e+10 1273.43 -531.828 -1532.14 2.78103e+12 2062.02
6.048e+06 -2.08255e+12 -1.84295e+12 2.05769e+10 1999.57 -835.916 -2406.56 2.78099e+12 3238.61
6.1344e+06 -2.08227e+12 -1.84307e+12 2.02471e+10 14056.7 -5885.12 -16925.8 2.78086e+12 22775.1
6.2208e+06 -2.08279e+12 -1.84285e+12 2.08715e+10 -5795.01 2428.25 6979.69 2.78111e+12 9391.2
6.3072e+06 -2.08277e+12 -1.84286e+12 2.08411e+10 618.36 -257.5 -743.3 2.78109e+12 1000.58
6.3936e+06 -2.08274e+12 -1.84287e+12 2.08043e+10 726.663 -302.854 -873.718 2.78108e+12 1176.07
6.48e+06 -2.0827e+12 -1.84289e+12 2.07613e+10 858.867 -358.218 -1032.92 2.78106e+12 1390.28
6.5664e+06 -2.08266e+12 -1.84291e+12 2.07082e+10 1070.77 -446.957 -1288.09 2.78104e+12 1733.64
6.6528e+06 -2.0826e+12 -1.84293e+12 2.06369e+10 1480.67 -618.611 -1781.69 2.78101e+12 2397.81
6.7392e+06 -2.0825e+12 -1.84297e+12 2.05175e+10 2775.31 -1160.77 -3340.7 2.78096e+12 4495.56
6.8256e+06 -2.07985e+12 -1.84408e+12 1.73298e+10 73990.6 -30983.9 -89098.3 2.7797e+12 119888
6.912e+06 -2.07983e+12 -1.84409e+12 1.73076e+10 204.429 -84.1542 -244.841 2.77969e+12 329.879
6.9984e+06 -2.07983e+12 -1.84409e+12 1.73085e+10 -16.7996 8.49045 21.563 2.77969e+12 28.623
7.0848e+06 -2.07983e+12 -1.84409e+12 1.73095e+10 -17.4746 8.77314 22.3759 2.77969e+12 29.7155
7.1712e+06 -2.07983e+12 -1.84409e+12 1.73105e+10 -17.4885 8.77894 22.3926 2.77969e+12 29.7379
7.2576e+06 -2.07983e+12 -1.84409e+12 1.73114e+10 -17.5004 8.78391 22.4069 2.77969e+12 29.7571
7.344e+06 -2.07983e+12 -1.84409e+12 1.73124e+10 -17.5122 8.78888 22.4212 2.77969e+12 29.7764
7.4304e+06 -2.07984e+12 -1.84409e+12 1.73134e+10 -17.5241 8.79387 22.4355 2.77969e+12 29.7956
7.5168e+06 -2.07984e+12 -1.84409e+12 1.73143e+10 -17.5361 8.79886 22.4499 2.77969e+12 29.8149
7.6032e+06 -2.07984e+12 -1.84409e+12 1.73153e+10 -17.548 8.80386 22.4643 2.77969e+12 29.8343
7.6896e+06 -2.07984e+12 -1.84409e+12 1.73163e+10 -17.56 8.80887 22.4787 2.77969e+12 29.8536
7.776e+06 -2.07984e+12 -1.84408e+12 1.73172e+10 -17.5719 8.81388 22.4931 2.77969e+12 29.873
7.8624e+06 -2.07984e+12 -1.84408e+12 1.73182e+10 -17.5839 8.81891 22.5075 2.77969e+12 29.8924
7.9488e+06 -2.07984e+12 -1.84408e+12 1.73192e+10 -17.596 8.82394 22.522 2.77969e+12 29.9119
8.0352e+06 -2.07984e+12 -1.84408e+12 1.73202e+10 -17.608 8.82898 22.5365 2.77969e+12 29.9314
8.1216e+06 -2.07984e+12 -1.84408e+12 1.73211e+10 -17.6201 8.83403 22.551 2.77969e+12 29.9509
8.208e+06 -2.07984e+12 -1.84408e+12 1.73221e+10 -17.6321 8.83908 22.5656 2.77969e+12 29.9704
8.2944e+06 -2.07984e+12 -1.84408e+12 1.73231e+10 -17.6442 8.84415 22.5801 2.77969e+12 29.99
8.3808e+06 -2.07984e+12 -1.84408e+12 1.7324e+10 -17.6563 8.84922 22.5947 2.77969e+12 30.0096
8.4672e+06 -2.07984e+12 -1.84408e+12 1.7325e+10 -17.6685 8.8543 22.6093 2.77969e+12 30.0292
8.5536e+06 -2.07985e+12 -1.84408e+12 1.7326e+10 -17.6806 8.85939 22.624 2.77969e+12 30.0489
8.64e+06 -2.07985e+12 -1.84408e+12 1.7327e+10 -17.6928 8.86449 22.6386 2.77969e+12 30.0686
8.7264e+06 -2.07985e+12 -1.84408e+12 1.7328e+10 -17.705 8.86959 22.6533 2.77969e+12 30.0883
8.8128e+06 -2.07985e+12 -1.84408e+12 1.73289e+10 -17.7172 8.8747 22.668 2.77969e+12 30.1081
8.8992e+06 -2.07985e+12 -1.84408e+12 1.73299e+10 -17.7295 8.87983 22.6827 2.77969e+12 30.1279
8.9856e+06 -2.07985e+12 -1.84408e+12 1.73309e+10 -17.7417 8.88496 22.6975 2.77969e+12 30.1477
9.072e+06 -2.07985e+12 -1.84408e+12 1.73319e+10 -17.754 8.8901 22.7123 2.7797e+12 30.1676
9.1584e+06 -2.07985e+12 -1.84408e+12 1.73329e+10 -17.7663 8.89524 22.7271 2.7797e+12 30.1875
9.2448e+06 -2.07985e+12 -1.84408e+12 1.73338e+10 -17.7786 8.9004 22.7419 2.7797e+12 30.2074
9.3312e+06 -2.07985e+12 -1.84408e+12 1.73348e+10 -17.7909 8.90556 22.7567 2.7797e+12 30.2274
9.4176e+06 -2.07985e+12 -1.84408e+12 1.73358e+10 -17.8033 8.91073 22.7716 2.7797e+12 30.2474
9.504e+06 -2.07985e+12 -1.84408e+12 1.73368e+10 -17.8157 8.91592 22.7865 2.7797e+12 30.2674
9.5904e+06 -2.07985e+12 -1.84408e+12 1.73378e+10 -17.828 8.9211 22.8014 2.7797e+12 30.2875
9.6768e+06 -2.07986e+12 -1.84408e+12 1.73387e+10 -17.8405 8.9263 22.8164 2.7797e+12 30.3076
9.7632e+06 -2.07986e+12 -1.84408e+12 1.73397e+10 -17.8529 8.93151 22.8314 2.7797e+12 30.3277
9.8496e+06 -2.07986e+12 -1.84408e+12 1.73407e+10 -17.8654 8.93672 22.8464 2.7797e+12 30.3479
9.936e+06 -2.07986e+12 -1.84408e+12 1.73417e+10 -17.8778 8.94195 22.8614 2.7797e+12 30.368
1.00224e+07 -2.07986e+12 -1.84407e+12 1.73427e+10 -17.8903 8.94718 22.8764 2.7797e+12 30.3883
1.01088e+07 -2.07986e+12 -1.84407e+12 1.73437e+10 -17.9028 8.95242 22.8915 2.7797e+12 30.4085
1.01952e+07 -2.07986e+12 -1.84407e+12 1.73447e+10 -17.9154 8.95767 22.9066 2.7797e+12 30.4288
1.02816e+07 -2.07986e+12 -1.84407e+12 1.73457e+10 -17.9279 8.96293 22.9217 2.7797e+12 30.4491
1.0368e+07 -2.07986e+12 -1.84407e+12 1.73466e+10 -17.9405 8.96819 22.9369 2.7797e+12 30.4695
1.04544e+07 -2.07986e+12 -1.84407e+12 1.73476e+10 -17.9531 8.97347 22.952 2.7797e+12 30.4899
1.05408e+07 -2.07986e+12 -1.84407e+12 1.73486e+10 -17.9657 8.97875 22.9672 2.7797e+12 30.5103
1.06272e+07 -2.07986e+12 -1.84407e+12 1.73496e+10 -17.9784 8.98404 22.9825 2.7797e+12 30.5308
1.07136e+07 -2.07986e+12 -1.84407e+12 1.73506e+10 -17.991 8.98935 22.9977 2.7797e+12 30.5513
1.08e+07 -2.07987e+12 -1.84407e+12 1.73516e+10 -18.0037 8.99466 23.013 2.7797e+12 30.5718
1.08864e+07 -2.07987e+12 -1.84407e+12 1.73526e+10 -18.0164 8.99998 23.0283 2.7797e+12 30.5924
1.09728e+07 -2.07987e+12 -1.84407e+12 1.73536e+10 -18.0292 9.0053 23.0436 2.7797e+12 30.613
1.10592e+07 -2.07987e+12 -1.84407e+12 1.73546e+10 -18.0419 9.01064 23.0589 2.7797e+12 30.6336
1.11456e+07 -2.07987e+12 -1.84407e+12 1.73556e+10 -18.0547 9.01599 23.0743 2.7797e+12 30.6543
1.1232e+07 -2.07987e+12 -1.84407e+12 1.73566e+10 -18.0675 9.02134 23.0897 2.7797e+12 30.675
1.13184e+07 -2.07987e+12 -1.84407e+12 1.73576e+10 -18.0803 9.0267 23.1051 2.7797e+12 30.6957
1.14048e+07 -2.07987e+12 -1.84407e+12 1.73586e+10 -18.0931 9.03208 23.1206 2.7797e+12 30.7165
1.14912e+07 -2.07987e+12 -1.84407e+12 1.73596e+10 -18.106 9.03746 23.1361 2.7797e+12 30.7373
1.15776e+07 -2.07987e+12 -1.84407e+12 1.73606e+10 -18.1188 9.04285 23.1516 2.7797e+12 30.7581
1.1664e+07 -2.07987e+12 -1.84407e+12 1.73616e+10 -18.1317 9.04825 23.1671 2.77971e+12 30.779
1.17504e+07 -2.07987e+12 -1.84407e+12 1.73626e+10 -18.1446 9.05366 23.1827 2.77971e+12 30.7999
1.18368e+07 -2.07987e+12 -1.84407e+12 1.73636e+10 -18.1576 9.05908 23.1982 2.77971e+12 30.8208
1.19232e+07 -2.07988e+12 -1.84407e+12 1.73646e+10 -18.1705 9.0645 23.2139 2.77971e+12 30.8418
1.20096e+07 -2.07988e+12 -1.84407e+12 1.73656e+10 -18.1835 9.06994 23.2295 2.77971e+12 30.8628
1.2096e+07 -2.07988e+12 -1.84407e+12 1.73666e+10 -18.1965 9.07538 23.2451 2.77971e+12 30.8839
1.21824e+07 -2.07988e+12 -1.84407e+12 1.73676e+10 -18.2096 9.08084 23.2608 2.77971e+12 30.905
1.22688e+07 -2.07988e+12 -1.84406e+12 1.73686e+10 -18.2226 9.0863 23.2765 2.77971e+12 30.9261
1.23552e+07 -2.07988e+12 -1.84406e+12 1.73696e+10 -18.2357 9.09177 23.2923 2.77971e+12 30.9472
1.24416e+07 -2.07988e+12 -1.84406e+12 1.73706e+10 -18.2488 9.09726 23.3081 2.77971e+12 30.9684
1.2528e+07 -2.07988e+12 -1.84406e+12 1.73716e+10 -18.2619 9.10275 23.3238 2.77971e+12 30.9897
1.26144e+07 -2.07988e+12 -1.84406e+12 1.73726e+10 -18.275 9.10825 23.3397 2.77971e+12 31.0109
1.27008e+07 -2.07988e+12 -1.84406e+12 1.73736e+10 -18.2882 9.11376 23.3555 2.77971e+12 31.0322
1.27872e+07 -2.07988e+12 -1.84406e+12 1.73746e+10 -18.3014 9.11928 23.3714 2.77971e+12 31.0536
1.28736e+07 -2.07988e+12 -1.84406e+12 1.73756e+10 -18.3146 9.12481 23.3873 2.77971e+12 31.0749
1.296e+07 -2.07989e+12 -1.84406e+12 1.73766e+10 -18.3278 9.13034 23.4032 2.77971e+12 31.0963
1.30464e+07 -2.07989e+12 -1.84406e+12 1.73777e+10 -18.3411 9.13589 23.4192 2.77971e+12 31.1178
1.31328e+07 -2.07989e+12 -1.84406e+12 1.73787e+10 -18.3543 9.14145 23.4351 2.77971e+12 31.1393
1.32192e+07 -2.07989e+12 -1.84406e+12 1.73797e+10 -18.3676 9.14701 23.4512 2.77971e+12 31.1608
1.33056e+07 -2.07989e+12 -1.84406e+12 1.73807e+10 -18.3809 9.15259 23.4672 2.77971e+12 31.1823
1.3392e+07 -2.07989e+12 -1.84406e+12 1.73817e+10 -18.3943 9.15818 23.4833 2.77971e+12 31.2039
1.34784e+07 -2.07989e+12 -1.84406e+12 1.73827e+10 -18.4076 9.16377 23.4993 2.77971e+12 31.2256
1.35648e+07 -2.07989e+12 -1.84406e+12 1.73837e+10 -18.421 9.16938 23.5155 2.77971e+12 31.2472
1.36512e+07 -2.07989e+12 -1.84406e+12 1.73847e+10 -18.4344 9.17499 23.5316 2.77971e+12 31.2689
1.37376e+07 -2.07989e+12 -1.84406e+12 1.73858e+10 -18.4479 9.18061 23.5478 2.77971e+12 31.2907
1.3824e+07 -2.07989e+12 -1.84406e+12 1.73868e+10 -18.4613 9.18625 23.564 2.77971e+12 31.3124
1.39104e+07 -2.07989e+12 -1.84406e+12 1.73878e+10 -18.4748 9.19189 23.5802 2.77971e+12 31.3343
1.39968e+07 -2.07989e+12 -1.84406e+12 1.73888e+10 -18.4883 9.19754 23.5965 2.77971e+12 31.3561
1.40832e+07 -2.0799e+12 -1.84406e+12 1.73898e+10 -18.5018 9.20321 23.6128 2.77971e+12 31.378
1.41696e+07 -2.0799e+12 -1.84406e+12 1.73909e+10 -18.5154 9.20888 23.6291 2.77971e+12 31.3999
1.4256e+07 -2.0799e+12 -1.84406e+12 1.73919e+10 -18.529 9.21456 23.6454 2.77972e+12 31.4219
1.43424e+07 -2.0799e+12 -1.84406e+12 1.73929e+10 -18.5426 9.22025 23.6618 2.77972e+12 31.4439
1.44288e+07 -2.0799e+12 -1.84405e+12 1.73939e+10 -18.5562 9.22596 23.6782 2.77972e+12 31.466
1.45152e+07 -2.0799e+12 -1.84405e+12 1.73949e+10 -18.5698 9.23167 23.6946 2.77972e+12 31.488
1.46016e+07 -2.0799e+12 -1.84405e+12 1.7396e+10 -18.5835 9.23739 23.7111 2.77972e+12 31.5102
1.4688e+07 -2.0799e+12 -1.84405e+12 1.7397e+10 -18.5972 9.24312 23.7276 2.77972e+12 31.5323
1.47744e+07 -2.0799e+12 -1.84405e+12 1.7398e+10 -18.6109 9.24886 23.7441 2.77972e+12 31.5545
1.48608e+07 -2.0799e+12 -1.84405e+12 1.7399e+10 -18.6246 9.25461 23.7606 2.77972e+12 31.5767
1.49472e+07 -2.0799e+12 -1.84405e+12 1.74001e+10 -18.6384 9.26038 23.7772 2.77972e+12 31.599
1.50336e+07 -2.0799e+12 -1.84405e+12 1.74011e+10 -18.6522 9.26615 23.7938 2.77972e+12 31.6213
1.512e+07 -2.07991e+12 -1.84405e+12 1.74021e+10 -18.666 9.27193 23.8104 2.77972e+12 31.6437
1.52064e+07 -2.07991e+12 -1.84405e+12 1.74031e+10 -18.6798 9.27772 23.8271 2.77972e+12 31.6661
1.52928e+07 -2.07991e+12 -1.84405e+12 1.74042e+10 -18.6937 9.28352 23.8438 2.77972e+12 31.6885
1.53792e+07 -2.07991e+12 -1.84405e+12 1.74052e+10 -18.7076 9.28934 23.8605 2.77972e+12 31.711
1.54656e+07 -2.07991e+12 -1.84405e+12 1.74062e+10 -18.7215 9.29516 23.8772 2.77972e+12 31.7335
1.5552e+07 -2.07991e+12 -1.84405e+12 1.74073e+10 -18.7354 9.30099 23.894 2.77972e+12 31.756
1.56384e+07 -2.07991e+12 -1.84405e+12 1.74083e+10 -18.7493 9.30683 23.9108 2.77972e+12 31.7786
1.57248e+07 -2.07991e+12 -1.84405e+12 1.74093e+10 -18.7633 9.31269 23.9276 2.77972e+12 31.8013
1.58112e+07 -2.07991e+12 -1.84405e+12 1.74104e+10 -18.7773 9.31855 23.9445 2.77972e+12 31.8239
1.58976e+07 -2.07991e+12 -1.84405e+12 1.74114e+10 -18.7914 9.32443 23.9614 2.77972e+12 31.8466
1.5984e+07 -2.07991e+12 -1.84405e+12 1.74124e+10 -18.8054 9.33031 23.9783 2.77972e+12 31.8694
1.60704e+07 -2.07991e+12 -1.84405e+12 1.74135e+10 -18.8195 9.3362 23.9953 2.77972e+12 31.8922
1.61568e+07 -2.07991e+12 -1.84405e+12 1.74145e+10 -18.8336 9.34211 24.0122 2.77972e+12 31.915
1.62432e+07 -2.07992e+12 -1.84405e+12 1.74155e+10 -18.8477 9.34802 24.0293 2.77972e+12 31.9379
1.63296e+07 -2.07992e+12 -1.84405e+12 1.74166e+10 -18.8619 9.35395 24.0463 2.77972e+12 31.9608
1.6416e+07 -2.07992e+12 -1.84405e+12 1.74176e+10 -18.8761 9.35989 24.0634 2.77972e+12 31.9837
1.65024e+07 -2.07992e+12 -1.84405e+12 1.74186e+10 -18.8903 9.36583 24.0805 2.77972e+12 32.0067
1.65888e+07 -2.07992e+12 -1.84404e+12 1.74197e+10 -18.9045 9.37179 24.0976 2.77972e+12 32.0298
1.66752e+07 -2.07992e+12 -1.84404e+12 1.74207e+10 -18.9188 9.37776 24.1148 2.77972e+12 32.0528
1.67616e+07 -2.07992e+12 -1.84404e+12 1.74218e+10 -18.933 9.38374 24.132 2.77973e+12 32.0759
1.6848e+07 -2.07992e+12 -1.84404e+12 1.74228e+10 -18.9473 9.38973 24.1492 2.77973e+12 32.0991
1.69344e+07 -2.07992e+12 -1.84404e+12 1.74239e+10 -18.9617 9.39573 24.1664 2.77973e+12 32.1223
1.70208e+07 -2.07992e+12 -1.84404e+12 1.74249e+10 -18.976 9.40174 24.1837 2.77973e+12 32.1455
1.71072e+07 -2.07992e+12 -1.84404e+12 1.74259e+10 -18.9904 9.40776 24.2011 2.77973e+12 32.1688
1.71936e+07 -2.07992e+12 -1.84404e+12 1.7427e+10 -19.0048 9.41379 24.2184 2.77973e+12 32.1921
1.728e+07 -2.07993e+12 -1.84404e+12 1.7428e+10 -19.0193 9.41984 24.2358 2.77973e+12 32.2155
1.73664e+07 -2.07993e+12 -1.84404e+12 1.74291e+10 -19.0337 9.42589 24.2532 2.77973e+12 32.2389
1.74528e+07 -2.07993e+12 -1.84404e+12 1.74301e+10 -19.0482 9.43196 24.2706 2.77973e+12 32.2624
1.75392e+07 -2.07993e+12 -1.84404e+12 1.74312e+10 -19.0627 9.43803 24.2881 2.77973e+12 32.2858
1.76256e+07 -2.07993e+12 -1.84404e+12 1.74322e+10 -19.0772 9.44412 24.3056 2.77973e+12 32.3094
1.7712e+07 -2.07993e+12 -1.84404e+12 1.74333e+10 -19.0918 9.45022 24.3232 2.77973e+12 32.333
1.77984e+07 -2.07993e+12 -1.84404e+12 1.74343e+10 -19.1064 9.45633 24.3407 2.77973e+12 32.3566
1.78848e+07 -2.07993e+12 -1.84404e+12 1.74354e+10 -19.121 9.46245 24.3583 2.77973e+12 32.3802
1.79712e+07 -2.07993e+12 -1.84404e+12 1.74364e+10 -19.1357 9.46858 24.376 2.77973e+12 32.4039
1.80576e+07 -2.07993e+12 -1.84404e+12 1.74375e+10 -19.1503 9.47472 24.3936 2.77973e+12 32.4277
1.8144e+07 -2.07993e+12 -1.84404e+12 1.74385e+10 -19.165 9.48087 24.4113 2.77973e+12 32.4515
1.82304e+07 -2.07993e+12 -1.84404e+12 1.74396e+10 -19.1798 9.48704 24.429 2.77973e+12 32.4753
1.83168e+07 -2.07994e+12 -1.84404e+12 1.74406e+10 -19.1945 9.49321 24.4468 2.77973e+12 32.4992
1.84032e+07 -2.07994e+12 -1.84404e+12 1.74417e+10 -19.2093 9.4994 24.4646 2.77973e+12 32.5231
1.84896e+07 -2.07994e+12 -1.84404e+12 1.74428e+10 -19.2241 9.5056 24.4824 2.77973e+12 32.5471
1.8576e+07 -2.07994e+12 -1.84404e+12 1.74438e+10 -19.2389 9.51181 24.5003 2.77973e+12 32.5711
1.86624e+07 -2.07994e+12 -1.84404e+12 1.74449e+10 -19.2538 9.51803 24.5182 2.77973e+12 32.5951
1.87488e+07 -2.07994e+12 -1.84403e+12 1.74459e+10 -19.2687 9.52426 24.5361 2.77973e+12 32.6192
1.88352e+07 -2.07994e+12 -1.84403e+12 1.7447e+10 -19.2836 9.5305 24.5541 2.77973e+12 32.6433
1.89216e+07 -2.07994e+12 -1.84403e+12 1.7448e+10 -19.2985 9.53676 24.572 2.77973e+12 32.6675
1.9008e+07 -2.07994e+12 -1.84403e+12 1.74491e+10 -19.3135 9.54302 24.5901 2.77973e+12 32.6918
1.90944e+07 -2.07994e+12 -1.84403e+12 1.74502e+10 -19.3285 9.5493 24.6081 2.77973e+12 32.716
1.91808e+07 -2.07994e+12 -1.84403e+12 1.74512e+10 -19.3435 9.55559 24.6262 2.77974e+12 32.7403
1.92672e+07 -2.07994e+12 -1.84403e+12 1.74523e+10 -19.3585 9.56189 24.6443 2.77974e+12 32.7647
1.93536e+07 -2.07995e+12 -1.84403e+12 1.74534e+10 -19.3736 9.56821 24.6625 2.77974e+12 32.7891
1.944e+07 -2.07995e+12 -1.84403e+12 1.74544e+10 -19.3887 9.57453 24.6807 2.77974e+12 32.8136
1.95264e+07 -2.07995e+12 -1.84403e+12 1.74555e+10 -19.4039 9.58087 24.6989 2.77974e+12 32.8381
1.96128e+07 -2.07995e+12 -1.84403e+12 1.74566e+10 -19.419 9.58721 24.7171 2.77974e+12 32.8626
1.96992e+07 -2.07995e+12 -1.84403e+12 1.74576e+10 -19.4342 9.59357 24.7354 2.77974e+12 32.8872
1.97856e+07 -2.07995e+12 -1.84403e+12 1.74587e+10 -19.4494 9.59994 24.7538 2.77974e+12 32.9118
1.9872e+07 -2.07995e+12 -1.84403e+12 1.74598e+10 -19.4647 9.60633 24.7721 2.77974e+12 32.9365
1.99584e+07 -2.07995e+12 -1.84403e+12 1.74608e+10 -19.4799 9.61272 24.7905 2.77974e+12 32.9612
2.00448e+07 -2.07995e+12 -1.84403e+12 1.74619e+10 -19.4952 9.61913 24.8089 2.77974e+12 32.986
2.01312e+07 -2.07995e+12 -1.84403e+12 1.7463e+10 -19.5106 9.62555 24.8274 2.77974e+12 33.0108
2.02176e+07 -2.07995e+12 -1.84403e+12 1.7464e+10 -19.5259 9.63198 24.8459 2.77974e+12 33.0357
2.0304e+07 -2.07995e+12 -1.84403e+12 1.74651e+10 -19.5413 9.63842 24.8644 2.77974e+12 33.0606
2.03904e+07 -2.07996e+12 -1.84403e+12 1.74662e+10 -19.5567 9.64487 24.883 2.77974e+12 33.0855
2.04768e+07 -2.07996e+12 -1.84403e+12 1.74673e+10 -19.5722 9.65134 24.9016 2.77974e+12 33.1105
2.05632e+07 -2.07996e+12 -1.84403e+12 1.74683e+10 -19.5877 9.65782 24.9202 2.77974e+12 33.1356
2.06496e+07 -2.07996e+12 -1.84403e+12 1.74694e+10 -19.6032 9.66431 24.9389 2.77974e+12 33.1607
2.0736e+07 -2.07996e+12 -1.84403e+12 1.74705e+10 -19.6187 9.67081 24.9576 2.77974e+12 33.1858
2.08224e+07 -2.07996e+12 -1.84402e+12 1.74716e+10 -19.6343 9.67733 24.9763 2.77974e+12 33.211
2.09088e+07 -2.07996e+12 -1.84402e+12 1.74726e+10 -19.6498 9.68386 24.9951 2.77974e+12 33.2362
2.09952e+07 -2.07996e+12 -1.84402e+12 1.74737e+10 -19.6655 9.69039 25.0139 2.77974e+12 33.2615
2.10816e+07 -2.07996e+12 -1.84402e+12 1.74748e+10 -19.6811 9.69695 25.0327 2.77974e+12 33.2869
2.1168e+07 -2.07996e+12 -1.84402e+12 1.74759e+10 -19.6968 9.70351 25.0516 2.77974e+12 33.3122
2.12544e+07 -2.07996e+12 -1.84402e+12 1.7477e+10 -19.7125 9.71009 25.0705 2.77974e+12 33.3377
2.13408e+07 -2.07996e+12 -1.84402e+12 1.7478e+10 -19.7282 9.71668 25.0895 2.77974e+12 33.3631
2.14272e+07 -2.07997e+12 -1.84402e+12 1.74791e+10 -19.744 9.72328 25.1085 2.77974e+12 33.3887
2.15136e+07 -2.07997e+12 -1.84402e+12 1.74802e+10 -19.7598 9.72989 25.1275 2.77974e+12 33.4142
2.16e+07 -2.07997e+12 -1.84402e+12 1.74813e+10 -19.7756 9.73652 25.1465 2.77975e+12 33.4398
2.16864e+07 -2.07997e+12 -1.84402e+12 1.74824e+10 -19.7915 9.74316 25.1656 2.77975e+12 33.4655
2.17728e+07 -2.07997e+12 -1.84402e+12 1.74835e+10 -19.8074 9.74981 25.1848 2.77975e+12 33.4912
2.18592e+07 -2.07997e+12 -1.84402e+12 1.74846e+10 -19.8233 9.75647 25.2039 2.77975e+12 33.517
2.19456e+07 -2.07997e+12 -1.84402e+12 1.74857e+10 -19.8392 9.76315 25.2231 2.77975e+12 33.5428
2.2032e+07 -2.07997e+12 -1.84402e+12 1.74867e+10 -19.8552 9.76984 25.2424 2.77975e+12 33.5687
2.21184e+07 -2.07997e+12 -1.84402e+12 1.74878e+10 -19.8712 9.77654 25.2616 2.77975e+12 33.5946
2.22048e+07 -2.07997e+12 -1.84402e+12 1.74889e+10 -19.8873 9.78326 25.281 2.77975e+12 33.6206
2.22912e+07 -2.07997e+12 -1.84402e+12 1.749e+10 -19.9033 9.78999 25.3003 2.77975e+12 33.6466
2.23776e+07 -2.07998e+12 -1.84402e+12 1.74911e+10 -19.9194 9.79673 25.3197 2.77975e+12 33.6726
2.2464e+07 -2.07998e+12 -1.84402e+12 1.74922e+10 -19.9356 9.80348 25.3391 2.77975e+12 33.6988
2.25504e+07 -2.07998e+12 -1.84402e+12 1.74933e+10 -19.9517 9.81025 25.3586 2.77975e+12 33.7249
2.26368e+07 -2.07998e+12 -1.84402e+12 1.74944e+10 -19.9679 9.81703 25.3781 2.77975e+12 33.7511
2.27232e+07 -2.07998e+12 -1.84402e+12 1.74955e+10 -19.9841 9.82382 25.3976 2.77975e+12 33.7774
2.28096e+07 -2.07998e+12 -1.84402e+12 1.74966e+10 -20.0004 9.83063 25.4172 2.77975e+12 33.8037
2.2896e+07 -2.07998e+12 -1.84401e+12 1.74977e+10 -20.0167 9.83745 25.4368 2.77975e+12 33.8301
2.29824e+07 -2.07998e+12 -1.84401e+12 1.74988e+10 -20.033 9.84428 25.4565 2.77975e+12 33.8565
2.30688e+07 -2.07998e+12 -1.84401e+12 1.74999e+10 -20.0494 9.85113 25.4761 2.77975e+12 33.883
2.31552e+07 -2.07998e+12 -1.84401e+12 1.7501e+10 -20.0657 9.85798 25.4959 2.77975e+12 33.9095
2.32416e+07 -2.07998e+12 -1.84401e+12 1.75021e+10 -20.0822 9.86486 25.5156 2.77975e+12 33.9361
2.3328e+07 -2.07998e+12 -1.84401e+12 1.75032e+10 -20.0986 9.87174 25.5354 2.77975e+12 33.9627
2.34144e+07 -2.07999e+12 -1.84401e+12 1.75043e+10 -20.1151 9.87864 25.5553 2.77975e+12 33.9893
2.35008e+07 -2.07999e+12 -1.84401e+12 1.75054e+10 -20.1316 9.88555 25.5752 2.77975e+12 34.0161
2.35872e+07 -2.07999e+12 -1.84401e+12 1.75065e+10 -20.1481 9.89248 25.5951 2.77975e+12 34.0429
2.36736e+07 -2.07999e+12 -1.84401e+12 1.75076e+10 -20.1647 9.89942 25.615 2.77975e+12 34.0697
2.376e+07 -2.07999e+12 -1.84401e+12 1.75087e+10 -20.1813 9.90637 25.635 2.77975e+12 34.0966
2.38464e+07 -2.07999e+12 -1.84401e+12 1.75098e+10 -20.1979 9.91334 25.6551 2.77975e+12 34.1235
2.39328e+07 -2.07999e+12 -1.84401e+12 1.75109e+10 -20.2146 9.92032 25.6751 2.77976e+12 34.1505
2.40192e+07 -2.07999e+12 -1.84401e+12 1.7512e+10 -20.2313 9.92731 25.6952 2.77976e+12 34.1775
2.41056e+07 -2.07999e+12 -1.84401e+12 1.75131e+10 -20.2481 9.93432 25.7154 2.77976e+12 34.2046
2.4192e+07 -2.07999e+12 -1.84401e+12 1.75142e+10 -20.2648 9.94134 25.7356 2.77976e+12 34.2318
2.42784e+07 -2.07999e+12 -1.84401e+12 1.75154e+10 -20.2816 9.94837 25.7558 2.77976e+12 34.259
2.43648e+07 -2.08e+12 -1.84401e+12 1.75165e+10 -20.2985 9.95542 25.7761 2.77976e+12 34.2862
2.44512e+07 -2.08e+12 -1.84401e+12 1.75176e+10 -20.3153 9.96248 25.7964 2.77976e+12 34.3135
2.45376e+07 -2.08e+12 -1.84401e+12 1.75187e+10 -20.3322 9.96956 25.8168 2.77976e+12 34.3409
2.4624e+07 -2.08e+12 -1.84401e+12 1.75198e+10 -20.3492 9.97665 25.8371 2.77976e+12 34.3683
2.47104e+07 -2.08e+12 -1.84401e+12 1.75209e+10 -20.3661 9.98376 25.8576 2.77976e+12 34.3958
2.47968e+07 -2.08e+12 -1.84401e+12 1.7522e+10 -20.3831 9.99087 25.878 2.77976e+12 34.4233
2.48832e+07 -2.08e+12 -1.844e+12 1.75232e+10 -20.4002 9.99801 25.8986 2.77976e+12 34.4509
2.49696e+07 -2.08e+12 -1.844e+12 1.75243e+10 -20.4172 10.0052 25.9191 2.77976e+12 34.4785
2.5056e+07 -2.08e+12 -1.844e+12 1.75254e+10 -20.4343 10.0123 25.9397 2.77976e+12 34.5062
2.51424e+07 -2.08e+12 -1.844e+12 1.75265e+10 -20.4515 10.0195 25.9603 2.77976e+12 34.5339
2.52288e+07 -2.08e+12 -1.844e+12 1.75276e+10 -20.4687 10.0267 25.981 2.77976e+12 34.5617
2.53152e+07 -2.08e+12 -1.844e+12 1.75288e+10 -20.4859 10.0339 26.0017 2.77976e+12 34.5896
2.54016e+07 -2.08001e+12 -1.844e+12 1.75299e+10 -20.5031 10.0411 26.0225 2.77976e+12 34.6175
2.5488e+07 -2.08001e+12 -1.844e+12 1.7531e+10 -20.5204 10.0483 26.0433 2.77976e+12 34.6455
2.55744e+07 -2.08001e+12 -1.844e+12 1.75321e+10 -20.5377 10.0556 26.0641 2.77976e+12 34.6735
2.56608e+07 -2.08001e+12 -1.844e+12 1.75333e+10 -20.555 10.0628 26.085 2.77976e+12 34.7016
2.57472e+07 -2.08001e+12 -1.844e+12 1.75344e+10 -20.5724 10.0701 26.106 2.77976e+12 34.7297
2.58336e+07 -2.08001e+12 -1.844e+12 1.75355e+10 -20.5898 10.0774 26.1269 2.77976e+12 34.7579
2.592e+07 -2.08001e+12 -1.844e+12 1.75366e+10 -20.6073 10.0847 26.1479 2.77976e+12 34.7861
2.60064e+07 -2.08001e+12 -1.844e+12 1.75378e+10 -20.6247 10.092 26.169 2.77976e+12 34.8144
2.60928e+07 -2.08001e+12 -1.844e+12 1.75389e+10 -20.6423 10.0994 26.1901 2.77976e+12 34.8428
2.61792e+07 -2.08001e+12 -1.844e+12 1.754e+10 -20.6598 10.1067 26.2112 2.77977e+12 34.8712
2.62656e+07 -2.08001e+12 -1.844e+12 1.75412e+10 -20.6774 10.1141 26.2324 2.77977e+12 34.8997
2.6352e+07 -2.08002e+12 -1.844e+12 1.75423e+10 -20.695 10.1215 26.2536 2.77977e+12 34.9282
2.64384e+07 -2.08002e+12 -1.844e+12 1.75434e+10 -20.7127 10.1289 26.2749 2.77977e+12 34.9568
2.65248e+07 -2.08002e+12 -1.844e+12 1.75446e+10 -20.7304 10.1363 26.2962 2.77977e+12 34.9855
2.66112e+07 -2.08002e+12 -1.844e+12 1.75457e+10 -20.7481 10.1437 26.3175 2.77977e+12 35.0142
2.66976e+07 -2.08002e+12 -1.844e+12 1.75468e+10 -20.7659 10.1511 26.3389 2.77977e+12 35.0429
2.6784e+07 -2.08002e+12 -1.844e+12 1.7548e+10 -20.7837 10.1586 26.3604 2.77977e+12 35.0718
2.68704e+07 -2.08002e+12 -1.84399e+12 1.75491e+10 -20.8015 10.1661 26.3819 2.77977e+12 35.1006
2.69568e+07 -2.08002e+12 -1.84399e+12 1.75502e+10 -20.8194 10.1735 26.4034 2.77977e+12 35.1296
2.70432e+07 -2.08002e+12 -1.84399e+12 1.75514e+10 -20.8373 10.181 26.4249 2.77977e+12 35.1586
2.71296e+07 -2.08002e+12 -1.84399e+12 1.75525e+10 -20.8553 10.1886 26.4466 2.77977e+12 35.1876
2.7216e+07 -2.08002e+12 -1.84399e+12 1.75537e+10 -20.8733 10.1961 26.4682 2.77977e+12 35.2168
2.73024e+07 -2.08003e+12 -1.84399e+12 1.75548e+10 -20.8913 10.2036 26.4899 2.77977e+12 35.2459
2.73888e+07 -2.08003e+12 -1.84399e+12 1.7556e+10 -20.9093 10.2112 26.5117 2.77977e+12 35.2752
2.74752e+07 -2.08003e+12 -1.84399e+12 1.75571e+10 -20.9274 10.2188 26.5335 2.77977e+12 35.3045
2.75616e+07 -2.08003e+12 -1.84399e+12 1.75582e+10 -20.9456 10.2264 26.5553 2.77977e+12 35.3338
2.7648e+07 -2.08003e+12 -1.84399e+12 1.75594e+10 -20.9638 10.234 26.5772 2.77977e+12 35.3633
2.77344e+07 -2.08003e+12 -1.84399e+12 1.75605e+10 -20.982 10.2416 26.5991 2.77977e+12 35.3927
2.78208e+07 -2.08003e+12 -1.84399e+12 1.75617e+10 -21.0002 10.2492 26.6211 2.77977e+12 35.4223
2.79072e+07 -2.08003e+12 -1.84399e+12 1.75628e+10 -21.0185 10.2569 26.6431 2.77977e+12 35.4519
2.79936e+07 -2.08003e+12 -1.84399e+12 1.7564e+10 -21.0368 10.2646 26.6652 2.77977e+12 35.4815
2.808e+07 -2.08003e+12 -1.84399e+12 1.75651e+10 -21.0552 10.2723 26.6873 2.77977e+12 35.5113
2.81664e+07 -2.08003e+12 -1.84399e+12 1.75663e+10 -21.0736 10.28 26.7094 2.77977e+12 35.5411
2.82528e+07 -2.08004e+12 -1.84399e+12 1.75674e+10 -21.092 10.2877 26.7316 2.77977e+12 35.5709
2.83392e+07 -2.08004e+12 -1.84399e+12 1.75686e+10 -21.1105 10.2954 26.7539 2.77977e+12 35.6008
2.84256e+07 -2.08004e+12 -1.84399e+12 1.75698e+10 -21.129 10.3032 26.7762 2.77978e+12 35.6308
2.8512e+07 -2.08004e+12 -1.84399e+12 1.75709e+10 -21.1476 10.3109 26.7985 2.77978e+12 35.6608
2.85984e+07 -2.08004e+12 -1.84399e+12 1.75721e+10 -21.1662 10.3187 26.8209 2.77978e+12 35.6909
2.86848e+07 -2.08004e+12 -1.84399e+12 1.75732e+10 -21.1848 10.3265 26.8433 2.77978e+12 35.7211
2.87712e+07 -2.08004e+12 -1.84399e+12 1.75744e+10 -21.2035 10.3343 26.8658 2.77978e+12 35.7513
2.88576e+07 -2.08004e+12 -1.84398e+12 1.75755e+10 -21.2222 10.3422 26.8883 2.77978e+12 35.7816
2.8944e+07 -2.08004e+12 -1.84398e+12 1.75767e+10 -21.2409 10.35 26.9109 2.77978e+12 35.8119
2.90304e+07 -2.08004e+12 -1.84398e+12 1.75779e+10 -21.2597 10.3579 26.9335 2.77978e+12 35.8424
2.91168e+07 -2.08004e+12 -1.84398e+12 1.7579e+10 -21.2785 10.3658 26.9562 2.77978e+12 35.8728
2.92032e+07 -2.08005e+12 -1.84398e+12 1.75802e+10 -21.2974 10.3737 26.9789 2.77978e+12 35.9034
2.92896e+07 -2.08005e+12 -1.84398e+12 1.75814e+10 -21.3163 10.3816 27.0017 2.77978e+12 35.934
2.9376e+07 -2.08005e+12 -1.84398e+12 1.75825e+10 -21.3352 10.3895 27.0245 2.77978e+12 35.9647
2.94624e+07 -2.08005e+12 -1.84398e+12 1.75837e+10 -21.3542 10.3975 27.0474 2.77978e+12 35.9954
2.95488e+07 -2.08005e+12 -1.84398e+12 1.75849e+10 -21.3732 10.4054 27.0703 2.77978e+12 36.0262
2.96352e+07 -2.08005e+12 -1.84398e+12 1.7586e+10 -21.3923 10.4134 27.0932 2.77978e+12 36.0571
2.97216e+07 -2.08005e+12 -1.84398e+12 1.75872e+10 -21.4114 10.4214 27.1162 2.77978e+12 36.088
2.9808e+07 -2.08005e+12 -1.84398e+12 1.75884e+10 -21.4306 10.4294 27.1393 2.77978e+12 36.119
2.98944e+07 -2.08005e+12 -1.84398e+12 1.75895e+10 -21.4498 10.4375 27.1624 2.77978e+12 36.1501
2.99808e+07 -2.08005e+12 -1.84398e+12 1.75907e+10 -21.469 10.4455 27.1855 2.77978e+12 36.1812
3.00672e+07 -2.08005e+12 -1.84398e+12 1.75919e+10 -21.4883 10.4536 27.2087 2.77978e+12 36.2124
3.01536e+07 -2.08006e+12 -1.84398e+12 1.75931e+10 -21.5076 10.4617 27.232 2.77978e+12 36.2437
3.024e+07 -2.08006e+12 -1.84398e+12 1.75942e+10 -21.5269 10.4698 27.2553 2.77978e+12 36.275
3.03264e+07 -2.08006e+12 -1.84398e+12 1.75954e+10 -21.5463 10.4779 27.2787 2.77978e+12 36.3064
3.04128e+07 -2.08006e+12 -1.84398e+12 1.75966e+10 -21.5657 10.486 27.3021 2.77978e+12 36.3379
3.04992e+07 -2.08006e+12 -1.84398e+12 1.75978e+10 -21.5852 10.4942 27.3255 2.77978e+12 36.3694
3.05856e+07 -2.08006e+12 -1.84398e+12 1.7599e+10 -21.6047 10.5023 27.349 2.77979e+12 36.401
3.0672e+07 -2.08006e+12 -1.84398e+12 1.76001e+10 -21.6243 10.5105 27.3726 2.77979e+12 36.4327
3.07584e+07 -2.08006e+12 -1.84397e+12 1.76013e+10 -21.6439 10.5187 27.3962 2.77979e+12 36.4644
3.08448e+07 -2.08006e+12 -1.84397e+12 1.76025e+10 -21.6636 10.527 27.4198 2.77979e+12 36.4962
3.09312e+07 -2.08006e+12 -1.84397e+12 1.76037e+10 -21.6832 10.5352 27.4435 2.77979e+12 36.5281
3.10176e+07 -2.08006e+12 -1.84397e+12 1.76049e+10 -21.703 10.5435 27.4673 2.77979e+12 36.56
3.1104e+07 -2.08007e+12 -1.84397e+12 1.76061e+10 -21.7227 10.5518 27.4911 2.77979e+12 36.592
3.11904e+07 -2.08007e+12 -1.84397e+12 1.76072e+10 -21.7426 10.5601 27.515 2.77979e+12 36.6241
3.12768e+07 -2.08007e+12 -1.84397e+12 1.76084e+10 -21.7624 10.5684 27.5389 2.77979e+12 36.6563
3.13632e+07 -2.08007e+12 -1.84397e+12 1.76096e+10 -21.7823 10.5767 27.5628 2.77979e+12 36.6885
3.14496e+07 -2.08007e+12 -1.84397e+12 1.76108e+10 -21.8023 10.5851 27.5869 2.77979e+12 36.7208
