0 -1.06583e+12 8.643e+11 2.6846e+10 -10182.5 -3567.04 -1305.73 1.37249e+12 10868
86400 -1.06677e+12 8.63928e+11 2.67706e+10 -11496.1 -5072.65 -401.124 1.37299e+12 12571.9
172800 -1.06682e+12 8.63852e+11 2.68134e+10 -1023.88 -1817.8 1025.28 1.37297e+12 2324.64
259200 -1.06687e+12 8.63761e+11 2.68648e+10 -1189.44 -2172.89 1237.37 1.37296e+12 2768.98
345600 -1.06693e+12 8.63648e+11 2.69296e+10 -1521.8 -2776.82 1581.96 1.37293e+12 3539.67
432000 -1.06702e+12 8.63488e+11 2.70207e+10 -2230.69 -4081.77 2325.58 1.3729e+12 5200.5
518400 -1.06719e+12 8.63162e+11 2.72063e+10 -5955.2 -10973.4 6250.96 1.37284e+12 13962.6
604800 -1.07623e+12 8.46532e+11 3.6683e+10 -139368 -256550 146193 1.36975e+12 326517
691200 -1.07626e+12 8.46465e+11 3.67207e+10 -410.117 -767.566 435.077 1.36974e+12 972.957
777600 -1.07626e+12 8.46465e+11 3.67207e+10 6.74388 -0.242668 -2.18379 1.36974e+12 7.09279
864000 -1.07626e+12 8.46465e+11 3.67205e+10 7.99452 2.05941 -3.49563 1.36974e+12 8.9651
950400 -1.07626e+12 8.46465e+11 3.67204e+10 7.99837 2.06649 -3.49967 1.36974e+12 8.97174
1.0368e+06 -1.07626e+12 8.46465e+11 3.67202e+10 7.99848 2.06669 -3.49979 1.36974e+12 8.97193
1.1232e+06 -1.07626e+12 8.46466e+11 3.67201e+10 7.99858 2.06687 -3.49989 1.36974e+12 8.9721
1.2096e+06 -1.07626e+12 8.46466e+11 3.67199e+10 7.99868 2.06705 -3.49999 1.36974e+12 8.97227
1.296e+06 -1.07626e+12 8.46466e+11 3.67198e+10 7.99878 2.06723 -3.50009 1.36974e+12 8.97243
1.3824e+06 -1.07626e+12 8.46466e+11 3.67196e+10 7.99888 2.06741 -3.5002 1.36974e+12 8.9726
1.4688e+06 -1.07626e+12 8.46466e+11 3.67195e+10 7.99898 2.06759 -3.5003 1.36974e+12 8.97277
1.5552e+06 -1.07626e+12 8.46466e+11 3.67193e+10 7.99908 2.06777 -3.5004 1.36974e+12 8.97294
1.6416e+06 -1.07626e+12 8.46466e+11 3.67192e+10 7.99917 2.06795 -3.5005 1.36974e+12 8.97311
1.728e+06 -1.07626e+12 8.46466e+11 3.6719e+10 7.99927 2.06813 -3.50061 1.36974e+12 8.97328
1.8144e+06 -1.07626e+12 8.46466e+11 3.67189e+10 7.99937 2.06831 -3.50071 1.36974e+12 8.97345
1.9008e+06 -1.07626e+12 8.46466e+11 3.67187e+10 7.99947 2.06849 -3.50081 1.36974e+12 8.97362
1.9872e+06 -1.07626e+12 8.46466e+11 3.67186e+10 7.99957 2.06867 -3.50092 1.36974e+12 8.97379
2.0736e+06 -1.07626e+12 8.46467e+11 3.67184e+10 7.99967 2.06885 -3.50102 1.36974e+12 8.97396
2.16e+06 -1.07626e+12 8.46467e+11 3.67183e+10 7.99977 2.06903 -3.50112 1.36974e+12 8.97413
2.2464e+06 -1.07626e+12 8.46467e+11 3.67181e+10 7.99987 2.06921 -3.50122 1.36974e+12 8.9743
2.3328e+06 -1.07626e+12 8.46467e+11 3.6718e+10 7.99997 2.06939 -3.50133 1.36974e+12 8.97447
2.4192e+06 -1.07626e+12 8.46467e+11 3.67178e+10 8.00006 2.06957 -3.50143 1.36974e+12 8.97464
2.5056e+06 -1.07626e+12 8.46467e+11 3.67177e+10 8.00016 2.06975 -3.50153 1.36974e+12 8.97481
2.592e+06 -1.07626e+12 8.46467e+11 3.67175e+10 8.00026 2.06993 -3.50163 1.36974e+12 8.97498
2.6784e+06 -1.07626e+12 8.46467e+11 3.67174e+10 8.00036 2.07011 -3.50174 1.36974e+12 8.97515
2.7648e+06 -1.07625e+12 8.46467e+11 3.67172e+10 8.00046 2.07028 -3.50184 1.36974e+12 8.97532
2.8512e+06 -1.07625e+12 8.46467e+11 3.67171e+10 8.00056 2.07046 -3.50194 1.36974e+12 8.97549
2.9376e+06 -1.07625e+12 8.46467e+11 3.67169e+10 8.00066 2.07064 -3.50205 1.36974e+12 8.97566
3.024e+06 -1.07625e+12 8.46468e+11 3.67168e+10 8.00076 2.07082 -3.50215 1.36974e+12 8.97583
3.1104e+06 -1.07625e+12 8.46468e+11 3.67166e+10 8.00085 2.071 -3.50225 1.36974e+12 8.976
3.1968e+06 -1.07625e+12 8.46468e+11 3.67165e+10 8.00095 2.07118 -3.50235 1.36974e+12 8.97617
3.2832e+06 -1.07625e+12 8.46468e+11 3.67163e+10 8.00105 2.07136 -3.50246 1.36974e+12 8.97634
3.3696e+06 -1.07625e+12 8.46468e+11 3.67161e+10 8.00115 2.07154 -3.50256 1.36974e+12 8.97651
3.456e+06 -1.07625e+12 8.46468e+11 3.6716e+10 8.00125 2.07172 -3.50266 1.36974e+12 8.97667
3.5424e+06 -1.07625e+12 8.46468e+11 3.67158e+10 8.00135 2.0719 -3.50277 1.36973e+12 8.97684
3.6288e+06 -1.07625e+12 8.46468e+11 3.67157e+10 8.00145 2.07208 -3.50287 1.36973e+12 8.97701
3.7152e+06 -1.07625e+12 8.46468e+11 3.67155e+10 8.00155 2.07226 -3.50297 1.36973e+12 8.97718
3.8016e+06 -1.07625e+12 8.46468e+11 3.67154e+10 8.00165 2.07244 -3.50307 1.36973e+12 8.97735
3.888e+06 -1.07625e+12 8.46468e+11 3.67152e+10 8.00175 2.07262 -3.50318 1.36973e+12 8.97752
3.9744e+06 -1.07625e+12 8.46469e+11 3.67151e+10 8.00184 2.0728 -3.50328 1.36973e+12 8.97769
4.0608e+06 -1.07625e+12 8.46469e+11 3.67149e+10 8.00194 2.07298 -3.50338 1.36973e+12 8.97786
4.1472e+06 -1.07625e+12 8.46469e+11 3.67148e+10 8.00204 2.07316 -3.50349 1.36973e+12 8.97803
4.2336e+06 -1.07625e+12 8.46469e+11 3.67146e+10 8.00214 2.07334 -3.50359 1.36973e+12 8.9782
4.32e+06 -1.07625e+12 8.46469e+11 3.67145e+10 8.00224 2.07352 -3.50369 1.36973e+12 8.97837
4.4064e+06 -1.07625e+12 8.46469e+11 3.67143e+10 8.00234 2.0737 -3.50379 1.36973e+12 8.97854
4.4928e+06 -1.07625e+12 8.46469e+11 3.67142e+10 8.00244 2.07388 -3.5039 1.36973e+12 8.97871
4.5792e+06 -1.07625e+12 8.46469e+11 3.6714e+10 8.00254 2.07406 -3.504 1.36973e+12 8.97888
4.6656e+06 -1.07625e+12 8.46469e+11 3.67139e+10 8.00264 2.07424 -3.5041 1.36973e+12 8.97905
4.752e+06 -1.07625e+12 8.46469e+11 3.67137e+10 8.00274 2.07442 -3.50421 1.36973e+12 8.97922
4.8384e+06 -1.07625e+12 8.46469e+11 3.67136e+10 8.00283 2.0746 -3.50431 1.36973e+12 8.97939
4.9248e+06 -1.07625e+12 8.46469e+11 3.67134e+10 8.00293 2.07478 -3.50441 1.36973e+12 8.97956
5.0112e+06 -1.07625e+12 8.4647e+11 3.67133e+10 8.00303 2.07496 -3.50452 1.36973e+12 8.97973
5.0976e+06 -1.07625e+12 8.4647e+11 3.67131e+10 8.00313 2.07514 -3.50462 1.36973e+12 8.9799
5.184e+06 -1.07625e+12 8.4647e+11 3.6713e+10 8.00323 2.07532 -3.50472 1.36973e+12 8.98007
5.2704e+06 -1.07624e+12 8.4647e+11 3.67128e+10 8.00333 2.0755 -3.50482 1.36973e+12 8.98024
5.3568e+06 -1.07624e+12 8.4647e+11 3.67127e+10 8.00343 2.07568 -3.50493 1.36973e+12 8.98041
5.4432e+06 -1.07624e+12 8.4647e+11 3.67125e+10 8.00353 2.07586 -3.50503 1.36973e+12 8.98058
5.5296e+06 -1.07624e+12 8.4647e+11 3.67124e+10 8.00363 2.07604 -3.50513 1.36973e+12 8.98075
5.616e+06 -1.07624e+12 8.4647e+11 3.67122e+10 8.00373 2.07622 -3.50524 1.36973e+12 8.98093
5.7024e+06 -1.07624e+12 8.4647e+11 3.67121e+10 8.00383 2.0764 -3.50534 1.36973e+12 8.9811
5.7888e+06 -1.07624e+12 8.4647e+11 3.67119e+10 8.00393 2.07658 -3.50544 1.36973e+12 8.98127
5.8752e+06 -1.07624e+12 8.4647e+11 3.67118e+10 8.00402 2.07676 -3.50555 1.36973e+12 8.98144
5.9616e+06 -1.07624e+12 8.46471e+11 3.67116e+10 8.00412 2.07694 -3.50565 1.36973e+12 8.98161
6.048e+06 -1.07624e+12 8.46471e+11 3.67115e+10 8.00422 2.07712 -3.50575 1.36973e+12 8.98178
6.1344e+06 -1.07624e+12 8.46471e+11 3.67113e+10 8.00432 2.0773 -3.50586 1.36973e+12 8.98195
6.2208e+06 -1.07624e+12 8.46471e+11 3.67112e+10 8.00442 2.07748 -3.50596 1.36973e+12 8.98212
6.3072e+06 -1.07624e+12 8.46471e+11 3.6711e+10 8.00452 2.07766 -3.50606 1.36973e+12 8.98229
6.3936e+06 -1.07624e+12 8.46471e+11 3.67109e+10 8.00462 2.07784 -3.50616 1.36973e+12 8.98246
6.48e+06 -1.07624e+12 8.46471e+11 3.67107e+10 8.00472 2.07802 -3.50627 1.36973e+12 8.98263
6.5664e+06 -1.07624e+12 8.46471e+11 3.67106e+10 8.00482 2.0782 -3.50637 1.36973e+12 8.9828
6.6528e+06 -1.07624e+12 8.46471e+11 3.67104e+10 8.00492 2.07838 -3.50647 1.36973e+12 8.98297
6.7392e+06 -1.07624e+12 8.46471e+11 3.67103e+10 8.00502 2.07856 -3.50658 1.36973e+12 8.98314
6.8256e+06 -1.07624e+12 8.46471e+11 3.67101e+10 8.00512 2.07874 -3.50668 1.36973e+12 8.98331
6.912e+06 -1.07624e+12 8.46472e+11 3.67099e+10 8.00521 2.07892 -3.50678 1.36973e+12 8.98348
6.9984e+06 -1.07624e+12 8.46472e+11 3.67098e+10 8.00531 2.0791 -3.50689 1.36973e+12 8.98365
7.0848e+06 -1.07624e+12 8.46472e+11 3.67096e+10 8.00541 2.07928 -3.50699 1.36973e+12 8.98382
7.1712e+06 -1.07624e+12 8.46472e+11 3.67095e+10 8.00551 2.07946 -3.50709 1.36973e+12 8.98399
7.2576e+06 -1.07624e+12 8.46472e+11 3.67093e+10 8.00561 2.07964 -3.5072 1.36973e+12 8.98416
7.344e+06 -1.07624e+12 8.46472e+11 3.67092e+10 8.00571 2.07982 -3.5073 1.36973e+12 8.98433
7.4304e+06 -1.07624e+12 8.46472e+11 3.6709e+10 8.00581 2.08001 -3.5074 1.36973e+12 8.9845
7.5168e+06 -1.07624e+12 8.46472e+11 3.67089e+10 8.00591 2.08019 -3.50751 1.36972e+12 8.98467
7.6032e+06 -1.07624e+12 8.46472e+11 3.67087e+10 8.00601 2.08037 -3.50761 1.36972e+12 8.98484
7.6896e+06 -1.07624e+12 8.46472e+11 3.67086e+10 8.00611 2.08055 -3.50771 1.36972e+12 8.98501
7.776e+06 -1.07623e+12 8.46472e+11 3.67084e+10 8.00621 2.08073 -3.50782 1.36972e+12 8.98519
7.8624e+06 -1.07623e+12 8.46473e+11 3.67083e+10 8.00631 2.08091 -3.50792 1.36972e+12 8.98536
7.9488e+06 -1.07623e+12 8.46473e+11 3.67081e+10 8.00641 2.08109 -3.50802 1.36972e+12 8.98553
8.0352e+06 -1.07623e+12 8.46473e+11 3.6708e+10 8.00651 2.08127 -3.50813 1.36972e+12 8.9857
8.1216e+06 -1.07623e+12 8.46473e+11 3.67078e+10 8.0066 2.08145 -3.50823 1.36972e+12 8.98587
8.208e+06 -1.07623e+12 8.46473e+11 3.67077e+10 8.0067 2.08163 -3.50833 1.36972e+12 8.98604
8.2944e+06 -1.07623e+12 8.46473e+11 3.67075e+10 8.0068 2.08181 -3.50844 1.36972e+12 8.98621
8.3808e+06 -1.07623e+12 8.46473e+11 3.67074e+10 8.0069 2.08199 -3.50854 1.36972e+12 8.98638
8.4672e+06 -1.07623e+12 8.46473e+11 3.67072e+10 8.007 2.08217 -3.50864 1.36972e+12 8.98655
8.5536e+06 -1.07623e+12 8.46473e+11 3.67071e+10 8.0071 2.08235 -3.50875 1.36972e+12 8.98672
8.64e+06 -1.07623e+12 8.46473e+11 3.67069e+10 8.0072 2.08253 -3.50885 1.36972e+12 8.98689
8.7264e+06 -1.07623e+12 8.46473e+11 3.67068e+10 8.0073 2.08271 -3.50895 1.36972e+12 8.98706
8.8128e+06 -1.07623e+12 8.46474e+11 3.67066e+10 8.0074 2.08289 -3.50906 1.36972e+12 8.98723
8.8992e+06 -1.07623e+12 8.46474e+11 3.67065e+10 8.0075 2.08307 -3.50916 1.36972e+12 8.9874
8.9856e+06 -1.07623e+12 8.46474e+11 3.67063e+10 8.0076 2.08325 -3.50926 1.36972e+12 8.98758
9.072e+06 -1.07623e+12 8.46474e+11 3.67062e+10 8.0077 2.08343 -3.50937 1.36972e+12 8.98775
9.1584e+06 -1.07623e+12 8.46474e+11 3.6706e+10 8.0078 2.08362 -3.50947 1.36972e+12 8.98792
9.2448e+06 -1.07623e+12 8.46474e+11 3.67059e+10 8.0079 2.0838 -3.50957 1.36972e+12 8.98809
9.3312e+06 -1.07623e+12 8.46474e+11 3.67057e+10 8.008 2.08398 -3.50968 1.36972e+12 8.98826
9.4176e+06 -1.07623e+12 8.46474e+11 3.67056e+10 8.0081 2.08416 -3.50978 1.36972e+12 8.98843
9.504e+06 -1.07623e+12 8.46474e+11 3.67054e+10 8.0082 2.08434 -3.50988 1.36972e+12 8.9886
9.5904e+06 -1.07623e+12 8.46474e+11 3.67053e+10 8.00829 2.08452 -3.50999 1.36972e+12 8.98877
9.6768e+06 -1.07623e+12 8.46474e+11 3.67051e+10 8.00839 2.0847 -3.51009 1.36972e+12 8.98894
9.7632e+06 -1.07623e+12 8.46475e+11 3.6705e+10 8.00849 2.08488 -3.51019 1.36972e+12 8.98911
9.8496e+06 -1.07623e+12 8.46475e+11 3.67048e+10 8.00859 2.08506 -3.5103 1.36972e+12 8.98928
9.936e+06 -1.07623e+12 8.46475e+11 3.67046e+10 8.00869 2.08524 -3.5104 1.36972e+12 8.98945
1.00224e+07 -1.07623e+12 8.46475e+11 3.67045e+10 8.00879 2.08542 -3.5105 1.36972e+12 8.98963
1.01088e+07 -1.07623e+12 8.46475e+11 3.67043e+10 8.00883 2.08565 -3.51069 1.36972e+12 8.98979
1.01952e+07 -1.07623e+12 8.46475e+11 3.67042e+10 8.00862 2.08573 -3.5109 1.36972e+12 8.9897
1.02816e+07 -1.07622e+12 8.46475e+11 3.6704e+10 8.00872 2.08591 -3.51101 1.36972e+12 8.98987
1.0368e+07 -1.07622e+12 8.46475e+11 3.67039e+10 8.00881 2.08609 -3.51111 1.36972e+12 8.99004
1.04544e+07 -1.07622e+12 8.46475e+11 3.67037e+10 8.00891 2.08627 -3.51121 1.36972e+12 8.99021
1.05408e+07 -1.07622e+12 8.46475e+11 3.67036e+10 8.00901 2.08646 -3.51132 1.36972e+12 8.99038
1.06272e+07 -1.07622e+12 8.46475e+11 3.67034e+10 8.00911 2.08664 -3.51142 1.36972e+12 8.99055
1.07136e+07 -1.07622e+12 8.46476e+11 3.67033e+10 8.00921 2.08682 -3.51152 1.36972e+12 8.99072
1.08e+07 -1.07622e+12 8.46476e+11 3.67031e+10 8.00931 2.087 -3.51163 1.36972e+12 8.99089
1.08864e+07 -1.07622e+12 8.46476e+11 3.6703e+10 8.00941 2.08718 -3.51173 1.36972e+12 8.99106
1.09728e+07 -1.07622e+12 8.46476e+11 3.67028e+10 8.00951 2.08736 -3.51183 1.36972e+12 8.99124
1.10592e+07 -1.07622e+12 8.46476e+11 3.67027e+10 8.00961 2.08754 -3.51194 1.36972e+12 8.99141
1.11456e+07 -1.07622e+12 8.46476e+11 3.67025e+10 8.00971 2.08772 -3.51204 1.36972e+12 8.99158
1.1232e+07 -1.07622e+12 8.46476e+11 3.67024e+10 8.00981 2.0879 -3.51214 1.36972e+12 8.99175
1.13184e+07 -1.07622e+12 8.46476e+11 3.67022e+10 8.00991 2.08808 -3.51225 1.36972e+12 8.99192
1.14048e+07 -1.07622e+12 8.46476e+11 3.67021e+10 8.01001 2.08827 -3.51235 1.36971e+12 8.99209
1.14912e+07 -1.07622e+12 8.46476e+11 3.67019e+10 8.01011 2.08845 -3.51245 1.36971e+12 8.99226
1.15776e+07 -1.07622e+12 8.46476e+11 3.67018e+10 8.01021 2.08863 -3.51256 1.36971e+12 8.99243
1.1664e+07 -1.07622e+12 8.46477e+11 3.67016e+10 8.01031 2.08881 -3.51266 1.36971e+12 8.99261
1.17504e+07 -1.07622e+12 8.46477e+11 3.67015e+10 8.01041 2.08899 -3.51277 1.36971e+12 8.99278
1.18368e+07 -1.07622e+12 8.46477e+11 3.67013e+10 8.01051 2.08917 -3.51287 1.36971e+12 8.99295
1.19232e+07 -1.07622e+12 8.46477e+11 3.67012e+10 8.01061 2.08935 -3.51297 1.36971e+12 8.99312
1.20096e+07 -1.07622e+12 8.46477e+11 3.6701e+10 8.01071 2.08953 -3.51308 1.36971e+12 8.99329
1.2096e+07 -1.07622e+12 8.46477e+11 3.67009e+10 8.01081 2.08971 -3.51318 1.36971e+12 8.99346
1.21824e+07 -1.07622e+12 8.46477e+11 3.67007e+10 8.01091 2.0899 -3.51328 1.36971e+12 8.99363
1.22688e+07 -1.07622e+12 8.46477e+11 3.67006e+10 8.01101 2.09008 -3.51339 1.36971e+12 8.99381
1.23552e+07 -1.07622e+12 8.46477e+11 3.67004e+10 8.01111 2.09026 -3.51349 1.36971e+12 8.99398
1.24416e+07 -1.07622e+12 8.46477e+11 3.67003e+10 8.01121 2.09044 -3.5136 1.36971e+12 8.99415
1.2528e+07 -1.07622e+12 8.46477e+11 3.67001e+10 8.01131 2.09062 -3.5137 1.36971e+12 8.99432
1.26144e+07 -1.07622e+12 8.46477e+11 3.67e+10 8.01141 2.0908 -3.5138 1.36971e+12 8.99449
1.27008e+07 -1.07622e+12 8.46478e+11 3.66998e+10 8.01151 2.09098 -3.51391 1.36971e+12 8.99466
1.27872e+07 -1.07621e+12 8.46478e+11 3.66996e+10 8.0116 2.09116 -3.51401 1.36971e+12 8.99483
1.28736e+07 -1.07621e+12 8.46478e+11 3.66995e+10 8.0117 2.09135 -3.51411 1.36971e+12 8.99501
1.296e+07 -1.07621e+12 8.46478e+11 3.66993e+10 8.0118 2.09153 -3.51422 1.36971e+12 8.99518
1.30464e+07 -1.07621e+12 8.46478e+11 3.66992e+10 8.0119 2.09171 -3.51432 1.36971e+12 8.99535
1.31328e+07 -1.07621e+12 8.46478e+11 3.6699e+10 8.012 2.09189 -3.51442 1.36971e+12 8.99552
1.32192e+07 -1.07621e+12 8.46478e+11 3.66989e+10 8.0121 2.09207 -3.51453 1.36971e+12 8.99569
1.33056e+07 -1.07621e+12 8.46478e+11 3.66987e+10 8.0122 2.09225 -3.51463 1.36971e+12 8.99586
1.3392e+07 -1.07621e+12 8.46478e+11 3.66986e+10 8.0123 2.09243 -3.51474 1.36971e+12 8.99604
1.34784e+07 -1.07621e+12 8.46478e+11 3.66984e+10 8.0124 2.09261 -3.51484 1.36971e+12 8.99621
1.35648e+07 -1.07621e+12 8.46478e+11 3.66983e+10 8.0125 2.0928 -3.51494 1.36971e+12 8.99638
1.36512e+07 -1.07621e+12 8.46479e+11 3.66981e+10 8.0126 2.09298 -3.51505 1.36971e+12 8.99655
1.37376e+07 -1.07621e+12 8.46479e+11 3.6698e+10 8.0127 2.09316 -3.51515 1.36971e+12 8.99672
1.3824e+07 -1.07621e+12 8.46479e+11 3.66978e+10 8.0128 2.09334 -3.51526 1.36971e+12 8.99689
1.39104e+07 -1.07621e+12 8.46479e+11 3.66977e+10 8.0129 2.09352 -3.51536 1.36971e+12 8.99707
1.39968e+07 -1.07621e+12 8.46479e+11 3.66975e+10 8.013 2.0937 -3.51546 1.36971e+12 8.99724
1.40832e+07 -1.07621e+12 8.46479e+11 3.66974e+10 8.0131 2.09388 -3.51557 1.36971e+12 8.99741
1.41696e+07 -1.07621e+12 8.46479e+11 3.66972e+10 8.0132 2.09407 -3.51567 1.36971e+12 8.99758
1.4256e+07 -1.07621e+12 8.46479e+11 3.66971e+10 8.0133 2.09425 -3.51577 1.36971e+12 8.99775
1.43424e+07 -1.07621e+12 8.46479e+11 3.66969e+10 8.0134 2.09443 -3.51588 1.36971e+12 8.99792
1.44288e+07 -1.07621e+12 8.46479e+11 3.66968e+10 8.0135 2.09461 -3.51598 1.36971e+12 8.9981
1.45152e+07 -1.07621e+12 8.46479e+11 3.66966e+10 8.0136 2.09479 -3.51609 1.36971e+12 8.99827
1.46016e+07 -1.07621e+12 8.4648e+11 3.66965e+10 8.0137 2.09497 -3.51619 1.36971e+12 8.99844
1.4688e+07 -1.07621e+12 8.4648e+11 3.66963e+10 8.0138 2.09516 -3.51629 1.36971e+12 8.99861
1.47744e+07 -1.07621e+12 8.4648e+11 3.66962e+10 8.0139 2.09534 -3.5164 1.36971e+12 8.99878
1.48608e+07 -1.07621e+12 8.4648e+11 3.6696e+10 8.014 2.09552 -3.5165 1.36971e+12 8.99896
1.49472e+07 -1.07621e+12 8.4648e+11 3.66959e+10 8.0141 2.0957 -3.51661 1.36971e+12 8.99913
1.50336e+07 -1.07621e+12 8.4648e+11 3.66957e+10 8.0142 2.09588 -3.51671 1.36971e+12 8.9993
1.512e+07 -1.07621e+12 8.4648e+11 3.66956e+10 8.0143 2.09606 -3.51681 1.36971e+12 8.99947
1.52064e+07 -1.07621e+12 8.4648e+11 3.66954e+10 8.0144 2.09624 -3.51692 1.36971e+12 8.99964
1.52928e+07 -1.0762e+12 8.4648e+11 3.66952e+10 8.0145 2.09643 -3.51702 1.36971e+12 8.99982
1.53792e+07 -1.0762e+12 8.4648e+11 3.66951e+10 8.0146 2.09661 -3.51713 1.3697e+12 8.99999
1.54656e+07 -1.0762e+12 8.4648e+11 3.66949e+10 8.0147 2.09679 -3.51723 1.3697e+12 9.00016
1.5552e+07 -1.0762e+12 8.46481e+11 3.66948e+10 8.0148 2.09697 -3.51733 1.3697e+12 9.00033
1.56384e+07 -1.0762e+12 8.46481e+11 3.66946e+10 8.0149 2.09715 -3.51744 1.3697e+12 9.0005
1.57248e+07 -1.0762e+12 8.46481e+11 3.66945e+10 8.015 2.09734 -3.51754 1.3697e+12 9.00068
1.58112e+07 -1.0762e+12 8.46481e+11 3.66943e+10 8.0151 2.09752 -3.51765 1.3697e+12 9.00085
1.58976e+07 -1.0762e+12 8.46481e+11 3.66942e+10 8.0152 2.0977 -3.51775 1.3697e+12 9.00102
1.5984e+07 -1.0762e+12 8.46481e+11 3.6694e+10 8.0153 2.09788 -3.51785 1.3697e+12 9.00119
1.60704e+07 -1.0762e+12 8.46481e+11 3.66939e+10 8.0154 2.09806 -3.51796 1.3697e+12 9.00136
1.61568e+07 -1.0762e+12 8.46481e+11 3.66937e+10 8.0155 2.09824 -3.51806 1.3697e+12 9.00154
1.62432e+07 -1.0762e+12 8.46481e+11 3.66936e+10 8.0156 2.09843 -3.51817 1.3697e+12 9.00171
1.63296e+07 -1.0762e+12 8.46481e+11 3.66934e+10 8.0157 2.09861 -3.51827 1.3697e+12 9.00188
1.6416e+07 -1.0762e+12 8.46481e+11 3.66933e+10 8.0158 2.09879 -3.51837 1.3697e+12 9.00205
1.65024e+07 -1.0762e+12 8.46482e+11 3.66931e+10 8.0159 2.09897 -3.51848 1.3697e+12 9.00222
1.65888e+07 -1.0762e+12 8.46482e+11 3.6693e+10 8.016 2.09915 -3.51858 1.3697e+12 9.0024
1.66752e+07 -1.0762e+12 8.46482e+11 3.66928e+10 8.0161 2.09934 -3.51869 1.3697e+12 9.00257
1.67616e+07 -1.0762e+12 8.46482e+11 3.66927e+10 8.0162 2.09952 -3.51879 1.3697e+12 9.00274
1.6848e+07 -1.0762e+12 8.46482e+11 3.66925e+10 8.0163 2.0997 -3.51889 1.3697e+12 9.00291
1.69344e+07 -1.0762e+12 8.46482e+11 3.66924e+10 8.0164 2.09988 -3.519 1.3697e+12 9.00309
1.70208e+07 -1.0762e+12 8.46482e+11 3.66922e+10 8.0165 2.10006 -3.5191 1.3697e+12 9.00326
1.71072e+07 -1.0762e+12 8.46482e+11 3.66921e+10 8.0166 2.10025 -3.51921 1.3697e+12 9.00343
1.71936e+07 -1.0762e+12 8.46482e+11 3.66919e+10 8.0167 2.10043 -3.51931 1.3697e+12 9.0036
1.728e+07 -1.0762e+12 8.46482e+11 3.66918e+10 8.0168 2.10061 -3.51941 1.3697e+12 9.00378
1.73664e+07 -1.0762e+12 8.46482e+11 3.66916e+10 8.0169 2.10079 -3.51952 1.3697e+12 9.00395
1.74528e+07 -1.0762e+12 8.46483e+11 3.66915e+10 8.017 2.10097 -3.51962 1.3697e+12 9.00412
1.75392e+07 -1.0762e+12 8.46483e+11 3.66913e+10 8.0171 2.10116 -3.51973 1.3697e+12 9.00429
1.76256e+07 -1.0762e+12 8.46483e+11 3.66911e+10 8.0172 2.10134 -3.51983 1.3697e+12 9.00446
1.7712e+07 -1.0762e+12 8.46483e+11 3.6691e+10 8.0173 2.10152 -3.51994 1.3697e+12 9.00464
1.77984e+07 -1.07619e+12 8.46483e+11 3.66908e+10 8.0174 2.1017 -3.52004 1.3697e+12 9.00481
1.78848e+07 -1.07619e+12 8.46483e+11 3.66907e+10 8.0175 2.10188 -3.52014 1.3697e+12 9.00498
1.79712e+07 -1.07619e+12 8.46483e+11 3.66905e+10 8.0176 2.10207 -3.52025 1.3697e+12 9.00515
1.80576e+07 -1.07619e+12 8.46483e+11 3.66904e+10 8.0177 2.10225 -3.52035 1.3697e+12 9.00533
1.8144e+07 -1.07619e+12 8.46483e+11 3.66902e+10 8.0178 2.10243 -3.52046 1.3697e+12 9.0055
1.82304e+07 -1.07619e+12 8.46483e+11 3.66901e+10 8.01791 2.10261 -3.52056 1.3697e+12 9.00567
1.83168e+07 -1.07619e+12 8.46483e+11 3.66899e+10 8.01801 2.10279 -3.52067 1.3697e+12 9.00584
1.84032e+07 -1.07619e+12 8.46484e+11 3.66898e+10 8.01811 2.10298 -3.52077 1.3697e+12 9.00602
1.84896e+07 -1.07619e+12 8.46484e+11 3.66896e+10 8.01821 2.10316 -3.52087 1.3697e+12 9.00619
1.8576e+07 -1.07619e+12 8.46484e+11 3.66895e+10 8.01831 2.10334 -3.52098 1.3697e+12 9.00636
1.86624e+07 -1.07619e+12 8.46484e+11 3.66893e+10 8.01841 2.10352 -3.52108 1.3697e+12 9.00653
1.87488e+07 -1.07619e+12 8.46484e+11 3.66892e+10 8.01851 2.10371 -3.52119 1.3697e+12 9.00671
1.88352e+07 -1.07619e+12 8.46484e+11 3.6689e+10 8.01861 2.10389 -3.52129 1.3697e+12 9.00688
1.89216e+07 -1.07619e+12 8.46484e+11 3.66889e+10 8.01871 2.10407 -3.5214 1.3697e+12 9.00705
1.9008e+07 -1.07619e+12 8.46484e+11 3.66887e+10 8.01881 2.10425 -3.5215 1.3697e+12 9.00723
1.90944e+07 -1.07619e+12 8.46484e+11 3.66886e+10 8.01891 2.10443 -3.5216 1.3697e+12 9.0074
1.91808e+07 -1.07619e+12 8.46484e+11 3.66884e+10 8.01901 2.10462 -3.52171 1.3697e+12 9.00757
1.92672e+07 -1.07619e+12 8.46484e+11 3.66883e+10 8.01911 2.1048 -3.52181 1.36969e+12 9.00774
1.93536e+07 -1.07619e+12 8.46485e+11 3.66881e+10 8.01921 2.10498 -3.52192 1.36969e+12 9.00792
1.944e+07 -1.07619e+12 8.46485e+11 3.6688e+10 8.01931 2.10516 -3.52202 1.36969e+12 9.00809
1.95264e+07 -1.07619e+12 8.46485e+11 3.66878e+10 8.01941 2.10535 -3.52213 1.36969e+12 9.00826
1.96128e+07 -1.07619e+12 8.46485e+11 3.66877e+10 8.01951 2.10553 -3.52223 1.36969e+12 9.00843
1.96992e+07 -1.07619e+12 8.46485e+11 3.66875e+10 8.01961 2.10571 -3.52233 1.36969e+12 9.00861
1.97856e+07 -1.07619e+12 8.46485e+11 3.66874e+10 8.01971 2.10589 -3.52244 1.36969e+12 9.00878
1.9872e+07 -1.07619e+12 8.46485e+11 3.66872e+10 8.01981 2.10608 -3.52254 1.36969e+12 9.00895
1.99584e+07 -1.07619e+12 8.46485e+11 3.6687e+10 8.01991 2.10626 -3.52265 1.36969e+12 9.00913
2.00448e+07 -1.07619e+12 8.46485e+11 3.66869e+10 8.02001 2.10644 -3.52275 1.36969e+12 9.0093
2.01312e+07 -1.07619e+12 8.46485e+11 3.66867e+10 8.02011 2.10662 -3.52286 1.36969e+12 9.00947
2.02176e+07 -1.07618e+12 8.46485e+11 3.66866e+10 8.02021 2.10681 -3.52296 1.36969e+12 9.00964
2.0304e+07 -1.07618e+12 8.46486e+11 3.66864e+10 8.02031 2.10699 -3.52307 1.36969e+12 9.00982
2.03904e+07 -1.07618e+12 8.46486e+11 3.66863e+10 8.02041 2.10717 -3.52317 1.36969e+12 9.00999
2.04768e+07 -1.07618e+12 8.46486e+11 3.66861e+10 8.02051 2.10735 -3.52327 1.36969e+12 9.01016
2.05632e+07 -1.07618e+12 8.46486e+11 3.6686e+10 8.02061 2.10754 -3.52338 1.36969e+12 9.01034
2.06496e+07 -1.07618e+12 8.46486e+11 3.66858e+10 8.02071 2.10772 -3.52348 1.36969e+12 9.01051
2.0736e+07 -1.07618e+12 8.46486e+11 3.66857e+10 8.02082 2.1079 -3.52359 1.36969e+12 9.01068
2.08224e+07 -1.07618e+12 8.46486e+11 3.66855e+10 8.02092 2.10808 -3.52369 1.36969e+12 9.01086
2.09088e+07 -1.07618e+12 8.46486e+11 3.66854e+10 8.02102 2.10827 -3.5238 1.36969e+12 9.01103
2.09952e+07 -1.07618e+12 8.46486e+11 3.66852e+10 8.02112 2.10845 -3.5239 1.36969e+12 9.0112
2.10816e+07 -1.07618e+12 8.46486e+11 3.66851e+10 8.02122 2.10863 -3.52401 1.36969e+12 9.01137
2.1168e+07 -1.07618e+12 8.46486e+11 3.66849e+10 8.02132 2.10881 -3.52411 1.36969e+12 9.01155
2.12544e+07 -1.07618e+12 8.46487e+11 3.66848e+10 8.02142 2.109 -3.52421 1.36969e+12 9.01172
2.13408e+07 -1.07618e+12 8.46487e+11 3.66846e+10 8.02152 2.10918 -3.52432 1.36969e+12 9.01189
2.14272e+07 -1.07618e+12 8.46487e+11 3.66845e+10 8.02162 2.10936 -3.52442 1.36969e+12 9.01207
2.15136e+07 -1.07618e+12 8.46487e+11 3.66843e+10 8.02172 2.10954 -3.52453 1.36969e+12 9.01224
2.16e+07 -1.07618e+12 8.46487e+11 3.66842e+10 8.02182 2.10973 -3.52463 1.36969e+12 9.01241
2.16864e+07 -1.07618e+12 8.46487e+11 3.6684e+10 8.02192 2.10991 -3.52474 1.36969e+12 9.01259
2.17728e+07 -1.07618e+12 8.46487e+11 3.66839e+10 8.02202 2.11009 -3.52484 1.36969e+12 9.01276
2.18592e+07 -1.07618e+12 8.46487e+11 3.66837e+10 8.02212 2.11028 -3.52495 1.36969e+12 9.01293
2.19456e+07 -1.07618e+12 8.46487e+11 3.66835e+10 8.02222 2.11046 -3.52505 1.36969e+12 9.01311
2.2032e+07 -1.07618e+12 8.46487e+11 3.66834e+10 8.02232 2.11064 -3.52516 1.36969e+12 9.01328
2.21184e+07 -1.07618e+12 8.46487e+11 3.66832e+10 8.02242 2.11082 -3.52526 1.36969e+12 9.01345
2.22048e+07 -1.07618e+12 8.46488e+11 3.66831e+10 8.02252 2.11101 -3.52536 1.36969e+12 9.01363
2.22912e+07 -1.07618e+12 8.46488e+11 3.66829e+10 8.02263 2.11119 -3.52547 1.36969e+12 9.0138
2.23776e+07 -1.07618e+12 8.46488e+11 3.66828e+10 8.02273 2.11137 -3.52557 1.36969e+12 9.01397
2.2464e+07 -1.07618e+12 8.46488e+11 3.66826e+10 8.02283 2.11156 -3.52568 1.36969e+12 9.01415
2.25504e+07 -1.07618e+12 8.46488e+11 3.66825e+10 8.02293 2.11174 -3.52578 1.36969e+12 9.01432
2.26368e+07 -1.07618e+12 8.46488e+11 3.66823e+10 8.02303 2.11192 -3.52589 1.36969e+12 9.01449
2.27232e+07 -1.07617e+12 8.46488e+11 3.66822e+10 8.02313 2.1121 -3.52599 1.36969e+12 9.01467
2.28096e+07 -1.07617e+12 8.46488e+11 3.6682e+10 8.02323 2.11229 -3.5261 1.36969e+12 9.01484
2.2896e+07 -1.07617e+12 8.46488e+11 3.66819e+10 8.02333 2.11247 -3.5262 1.36969e+12 9.01501
2.29824e+07 -1.07617e+12 8.46488e+11 3.66817e+10 8.02343 2.11265 -3.52631 1.36969e+12 9.01519
2.30688e+07 -1.07617e+12 8.46488e+11 3.66816e+10 8.02353 2.11284 -3.52641 1.36969e+12 9.01536
2.31552e+07 -1.07617e+12 8.46489e+11 3.66814e+10 8.02363 2.11302 -3.52652 1.36969e+12 9.01553
2.32416e+07 -1.07617e+12 8.46489e+11 3.66813e+10 8.02373 2.1132 -3.52662 1.36968e+12 9.01571
2.3328e+07 -1.07617e+12 8.46489e+11 3.66811e+10 8.02383 2.11338 -3.52673 1.36968e+12 9.01588
2.34144e+07 -1.07617e+12 8.46489e+11 3.6681e+10 8.02393 2.11357 -3.52683 1.36968e+12 9.01605
2.35008e+07 -1.07617e+12 8.46489e+11 3.66808e+10 8.02403 2.11375 -3.52693 1.36968e+12 9.01623
2.35872e+07 -1.07617e+12 8.46489e+11 3.66807e+10 8.02414 2.11393 -3.52704 1.36968e+12 9.0164
2.36736e+07 -1.07617e+12 8.46489e+11 3.66805e+10 8.02424 2.11412 -3.52714 1.36968e+12 9.01657
2.376e+07 -1.07617e+12 8.46489e+11 3.66804e+10 8.02434 2.1143 -3.52725 1.36968e+12 9.01675
2.38464e+07 -1.07617e+12 8.46489e+11 3.66802e+10 8.02444 2.11448 -3.52735 1.36968e+12 9.01692
2.39328e+07 -1.07617e+12 8.46489e+11 3.66801e+10 8.02454 2.11467 -3.52746 1.36968e+12 9.01709
2.40192e+07 -1.07617e+12 8.46489e+11 3.66799e+10 8.02464 2.11485 -3.52756 1.36968e+12 9.01727
2.41056e+07 -1.07617e+12 8.4649e+11 3.66797e+10 8.02474 2.11503 -3.52767 1.36968e+12 9.01744
2.4192e+07 -1.07617e+12 8.4649e+11 3.66796e+10 8.02484 2.11522 -3.52777 1.36968e+12 9.01761
2.42784e+07 -1.07617e+12 8.4649e+11 3.66794e+10 8.02493 2.1154 -3.52788 1.36968e+12 9.01778
2.43648e+07 -1.07617e+12 8.4649e+11 3.66793e+10 8.025 2.1156 -3.52798 1.36968e+12 9.01793
2.44512e+07 -1.07617e+12 8.4649e+11 3.66791e+10 8.0251 2.11578 -3.52809 1.36968e+12 9.0181
2.45376e+07 -1.07617e+12 8.4649e+11 3.6679e+10 8.0252 2.11597 -3.52819 1.36968e+12 9.01827
2.4624e+07 -1.07617e+12 8.4649e+11 3.66788e+10 8.0253 2.11615 -3.5283 1.36968e+12 9.01845
2.47104e+07 -1.07617e+12 8.4649e+11 3.66787e+10 8.0254 2.11633 -3.5284 1.36968e+12 9.01862
2.47968e+07 -1.07617e+12 8.4649e+11 3.66785e+10 8.0255 2.11652 -3.52851 1.36968e+12 9.0188
2.48832e+07 -1.07617e+12 8.4649e+11 3.66784e+10 8.0256 2.1167 -3.52861 1.36968e+12 9.01897
2.49696e+07 -1.07617e+12 8.4649e+11 3.66782e+10 8.0257 2.11688 -3.52872 1.36968e+12 9.01914
2.5056e+07 -1.07617e+12 8.46491e+11 3.66781e+10 8.0258 2.11707 -3.52882 1.36968e+12 9.01932
2.51424e+07 -1.07617e+12 8.46491e+11 3.66779e+10 8.0259 2.11725 -3.52893 1.36968e+12 9.01949
2.52288e+07 -1.07616e+12 8.46491e+11 3.66778e+10 8.02601 2.11743 -3.52903 1.36968e+12 9.01967
2.53152e+07 -1.07616e+12 8.46491e+11 3.66776e+10 8.02611 2.11762 -3.52914 1.36968e+12 9.01984
2.54016e+07 -1.07616e+12 8.46491e+11 3.66775e+10 8.02621 2.1178 -3.52924 1.36968e+12 9.02001
2.5488e+07 -1.07616e+12 8.46491e+11 3.66773e+10 8.02631 2.11798 -3.52935 1.36968e+12 9.02019
2.55744e+07 -1.07616e+12 8.46491e+11 3.66772e+10 8.02641 2.11817 -3.52945 1.36968e+12 9.02036
2.56608e+07 -1.07616e+12 8.46491e+11 3.6677e+10 8.02651 2.11835 -3.52956 1.36968e+12 9.02053
2.57472e+07 -1.07616e+12 8.46491e+11 3.66769e+10 8.02661 2.11853 -3.52966 1.36968e+12 9.02071
2.58336e+07 -1.07616e+12 8.46491e+11 3.66767e+10 8.02671 2.11872 -3.52977 1.36968e+12 9.02088
2.592e+07 -1.07616e+12 8.46491e+11 3.66765e+10 8.02681 2.1189 -3.52987 1.36968e+12 9.02106
2.60064e+07 -1.07616e+12 8.46492e+11 3.66764e+10 8.02691 2.11908 -3.52998 1.36968e+12 9.02123
2.60928e+07 -1.07616e+12 8.46492e+11 3.66762e+10 8.02701 2.11927 -3.53008 1.36968e+12 9.0214
2.61792e+07 -1.07616e+12 8.46492e+11 3.66761e+10 8.02712 2.11945 -3.53019 1.36968e+12 9.02158
2.62656e+07 -1.07616e+12 8.46492e+11 3.66759e+10 8.02722 2.11963 -3.53029 1.36968e+12 9.02175
2.6352e+07 -1.07616e+12 8.46492e+11 3.66758e+10 8.02732 2.11982 -3.5304 1.36968e+12 9.02193
2.64384e+07 -1.07616e+12 8.46492e+11 3.66756e+10 8.02742 2.12 -3.5305 1.36968e+12 9.0221
2.65248e+07 -1.07616e+12 8.46492e+11 3.66755e+10 8.02752 2.12018 -3.53061 1.36968e+12 9.02227
2.66112e+07 -1.07616e+12 8.46492e+11 3.66753e+10 8.02762 2.12037 -3.53071 1.36968e+12 9.02245
2.66976e+07 -1.07616e+12 8.46492e+11 3.66752e+10 8.02772 2.12055 -3.53082 1.36968e+12 9.02262
2.6784e+07 -1.07616e+12 8.46492e+11 3.6675e+10 8.02782 2.12074 -3.53092 1.36968e+12 9.0228
2.68704e+07 -1.07616e+12 8.46492e+11 3.66749e+10 8.02792 2.12092 -3.53103 1.36968e+12 9.02297
2.69568e+07 -1.07616e+12 8.46493e+11 3.66747e+10 8.02802 2.1211 -3.53113 1.36968e+12 9.02315
2.70432e+07 -1.07616e+12 8.46493e+11 3.66746e+10 8.02813 2.12129 -3.53124 1.36968e+12 9.02332
2.71296e+07 -1.07616e+12 8.46493e+11 3.66744e+10 8.02823 2.12147 -3.53134 1.36967e+12 9.02349
2.7216e+07 -1.07616e+12 8.46493e+11 3.66743e+10 8.02833 2.12165 -3.53145 1.36967e+12 9.02367
2.73024e+07 -1.07616e+12 8.46493e+11 3.66741e+10 8.02843 2.12184 -3.53155 1.36967e+12 9.02384
2.73888e+07 -1.07616e+12 8.46493e+11 3.6674e+10 8.02853 2.12202 -3.53166 1.36967e+12 9.02402
2.74752e+07 -1.07616e+12 8.46493e+11 3.66738e+10 8.02863 2.1222 -3.53176 1.36967e+12 9.02419
2.75616e+07 -1.07616e+12 8.46493e+11 3.66737e+10 8.02873 2.12239 -3.53187 1.36967e+12 9.02436
2.7648e+07 -1.07616e+12 8.46493e+11 3.66735e+10 8.02883 2.12257 -3.53197 1.36967e+12 9.02454
2.77344e+07 -1.07615e+12 8.46493e+11 3.66733e+10 8.02893 2.12276 -3.53208 1.36967e+12 9.02471
2.78208e+07 -1.07615e+12 8.46493e+11 3.66732e+10 8.02904 2.12294 -3.53218 1.36967e+12 9.02489
2.79072e+07 -1.07615e+12 8.46494e+11 3.6673e+10 8.02914 2.12312 -3.53229 1.36967e+12 9.02506
2.79936e+07 -1.07615e+12 8.46494e+11 3.66729e+10 8.02924 2.12331 -3.53239 1.36967e+12 9.02524
2.808e+07 -1.07615e+12 8.46494e+11 3.66727e+10 8.02934 2.12349 -3.5325 1.36967e+12 9.02541
2.81664e+07 -1.07615e+12 8.46494e+11 3.66726e+10 8.02944 2.12367 -3.5326 1.36967e+12 9.02559
2.82528e+07 -1.07615e+12 8.46494e+11 3.66724e+10 8.02954 2.12386 -3.53271 1.36967e+12 9.02576
2.83392e+07 -1.07615e+12 8.46494e+11 3.66723e+10 8.02964 2.12404 -3.53281 1.36967e+12 9.02593
2.84256e+07 -1.07615e+12 8.46494e+11 3.66721e+10 8.02974 2.12423 -3.53292 1.36967e+12 9.02611
2.8512e+07 -1.07615e+12 8.46494e+11 3.6672e+10 8.02984 2.12441 -3.53302 1.36967e+12 9.02628
2.85984e+07 -1.07615e+12 8.46494e+11 3.66718e+10 8.02995 2.12459 -3.53313 1.36967e+12 9.02646
2.86848e+07 -1.07615e+12 8.46494e+11 3.66717e+10 8.03005 2.12478 -3.53323 1.36967e+12 9.02663
2.87712e+07 -1.07615e+12 8.46495e+11 3.66715e+10 8.03015 2.12496 -3.53334 1.36967e+12 9.02681
2.88576e+07 -1.07615e+12 8.46495e+11 3.66714e+10 8.03025 2.12515 -3.53345 1.36967e+12 9.02698
2.8944e+07 -1.07615e+12 8.46495e+11 3.66712e+10 8.03035 2.12533 -3.53355 1.36967e+12 9.02716
2.90304e+07 -1.07615e+12 8.46495e+11 3.66711e+10 8.03045 2.12551 -3.53366 1.36967e+12 9.02733
2.91168e+07 -1.07615e+12 8.46495e+11 3.66709e+10 8.03055 2.1257 -3.53376 1.36967e+12 9.0275
2.92032e+07 -1.07615e+12 8.46495e+11 3.66708e+10 8.03065 2.12588 -3.53387 1.36967e+12 9.02768
2.92896e+07 -1.07615e+12 8.46495e+11 3.66706e+10 8.03076 2.12607 -3.53397 1.36967e+12 9.02785
2.9376e+07 -1.07615e+12 8.46495e+11 3.66705e+10 8.03086 2.12625 -3.53408 1.36967e+12 9.02803
2.94624e+07 -1.07615e+12 8.46495e+11 3.66703e+10 8.03096 2.12643 -3.53418 1.36967e+12 9.0282
2.95488e+07 -1.07615e+12 8.46495e+11 3.66701e+10 8.03106 2.12662 -3.53429 1.36967e+12 9.02838
2.96352e+07 -1.07615e+12 8.46495e+11 3.667e+10 8.03116 2.1268 -3.53439 1.36967e+12 9.02855
2.97216e+07 -1.07615e+12 8.46496e+11 3.66698e+10 8.03126 2.12699 -3.5345 1.36967e+12 9.02873
2.9808e+07 -1.07615e+12 8.46496e+11 3.66697e+10 8.03136 2.12717 -3.5346 1.36967e+12 9.0289
2.98944e+07 -1.07615e+12 8.46496e+11 3.66695e+10 8.03146 2.12735 -3.53471 1.36967e+12 9.02908
2.99808e+07 -1.07615e+12 8.46496e+11 3.66694e+10 8.03157 2.12754 -3.53481 1.36967e+12 9.02925
3.00672e+07 -1.07615e+12 8.46496e+11 3.66692e+10 8.03167 2.12772 -3.53492 1.36967e+12 9.02943
3.01536e+07 -1.07615e+12 8.46496e+11 3.66691e+10 8.03177 2.12791 -3.53502 1.36967e+12 9.0296
3.024e+07 -1.07614e+12 8.46496e+11 3.66689e+10 8.03187 2.12809 -3.53513 1.36967e+12 9.02978
3.03264e+07 -1.07614e+12 8.46496e+11 3.66688e+10 8.03197 2.12827 -3.53524 1.36967e+12 9.02995
3.04128e+07 -1.07614e+12 8.46496e+11 3.66686e+10 8.03207 2.12846 -3.53534 1.36967e+12 9.03012
3.04992e+07 -1.07614e+12 8.46496e+11 3.66685e+10 8.03217 2.12864 -3.53545 1.36967e+12 9.0303
3.05856e+07 -1.07614e+12 8.46496e+11 3.66683e+10 8.03227 2.12883 -3.53555 1.36967e+12 9.03047
3.0672e+07 -1.07614e+12 8.46497e+11 3.66682e+10 8.03238 2.12901 -3.53566 1.36967e+12 9.03065
3.07584e+07 -1.07614e+12 8.46497e+11 3.6668e+10 8.03248 2.1292 -3.53576 1.36967e+12 9.03082
3.08448e+07 -1.07614e+12 8.46497e+11 3.66679e+10 8.03258 2.12938 -3.53587 1.36967e+12 9.031
3.09312e+07 -1.07614e+12 8.46497e+11 3.66677e+10 8.03268 2.12956 -3.53597 1.36967e+12 9.03117
3.10176e+07 -1.07614e+12 8.46497e+11 3.66676e+10 8.03278 2.12975 -3.53608 1.36967e+12 9.03135
3.1104e+07 -1.07614e+12 8.46497e+11 3.66674e+10 8.03288 2.12993 -3.53618 1.36966e+12 9.03152
3.11904e+07 -1.07614e+12 8.46497e+11 3.66672e+10 8.03298 2.13012 -3.53629 1.36966e+12 9.0317
3.12768e+07 -1.07614e+12 8.46497e+11 3.66671e+10 8.03309 2.1303 -3.5364 1.36966e+12 9.03187
3.13632e+07 -1.07614e+12 8.46497e+11 3.66669e+10 8.03319 2.13049 -3.5365 1.36966e+12 9.03205
3.14496e+07 -1.07614e+12 8.46497e+11 3.66668e+10 8.03329 2.13067 -3.53661 1.36966e+12 9.03222
