0 1.28881e+11 -8.05212e+10 -1.25396e+07 15241.6 25200.4 -0.0692462 1.51967e+11 29451.1
86400 1.30185e+11 -7.83235e+10 -1.25392e+07 14810.4 25459.9 0.0878522 1.5193e+11 29454.3
172800 1.3017e+11 -7.8306e+10 -1.25307e+07 -387.133 330.848 0.201007 1.51908e+11 509.247
259200 1.30151e+11 -7.82949e+10 -1.25215e+07 -432.961 255.348 0.213784 1.51886e+11 502.651
345600 1.30132e+11 -7.82839e+10 -1.25118e+07 -433.348 254.989 0.228357 1.51865e+11 502.802
432000 1.30114e+11 -7.82729e+10 -1.25013e+07 -433.623 254.815 0.245825 1.51843e+11 502.951
518400 1.30095e+11 -7.8262e+10 -1.249e+07 -433.932 254.586 0.267225 1.51821e+11 503.101
604800 1.30076e+11 -7.8251e+10 -1.24775e+07 -434.289 254.278 0.294174 1.51799e+11 503.254
691200 1.30058e+11 -7.824e+10 -1.24636e+07 -434.717 253.854 0.329364 1.51778e+11 503.409
777600 1.30039e+11 -7.82291e+10 -1.24477e+07 -435.258 253.244 0.377663 1.51756e+11 503.569
864000 1.3002e+11 -7.82182e+10 -1.2429e+07 -435.998 252.307 0.448956 1.51734e+11 503.74
950400 1.30001e+11 -7.82074e+10 -1.24057e+07 -437.145 250.705 0.567272 1.51713e+11 503.933
1.0368e+06 1.29982e+11 -7.81966e+10 -1.23736e+07 -439.392 247.293 0.813144 1.51691e+11 504.202
1.1232e+06 1.29963e+11 -7.81863e+10 -1.23131e+07 -448.648 232.35 1.87194 1.51669e+11 505.247
1.2096e+06 1.29922e+11 -7.82143e+10 -9.60191e+06 -827.808 -439.333 48.3231 1.51648e+11 938.41
1.296e+06 1.29903e+11 -7.82033e+10 -9.5894e+06 -433.917 256.953 0.14444 1.51627e+11 504.291
1.3824e+06 1.29885e+11 -7.81922e+10 -9.58939e+06 -432.86 259.116 -0.000106811 1.51605e+11 504.489
1.4688e+06 1.29866e+11 -7.8181e+10 -9.58941e+06 -432.981 259.197 -0.000540443 1.51583e+11 504.635
1.5552e+06 1.29847e+11 -7.81698e+10 -9.58944e+06 -433.106 259.272 -0.000541703 1.51561e+11 504.78
1.6416e+06 1.29829e+11 -7.81586e+10 -9.58946e+06 -433.231 259.347 -0.000541666 1.5154e+11 504.926
1.728e+06 1.2981e+11 -7.81474e+10 -9.58948e+06 -433.356 259.422 -0.000541625 1.51518e+11 505.072
1.8144e+06 1.29791e+11 -7.81362e+10 -9.58951e+06 -433.482 259.497 -0.000541583 1.51496e+11 505.218
1.9008e+06 1.29773e+11 -7.8125e+10 -9.58953e+06 -433.607 259.572 -0.000541542 1.51474e+11 505.364
1.9872e+06 1.29754e+11 -7.81138e+10 -9.58955e+06 -433.732 259.647 -0.0005415 1.51452e+11 505.51
2.0736e+06 1.29735e+11 -7.81026e+10 -9.58958e+06 -433.858 259.722 -0.000541458 1.51431e+11 505.656
2.16e+06 1.29716e+11 -7.80914e+10 -9.5896e+06 -433.983 259.797 -0.000541416 1.51409e+11 505.802
2.2464e+06 1.29698e+11 -7.80802e+10 -9.58962e+06 -434.109 259.872 -0.000541374 1.51387e+11 505.949
2.3328e+06 1.29679e+11 -7.80689e+10 -9.58965e+06 -434.235 259.948 -0.000541332 1.51365e+11 506.095
2.4192e+06 1.2966e+11 -7.80577e+10 -9.58967e+06 -434.36 260.023 -0.00054129 1.51343e+11 506.242
2.5056e+06 1.29641e+11 -7.80465e+10 -9.58969e+06 -434.486 260.098 -0.000541247 1.51321e+11 506.389
2.592e+06 1.29623e+11 -7.80353e+10 -9.58972e+06 -434.612 260.174 -0.000541205 1.51299e+11 506.536
2.6784e+06 1.29604e+11 -7.80241e+10 -9.58974e+06 -434.739 260.249 -0.000541162 1.51278e+11 506.683
2.7648e+06 1.29585e+11 -7.80128e+10 -9.58976e+06 -434.865 260.325 -0.00054112 1.51256e+11 506.83
2.8512e+06 1.29566e+11 -7.80016e+10 -9.58979e+06 -434.991 260.4 -0.000541077 1.51234e+11 506.977
2.9376e+06 1.29548e+11 -7.79903e+10 -9.58981e+06 -435.117 260.476 -0.000541034 1.51212e+11 507.124
3.024e+06 1.29529e+11 -7.79791e+10 -9.58983e+06 -435.244 260.552 -0.000540991 1.5119e+11 507.272
3.1104e+06 1.2951e+11 -7.79679e+10 -9.58986e+06 -435.37 260.627 -0.000540947 1.51168e+11 507.419
3.1968e+06 1.29491e+11 -7.79566e+10 -9.58988e+06 -435.497 260.703 -0.000540904 1.51146e+11 507.567
3.2832e+06 1.29472e+11 -7.79454e+10 -9.5899e+06 -435.624 260.779 -0.000540861 1.51124e+11 507.714
3.3696e+06 1.29454e+11 -7.79341e+10 -9.58993e+06 -435.751 260.855 -0.000540817 1.51103e+11 507.862
3.456e+06 1.29435e+11 -7.79228e+10 -9.58995e+06 -435.878 260.931 -0.000540773 1.51081e+11 508.01
3.5424e+06 1.29416e+11 -7.79116e+10 -9.58997e+06 -436.005 261.007 -0.00054073 1.51059e+11 508.158
3.6288e+06 1.29397e+11 -7.79003e+10 -9.59e+06 -436.132 261.083 -0.000540686 1.51037e+11 508.306
3.7152e+06 1.29378e+11 -7.7889e+10 -9.59002e+06 -436.259 261.159 -0.000540642 1.51015e+11 508.455
3.8016e+06 1.2936e+11 -7.78778e+10 -9.59004e+06 -436.386 261.236 -0.000540598 1.50993e+11 508.603
3.888e+06 1.29341e+11 -7.78665e+10 -9.59007e+06 -436.514 261.312 -0.000540553 1.50971e+11 508.752
3.9744e+06 1.29322e+11 -7.78552e+10 -9.59009e+06 -436.641 261.388 -0.000540509 1.50949e+11 508.9
4.0608e+06 1.29303e+11 -7.78439e+10 -9.59011e+06 -436.769 261.465 -0.000540464 1.50927e+11 509.049
4.1472e+06 1.29284e+11 -7.78327e+10 -9.59014e+06 -436.897 261.541 -0.00054042 1.50905e+11 509.198
4.2336e+06 1.29265e+11 -7.78214e+10 -9.59016e+06 -437.024 261.617 -0.000540375 1.50883e+11 509.347
4.32e+06 1.29246e+11 -7.78101e+10 -9.59018e+06 -437.152 261.694 -0.00054033 1.50861e+11 509.496
4.4064e+06 1.29228e+11 -7.77988e+10 -9.59021e+06 -437.28 261.771 -0.000540285 1.50839e+11 509.645
4.4928e+06 1.29209e+11 -7.77875e+10 -9.59023e+06 -437.408 261.847 -0.00054024 1.50817e+11 509.794
4.5792e+06 1.2919e+11 -7.77762e+10 -9.59025e+06 -437.536 261.924 -0.000540194 1.50795e+11 509.943
4.6656e+06 1.29171e+11 -7.77649e+10 -9.59028e+06 -437.665 262.001 -0.000540149 1.50773e+11 510.093
4.752e+06 1.29152e+11 -7.77536e+10 -9.5903e+06 -437.793 262.078 -0.000540103 1.50751e+11 510.242
4.8384e+06 1.29133e+11 -7.77423e+10 -9.59032e+06 -437.921 262.154 -0.000540058 1.50729e+11 510.392
4.9248e+06 1.29114e+11 -7.77309e+10 -9.59035e+06 -438.05 262.231 -0.000540012 1.50707e+11 510.542
5.0112e+06 1.29095e+11 -7.77196e+10 -9.59037e+06 -438.179 262.308 -0.000539966 1.50685e+11 510.692
5.0976e+06 1.29076e+11 -7.77083e+10 -9.59039e+06 -438.307 262.385 -0.00053992 1.50663e+11 510.842
5.184e+06 1.29058e+11 -7.7697e+10 -9.59042e+06 -438.436 262.463 -0.000539874 1.50641e+11 510.992
5.2704e+06 1.29039e+11 -7.76856e+10 -9.59044e+06 -438.565 262.54 -0.000539828 1.50619e+11 511.142
5.3568e+06 1.2902e+11 -7.76743e+10 -9.59046e+06 -438.694 262.617 -0.000539781 1.50597e+11 511.292
5.4432e+06 1.29001e+11 -7.7663e+10 -9.59049e+06 -438.823 262.694 -0.000539735 1.50575e+11 511.443
5.5296e+06 1.28982e+11 -7.76516e+10 -9.59051e+06 -438.952 262.772 -0.000539688 1.50553e+11 511.594
5.616e+06 1.28963e+11 -7.76403e+10 -9.59053e+06 -439.082 262.849 -0.000539641 1.50531e+11 511.744
5.7024e+06 1.28944e+11 -7.7629e+10 -9.59056e+06 -439.211 262.926 -0.000539594 1.50508e+11 511.895
5.7888e+06 1.28925e+11 -7.76176e+10 -9.59058e+06 -439.34 263.004 -0.000539547 1.50486e+11 512.046
5.8752e+06 1.28906e+11 -7.76063e+10 -9.5906e+06 -439.47 263.081 -0.0005395 1.50464e+11 512.197
5.9616e+06 1.28887e+11 -7.75949e+10 -9.59063e+06 -439.6 263.159 -0.000539452 1.50442e+11 512.348
6.048e+06 1.28868e+11 -7.75835e+10 -9.59065e+06 -439.729 263.237 -0.000539405 1.5042e+11 512.499
6.1344e+06 1.28849e+11 -7.75722e+10 -9.59067e+06 -439.859 263.314 -0.000539357 1.50398e+11 512.651
6.2208e+06 1.2883e+11 -7.75608e+10 -9.5907e+06 -439.989 263.392 -0.000539309 1.50376e+11 512.802
6.3072e+06 1.28811e+11 -7.75495e+10 -9.59072e+06 -440.119 263.47 -0.000539262 1.50354e+11 512.954
6.3936e+06 1.28792e+11 -7.75381e+10 -9.59074e+06 -440.249 263.548 -0.000539214 1.50331e+11 513.105
6.48e+06 1.28773e+11 -7.75267e+10 -9.59077e+06 -440.38 263.626 -0.000539165 1.50309e+11 513.257
6.5664e+06 1.28754e+11 -7.75153e+10 -9.59079e+06 -440.51 263.704 -0.000539117 1.50287e+11 513.409
6.6528e+06 1.28735e+11 -7.75039e+10 -9.59081e+06 -440.64 263.782 -0.000539069 1.50265e+11 513.561
6.7392e+06 1.28716e+11 -7.74926e+10 -9.59084e+06 -440.771 263.86 -0.00053902 1.50243e+11 513.713
6.8256e+06 1.28697e+11 -7.74812e+10 -9.59086e+06 -440.902 263.938 -0.000538971 1.50221e+11 513.865
6.912e+06 1.28678e+11 -7.74698e+10 -9.59088e+06 -441.032 264.017 -0.000538922 1.50199e+11 514.018
6.9984e+06 1.28659e+11 -7.74584e+10 -9.59091e+06 -441.163 264.095 -0.000538873 1.50176e+11 514.17
7.0848e+06 1.2864e+11 -7.7447e+10 -9.59093e+06 -441.294 264.173 -0.000538824 1.50154e+11 514.323
7.1712e+06 1.28621e+11 -7.74356e+10 -9.59095e+06 -441.425 264.252 -0.000538775 1.50132e+11 514.475
7.2576e+06 1.28602e+11 -7.74242e+10 -9.59098e+06 -441.556 264.33 -0.000538726 1.5011e+11 514.628
7.344e+06 1.28583e+11 -7.74128e+10 -9.591e+06 -441.687 264.409 -0.000538676 1.50088e+11 514.781
7.4304e+06 1.28564e+11 -7.74014e+10 -9.59102e+06 -441.819 264.487 -0.000538626 1.50065e+11 514.934
7.5168e+06 1.28545e+11 -7.73899e+10 -9.59105e+06 -441.95 264.566 -0.000538577 1.50043e+11 515.087
7.6032e+06 1.28526e+11 -7.73785e+10 -9.59107e+06 -442.082 264.645 -0.000538527 1.50021e+11 515.241
7.6896e+06 1.28506e+11 -7.73671e+10 -9.59109e+06 -442.213 264.723 -0.000538476 1.49999e+11 515.394
7.776e+06 1.28487e+11 -7.73557e+10 -9.59111e+06 -442.345 264.802 -0.000538426 1.49976e+11 515.548
7.8624e+06 1.28468e+11 -7.73442e+10 -9.59114e+06 -442.477 264.881 -0.000538376 1.49954e+11 515.701
7.9488e+06 1.28449e+11 -7.73328e+10 -9.59116e+06 -442.609 264.96 -0.000538325 1.49932e+11 515.855
8.0352e+06 1.2843e+11 -7.73214e+10 -9.59118e+06 -442.741 265.039 -0.000538274 1.4991e+11 516.009
8.1216e+06 1.28411e+11 -7.73099e+10 -9.59121e+06 -442.873 265.118 -0.000538224 1.49887e+11 516.163
8.208e+06 1.28392e+11 -7.72985e+10 -9.59123e+06 -443.005 265.197 -0.000538173 1.49865e+11 516.317
8.2944e+06 1.28373e+11 -7.72871e+10 -9.59125e+06 -443.137 265.277 -0.000538121 1.49843e+11 516.471
8.3808e+06 1.28354e+11 -7.72756e+10 -9.59128e+06 -443.27 265.356 -0.00053807 1.4982e+11 516.625
8.4672e+06 1.28334e+11 -7.72641e+10 -9.5913e+06 -443.402 265.435 -0.000538019 1.49798e+11 516.78
8.5536e+06 1.28315e+11 -7.72527e+10 -9.59132e+06 -443.535 265.514 -0.000537967 1.49776e+11 516.934
8.64e+06 1.28296e+11 -7.72412e+10 -9.59135e+06 -443.667 265.594 -0.000537915 1.49754e+11 517.089
8.7264e+06 1.28277e+11 -7.72298e+10 -9.59137e+06 -443.8 265.673 -0.000537863 1.49731e+11 517.244
8.8128e+06 1.28258e+11 -7.72183e+10 -9.59139e+06 -443.933 265.753 -0.000537811 1.49709e+11 517.398
8.8992e+06 1.28239e+11 -7.72068e+10 -9.59142e+06 -444.066 265.833 -0.000537759 1.49687e+11 517.553
8.9856e+06 1.2822e+11 -7.71954e+10 -9.59144e+06 -444.199 265.912 -0.000537707 1.49664e+11 517.708
9.072e+06 1.282e+11 -7.71839e+10 -9.59146e+06 -444.332 265.992 -0.000537654 1.49642e+11 517.864
9.1584e+06 1.28181e+11 -7.71724e+10 -9.59149e+06 -444.466 266.072 -0.000537601 1.4962e+11 518.019
9.2448e+06 1.28162e+11 -7.71609e+10 -9.59151e+06 -444.599 266.152 -0.000537548 1.49597e+11 518.175
9.3312e+06 1.28143e+11 -7.71494e+10 -9.59153e+06 -444.732 266.231 -0.000537495 1.49575e+11 518.33
9.4176e+06 1.28124e+11 -7.71379e+10 -9.59156e+06 -444.866 266.311 -0.000537442 1.49552e+11 518.486
9.504e+06 1.28104e+11 -7.71264e+10 -9.59158e+06 -445 266.391 -0.000537389 1.4953e+11 518.642
9.5904e+06 1.28085e+11 -7.71149e+10 -9.5916e+06 -445.133 266.471 -0.000537335 1.49508e+11 518.797
9.6768e+06 1.28066e+11 -7.71034e+10 -9.59163e+06 -445.267 266.552 -0.000537282 1.49485e+11 518.954
9.7632e+06 1.28047e+11 -7.70919e+10 -9.59165e+06 -445.401 266.632 -0.000537228 1.49463e+11 519.11
9.8496e+06 1.28028e+11 -7.70804e+10 -9.59167e+06 -445.535 266.712 -0.000537174 1.4944e+11 519.266
9.936e+06 1.28008e+11 -7.70689e+10 -9.59169e+06 -445.67 266.792 -0.00053712 1.49418e+11 519.422
1.00224e+07 1.27989e+11 -7.70574e+10 -9.59172e+06 -445.804 266.873 -0.000537065 1.49396e+11 519.579
1.01088e+07 1.2797e+11 -7.70459e+10 -9.59174e+06 -445.938 266.953 -0.000537011 1.49373e+11 519.735
1.01952e+07 1.27951e+11 -7.70344e+10 -9.59176e+06 -446.073 267.034 -0.000536956 1.49351e+11 519.892
1.02816e+07 1.27931e+11 -7.70228e+10 -9.59179e+06 -446.207 267.114 -0.000536901 1.49328e+11 520.049
1.0368e+07 1.27912e+11 -7.70113e+10 -9.59181e+06 -446.342 267.195 -0.000536846 1.49306e+11 520.206
1.04544e+07 1.27893e+11 -7.69998e+10 -9.59183e+06 -446.477 267.276 -0.000536791 1.49283e+11 520.363
1.05408e+07 1.27874e+11 -7.69882e+10 -9.59186e+06 -446.612 267.356 -0.000536736 1.49261e+11 520.52
1.06272e+07 1.27854e+11 -7.69767e+10 -9.59188e+06 -446.747 267.437 -0.00053668 1.49239e+11 520.678
1.07136e+07 1.27835e+11 -7.69652e+10 -9.5919e+06 -446.882 267.518 -0.000536624 1.49216e+11 520.835
1.08e+07 1.27816e+11 -7.69536e+10 -9.59193e+06 -447.017 267.599 -0.000536568 1.49194e+11 520.993
1.08864e+07 1.27796e+11 -7.69421e+10 -9.59195e+06 -447.152 267.68 -0.000536512 1.49171e+11 521.15
1.09728e+07 1.27777e+11 -7.69305e+10 -9.59197e+06 -447.288 267.761 -0.000536456 1.49149e+11 521.308
1.10592e+07 1.27758e+11 -7.6919e+10 -9.592e+06 -447.423 267.842 -0.000536399 1.49126e+11 521.466
1.11456e+07 1.27739e+11 -7.69074e+10 -9.59202e+06 -447.559 267.923 -0.000536343 1.49104e+11 521.624
1.1232e+07 1.27719e+11 -7.68958e+10 -9.59204e+06 -447.695 268.005 -0.000536286 1.49081e+11 521.782
1.13184e+07 1.277e+11 -7.68843e+10 -9.59207e+06 -447.83 268.086 -0.000536229 1.49059e+11 521.941
1.14048e+07 1.27681e+11 -7.68727e+10 -9.59209e+06 -447.966 268.167 -0.000536172 1.49036e+11 522.099
1.14912e+07 1.27661e+11 -7.68611e+10 -9.59211e+06 -448.102 268.249 -0.000536114 1.49014e+11 522.258
1.15776e+07 1.27642e+11 -7.68495e+10 -9.59213e+06 -448.238 268.33 -0.000536057 1.48991e+11 522.416
1.1664e+07 1.27623e+11 -7.6838e+10 -9.59216e+06 -448.375 268.412 -0.000535999 1.48968e+11 522.575
1.17504e+07 1.27603e+11 -7.68264e+10 -9.59218e+06 -448.511 268.493 -0.000535941 1.48946e+11 522.734
1.18368e+07 1.27584e+11 -7.68148e+10 -9.5922e+06 -448.648 268.575 -0.000535883 1.48923e+11 522.893
1.19232e+07 1.27564e+11 -7.68032e+10 -9.59223e+06 -448.784 268.657 -0.000535824 1.48901e+11 523.052
1.20096e+07 1.27545e+11 -7.67916e+10 -9.59225e+06 -448.921 268.739 -0.000535765 1.48878e+11 523.211
1.2096e+07 1.27526e+11 -7.678e+10 -9.59227e+06 -449.057 268.82 -0.000535707 1.48856e+11 523.371
1.21824e+07 1.27506e+11 -7.67684e+10 -9.5923e+06 -449.194 268.902 -0.000535648 1.48833e+11 523.53
1.22688e+07 1.27487e+11 -7.67568e+10 -9.59232e+06 -449.331 268.984 -0.000535588 1.4881e+11 523.69
1.23552e+07 1.27468e+11 -7.67452e+10 -9.59234e+06 -449.468 269.066 -0.000535529 1.48788e+11 523.85
1.24416e+07 1.27448e+11 -7.67336e+10 -9.59237e+06 -449.605 269.148 -0.000535469 1.48765e+11 524.01
1.2528e+07 1.27429e+11 -7.6722e+10 -9.59239e+06 -449.743 269.231 -0.000535409 1.48743e+11 524.17
1.26144e+07 1.27409e+11 -7.67103e+10 -9.59241e+06 -449.88 269.313 -0.000535349 1.4872e+11 524.33
1.27008e+07 1.2739e+11 -7.66987e+10 -9.59244e+06 -450.018 269.395 -0.000535289 1.48697e+11 524.49
1.27872e+07 1.27371e+11 -7.66871e+10 -9.59246e+06 -450.155 269.477 -0.000535228 1.48675e+11 524.65
1.28736e+07 1.27351e+11 -7.66754e+10 -9.59248e+06 -450.293 269.56 -0.000535167 1.48652e+11 524.811
1.296e+07 1.27332e+11 -7.66638e+10 -9.5925e+06 -450.431 269.642 -0.000535106 1.48629e+11 524.971
1.30464e+07 1.27312e+11 -7.66522e+10 -9.59253e+06 -450.569 269.725 -0.000535045 1.48607e+11 525.132
1.31328e+07 1.27293e+11 -7.66405e+10 -9.59255e+06 -450.707 269.808 -0.000534983 1.48584e+11 525.293
1.32192e+07 1.27273e+11 -7.66289e+10 -9.59257e+06 -450.845 269.89 -0.000534921 1.48561e+11 525.454
1.33056e+07 1.27254e+11 -7.66172e+10 -9.5926e+06 -450.983 269.973 -0.000534859 1.48539e+11 525.615
1.3392e+07 1.27234e+11 -7.66056e+10 -9.59262e+06 -451.121 270.056 -0.000534797 1.48516e+11 525.776
1.34784e+07 1.27215e+11 -7.65939e+10 -9.59264e+06 -451.26 270.139 -0.000534734 1.48493e+11 525.937
1.35648e+07 1.27195e+11 -7.65823e+10 -9.59267e+06 -451.398 270.222 -0.000534671 1.48471e+11 526.099
1.36512e+07 1.27176e+11 -7.65706e+10 -9.59269e+06 -451.537 270.305 -0.000534608 1.48448e+11 526.261
1.37376e+07 1.27156e+11 -7.65589e+10 -9.59271e+06 -451.676 270.388 -0.000534545 1.48425e+11 526.422
1.3824e+07 1.27137e+11 -7.65473e+10 -9.59274e+06 -451.815 270.471 -0.000534481 1.48402e+11 526.584
1.39104e+07 1.27117e+11 -7.65356e+10 -9.59276e+06 -451.953 270.554 -0.000534417 1.4838e+11 526.746
1.39968e+07 1.27098e+11 -7.65239e+10 -9.59278e+06 -452.093 270.637 -0.000534353 1.48357e+11 526.908
1.40832e+07 1.27078e+11 -7.65122e+10 -9.5928e+06 -452.232 270.72 -0.000534288 1.48334e+11 527.07
1.41696e+07 1.27059e+11 -7.65006e+10 -9.59283e+06 -452.371 270.804 -0.000534223 1.48312e+11 527.233
1.4256e+07 1.27039e+11 -7.64889e+10 -9.59285e+06 -452.51 270.887 -0.000534158 1.48289e+11 527.395
1.43424e+07 1.2702e+11 -7.64772e+10 -9.59287e+06 -452.65 270.971 -0.000534092 1.48266e+11 527.558
1.44288e+07 1.27e+11 -7.64655e+10 -9.5929e+06 -452.79 271.054 -0.000534026 1.48243e+11 527.72
1.45152e+07 1.26981e+11 -7.64538e+10 -9.59292e+06 -452.929 271.138 -0.00053396 1.4822e+11 527.883
1.46016e+07 1.26961e+11 -7.64421e+10 -9.59294e+06 -453.069 271.222 -0.000533893 1.48198e+11 528.046
1.4688e+07 1.26942e+11 -7.64304e+10 -9.59297e+06 -453.209 271.305 -0.000533826 1.48175e+11 528.209
1.47744e+07 1.26922e+11 -7.64187e+10 -9.59299e+06 -453.349 271.389 -0.000533759 1.48152e+11 528.373
1.48608e+07 1.26903e+11 -7.64069e+10 -9.59301e+06 -453.489 271.473 -0.000533691 1.48129e+11 528.536
1.49472e+07 1.26883e+11 -7.63952e+10 -9.59303e+06 -453.629 271.557 -0.000533623 1.48106e+11 528.699
1.50336e+07 1.26863e+11 -7.63835e+10 -9.59306e+06 -453.77 271.641 -0.000533554 1.48084e+11 528.863
1.512e+07 1.26844e+11 -7.63718e+10 -9.59308e+06 -453.91 271.725 -0.000533485 1.48061e+11 529.027
1.52064e+07 1.26824e+11 -7.63601e+10 -9.5931e+06 -454.051 271.809 -0.000533416 1.48038e+11 529.19
1.52928e+07 1.26805e+11 -7.63483e+10 -9.59313e+06 -454.192 271.894 -0.000533346 1.48015e+11 529.354
1.53792e+07 1.26785e+11 -7.63366e+10 -9.59315e+06 -454.332 271.978 -0.000533276 1.47992e+11 529.519
1.54656e+07 1.26765e+11 -7.63249e+10 -9.59317e+06 -454.473 272.062 -0.000533205 1.47969e+11 529.683
1.5552e+07 1.26746e+11 -7.63131e+10 -9.5932e+06 -454.614 272.147 -0.000533133 1.47947e+11 529.847
1.56384e+07 1.26726e+11 -7.63014e+10 -9.59322e+06 -454.755 272.231 -0.000533061 1.47924e+11 530.012
1.57248e+07 1.26707e+11 -7.62896e+10 -9.59324e+06 -454.897 272.316 -0.000532989 1.47901e+11 530.176
1.58112e+07 1.26687e+11 -7.62779e+10 -9.59326e+06 -455.038 272.4 -0.000532915 1.47878e+11 530.341
1.58976e+07 1.26667e+11 -7.62661e+10 -9.59329e+06 -455.18 272.485 -0.000532842 1.47855e+11 530.506
1.5984e+07 1.26648e+11 -7.62543e+10 -9.59331e+06 -455.321 272.57 -0.000532767 1.47832e+11 530.671
1.60704e+07 1.26628e+11 -7.62426e+10 -9.59333e+06 -455.463 272.654 -0.000532692 1.47809e+11 530.836
1.61568e+07 1.26608e+11 -7.62308e+10 -9.59336e+06 -455.605 272.739 -0.000532615 1.47786e+11 531.001
1.62432e+07 1.26589e+11 -7.6219e+10 -9.59338e+06 -455.746 272.824 -0.000532538 1.47763e+11 531.167
1.63296e+07 1.26569e+11 -7.62073e+10 -9.5934e+06 -455.888 272.909 -0.00053246 1.47741e+11 531.332
1.6416e+07 1.26549e+11 -7.61955e+10 -9.59343e+06 -456.031 272.994 -0.000532381 1.47718e+11 531.498
1.65024e+07 1.2653e+11 -7.61837e+10 -9.59345e+06 -456.173 273.08 -0.000532301 1.47695e+11 531.663
1.65888e+07 1.2651e+11 -7.61719e+10 -9.59347e+06 -456.315 273.165 -0.00053222 1.47672e+11 531.829
1.66752e+07 1.2649e+11 -7.61601e+10 -9.59349e+06 -456.458 273.25 -0.000532137 1.47649e+11 531.995
1.67616e+07 1.26471e+11 -7.61483e+10 -9.59352e+06 -456.6 273.335 -0.000532053 1.47626e+11 532.162
1.6848e+07 1.26451e+11 -7.61365e+10 -9.59354e+06 -456.743 273.421 -0.000531966 1.47603e+11 532.328
1.69344e+07 1.26431e+11 -7.61247e+10 -9.59356e+06 -456.886 273.506 -0.000531878 1.4758e+11 532.494
1.70208e+07 1.26411e+11 -7.61129e+10 -9.59359e+06 -457.029 273.592 -0.000531787 1.47557e+11 532.661
1.71072e+07 1.26392e+11 -7.61011e+10 -9.59361e+06 -457.172 273.677 -0.000531693 1.47534e+11 532.827
1.71936e+07 1.26372e+11 -7.60893e+10 -9.59363e+06 -457.315 273.763 -0.000531594 1.47511e+11 532.994
1.728e+07 1.26352e+11 -7.60775e+10 -9.59366e+06 -457.458 273.849 -0.000531489 1.47488e+11 533.161
1.73664e+07 1.26332e+11 -7.60657e+10 -9.59368e+06 -457.601 273.935 -0.000531376 1.47465e+11 533.328
1.74528e+07 1.26313e+11 -7.60538e+10 -9.5937e+06 -457.745 274.02 -0.000531332 1.47442e+11 533.495
1.75392e+07 1.26293e+11 -7.6042e+10 -9.59372e+06 -457.888 274.106 -0.000532182 1.47419e+11 533.663
1.76256e+07 1.26273e+11 -7.60302e+10 -9.59375e+06 -458.032 274.192 -0.000532155 1.47396e+11 533.83
1.7712e+07 1.26253e+11 -7.60184e+10 -9.59377e+06 -458.176 274.278 -0.000532114 1.47373e+11 533.998
1.77984e+07 1.26234e+11 -7.60065e+10 -9.59379e+06 -458.32 274.365 -0.000532073 1.4735e+11 534.166
1.78848e+07 1.26214e+11 -7.59947e+10 -9.59382e+06 -458.464 274.451 -0.000532032 1.47327e+11 534.333
1.79712e+07 1.26194e+11 -7.59828e+10 -9.59384e+06 -458.608 274.537 -0.00053199 1.47304e+11 534.501
1.80576e+07 1.26174e+11 -7.5971e+10 -9.59386e+06 -458.752 274.623 -0.000531948 1.4728e+11 534.67
1.8144e+07 1.26154e+11 -7.59591e+10 -9.59388e+06 -458.896 274.71 -0.000531905 1.47257e+11 534.838
1.82304e+07 1.26135e+11 -7.59473e+10 -9.59391e+06 -459.041 274.796 -0.000531862 1.47234e+11 535.006
1.83168e+07 1.26115e+11 -7.59354e+10 -9.59393e+06 -459.186 274.883 -0.000531818 1.47211e+11 535.175
1.84032e+07 1.26095e+11 -7.59235e+10 -9.59395e+06 -459.33 274.97 -0.000531774 1.47188e+11 535.343
1.84896e+07 1.26075e+11 -7.59117e+10 -9.59398e+06 -459.475 275.056 -0.00053173 1.47165e+11 535.512
1.8576e+07 1.26055e+11 -7.58998e+10 -9.594e+06 -459.62 275.143 -0.000531684 1.47142e+11 535.681
1.86624e+07 1.26036e+11 -7.58879e+10 -9.59402e+06 -459.765 275.23 -0.000531639 1.47119e+11 535.85
1.87488e+07 1.26016e+11 -7.5876e+10 -9.59405e+06 -459.91 275.317 -0.000531592 1.47096e+11 536.019
1.88352e+07 1.25996e+11 -7.58642e+10 -9.59407e+06 -460.055 275.404 -0.000531545 1.47073e+11 536.189
1.89216e+07 1.25976e+11 -7.58523e+10 -9.59409e+06 -460.201 275.491 -0.000531497 1.47049e+11 536.358
1.9008e+07 1.25956e+11 -7.58404e+10 -9.59411e+06 -460.346 275.578 -0.000531449 1.47026e+11 536.528
1.90944e+07 1.25936e+11 -7.58285e+10 -9.59414e+06 -460.492 275.665 -0.000531399 1.47003e+11 536.697
1.91808e+07 1.25916e+11 -7.58166e+10 -9.59416e+06 -460.638 275.752 -0.000531349 1.4698e+11 536.867
1.92672e+07 1.25897e+11 -7.58047e+10 -9.59418e+06 -460.784 275.839 -0.000531298 1.46957e+11 537.037
1.93536e+07 1.25877e+11 -7.57928e+10 -9.59421e+06 -460.93 275.927 -0.000531245 1.46934e+11 537.207
1.944e+07 1.25857e+11 -7.57809e+10 -9.59423e+06 -461.076 276.014 -0.000531192 1.4691e+11 537.378
1.95264e+07 1.25837e+11 -7.5769e+10 -9.59425e+06 -461.222 276.102 -0.000531137 1.46887e+11 537.548
1.96128e+07 1.25817e+11 -7.5757e+10 -9.59427e+06 -461.368 276.189 -0.000531081 1.46864e+11 537.718
1.96992e+07 1.25797e+11 -7.57451e+10 -9.5943e+06 -461.515 276.277 -0.000531023 1.46841e+11 537.889
1.97856e+07 1.25777e+11 -7.57332e+10 -9.59432e+06 -461.661 276.365 -0.000530963 1.46818e+11 538.06
1.9872e+07 1.25757e+11 -7.57213e+10 -9.59434e+06 -461.808 276.453 -0.000530901 1.46794e+11 538.231
1.99584e+07 1.25737e+11 -7.57093e+10 -9.59437e+06 -461.955 276.54 -0.000530835 1.46771e+11 538.402
2.00448e+07 1.25717e+11 -7.56974e+10 -9.59439e+06 -462.101 276.628 -0.000530767 1.46748e+11 538.573
2.01312e+07 1.25697e+11 -7.56855e+10 -9.59441e+06 -462.248 276.716 -0.000530694 1.46725e+11 538.744
2.02176e+07 1.25677e+11 -7.56735e+10 -9.59444e+06 -462.396 276.804 -0.000530614 1.46701e+11 538.916
2.0304e+07 1.25657e+11 -7.56616e+10 -9.59446e+06 -462.543 276.893 -0.000530524 1.46678e+11 539.088
2.03904e+07 1.25637e+11 -7.56496e+10 -9.59448e+06 -462.69 276.981 -0.000530481 1.46655e+11 539.259
2.04768e+07 1.25618e+11 -7.56377e+10 -9.5945e+06 -462.838 277.069 -0.000531507 1.46632e+11 539.431
2.05632e+07 1.25598e+11 -7.56257e+10 -9.59453e+06 -462.985 277.157 -0.000531489 1.46608e+11 539.603
2.06496e+07 1.25578e+11 -7.56138e+10 -9.59455e+06 -463.133 277.246 -0.000531448 1.46585e+11 539.775
2.0736e+07 1.25558e+11 -7.56018e+10 -9.59457e+06 -463.281 277.334 -0.000531408 1.46562e+11 539.948
2.08224e+07 1.25538e+11 -7.55898e+10 -9.5946e+06 -463.429 277.423 -0.000531366 1.46538e+11 540.12
2.09088e+07 1.25518e+11 -7.55778e+10 -9.59462e+06 -463.577 277.511 -0.000531325 1.46515e+11 540.293
2.09952e+07 1.25498e+11 -7.55659e+10 -9.59464e+06 -463.725 277.6 -0.000531283 1.46492e+11 540.465
2.10816e+07 1.25478e+11 -7.55539e+10 -9.59466e+06 -463.873 277.689 -0.000531241 1.46468e+11 540.638
2.1168e+07 1.25458e+11 -7.55419e+10 -9.59469e+06 -464.022 277.778 -0.000531198 1.46445e+11 540.811
2.12544e+07 1.25437e+11 -7.55299e+10 -9.59471e+06 -464.17 277.867 -0.000531156 1.46422e+11 540.984
2.13408e+07 1.25417e+11 -7.55179e+10 -9.59473e+06 -464.319 277.956 -0.000531113 1.46398e+11 541.158
2.14272e+07 1.25397e+11 -7.55059e+10 -9.59476e+06 -464.468 278.045 -0.000531069 1.46375e+11 541.331
2.15136e+07 1.25377e+11 -7.54939e+10 -9.59478e+06 -464.617 278.134 -0.000531025 1.46352e+11 541.505
2.16e+07 1.25357e+11 -7.54819e+10 -9.5948e+06 -464.766 278.223 -0.000530981 1.46328e+11 541.678
2.16864e+07 1.25337e+11 -7.54699e+10 -9.59482e+06 -464.915 278.312 -0.000530937 1.46305e+11 541.852
2.17728e+07 1.25317e+11 -7.54579e+10 -9.59485e+06 -465.064 278.402 -0.000530892 1.46282e+11 542.026
2.18592e+07 1.25297e+11 -7.54459e+10 -9.59487e+06 -465.214 278.491 -0.000530846 1.46258e+11 542.2
2.19456e+07 1.25277e+11 -7.54339e+10 -9.59489e+06 -465.363 278.581 -0.0005308 1.46235e+11 542.374
2.2032e+07 1.25257e+11 -7.54218e+10 -9.59492e+06 -465.513 278.67 -0.000530754 1.46211e+11 542.549
2.21184e+07 1.25237e+11 -7.54098e+10 -9.59494e+06 -465.662 278.76 -0.000530707 1.46188e+11 542.723
2.22048e+07 1.25217e+11 -7.53978e+10 -9.59496e+06 -465.812 278.85 -0.00053066 1.46164e+11 542.898
2.22912e+07 1.25197e+11 -7.53857e+10 -9.59499e+06 -465.962 278.939 -0.000530612 1.46141e+11 543.073
2.23776e+07 1.25177e+11 -7.53737e+10 -9.59501e+06 -466.112 279.029 -0.000530564 1.46118e+11 543.248
2.2464e+07 1.25156e+11 -7.53616e+10 -9.59503e+06 -466.263 279.119 -0.000530515 1.46094e+11 543.423
2.25504e+07 1.25136e+11 -7.53496e+10 -9.59505e+06 -466.413 279.209 -0.000530465 1.46071e+11 543.598
2.26368e+07 1.25116e+11 -7.53376e+10 -9.59508e+06 -466.563 279.299 -0.000530415 1.46047e+11 543.773
2.27232e+07 1.25096e+11 -7.53255e+10 -9.5951e+06 -466.714 279.389 -0.000530364 1.46024e+11 543.949
2.28096e+07 1.25076e+11 -7.53134e+10 -9.59512e+06 -466.865 279.48 -0.000530313 1.46e+11 544.124
2.2896e+07 1.25056e+11 -7.53014e+10 -9.59515e+06 -467.016 279.57 -0.00053026 1.45977e+11 544.3
2.29824e+07 1.25036e+11 -7.52893e+10 -9.59517e+06 -467.166 279.66 -0.000530207 1.45953e+11 544.476
2.30688e+07 1.25015e+11 -7.52772e+10 -9.59519e+06 -467.318 279.751 -0.000530153 1.4593e+11 544.652
2.31552e+07 1.24995e+11 -7.52652e+10 -9.59521e+06 -467.469 279.841 -0.000530097 1.45906e+11 544.828
2.32416e+07 1.24975e+11 -7.52531e+10 -9.59524e+06 -467.62 279.932 -0.000530041 1.45883e+11 545.005
2.3328e+07 1.24955e+11 -7.5241e+10 -9.59526e+06 -467.771 280.022 -0.000529983 1.45859e+11 545.181
2.34144e+07 1.24935e+11 -7.52289e+10 -9.59528e+06 -467.923 280.113 -0.000529924 1.45836e+11 545.358
2.35008e+07 1.24914e+11 -7.52168e+10 -9.59531e+06 -468.075 280.204 -0.000529864 1.45812e+11 545.535
2.35872e+07 1.24894e+11 -7.52047e+10 -9.59533e+06 -468.227 280.295 -0.000529801 1.45789e+11 545.712
2.36736e+07 1.24874e+11 -7.51926e+10 -9.59535e+06 -468.378 280.386 -0.000529737 1.45765e+11 545.889
2.376e+07 1.24854e+11 -7.51805e+10 -9.59537e+06 -468.531 280.477 -0.00052967 1.45742e+11 546.066
2.38464e+07 1.24834e+11 -7.51684e+10 -9.5954e+06 -468.683 280.568 -0.0005296 1.45718e+11 546.243
2.39328e+07 1.24813e+11 -7.51563e+10 -9.59542e+06 -468.835 280.659 -0.000529526 1.45694e+11 546.421
2.40192e+07 1.24793e+11 -7.51442e+10 -9.59544e+06 -468.987 280.75 -0.000529447 1.45671e+11 546.599
2.41056e+07 1.24773e+11 -7.51321e+10 -9.59547e+06 -469.14 280.842 -0.00052936 1.45647e+11 546.776
2.4192e+07 1.24753e+11 -7.512e+10 -9.59549e+06 -469.293 280.933 -0.000529262 1.45624e+11 546.954
2.42784e+07 1.24732e+11 -7.51078e+10 -9.59552e+06 -469.453 281.026 -0.000994637 1.456e+11 547.139
2.43648e+07 1.24712e+11 -7.50957e+10 -9.59564e+06 -469.635 281.123 -0.00294307 1.45576e+11 547.346
2.44512e+07 1.24692e+11 -7.50836e+10 -9.59577e+06 -469.788 281.214 -0.00295908 1.45553e+11 547.524
2.45376e+07 1.24672e+11 -7.50714e+10 -9.5959e+06 -469.942 281.306 -0.00295992 1.45529e+11 547.703
2.4624e+07 1.24651e+11 -7.50593e+10 -9.59603e+06 -470.095 281.398 -0.00296068 1.45506e+11 547.881
2.47104e+07 1.24631e+11 -7.50471e+10 -9.59615e+06 -470.248 281.49 -0.00296145 1.45482e+11 548.06
2.47968e+07 1.24611e+11 -7.5035e+10 -9.59628e+06 -470.402 281.582 -0.00296221 1.45458e+11 548.239
2.48832e+07 1.2459e+11 -7.50228e+10 -9.59641e+06 -470.556 281.674 -0.00296298 1.45435e+11 548.418
2.49696e+07 1.2457e+11 -7.50107e+10 -9.59654e+06 -470.71 281.766 -0.00296375 1.45411e+11 548.598
2.5056e+07 1.2455e+11 -7.49985e+10 -9.59667e+06 -470.863 281.858 -0.00296452 1.45387e+11 548.777
2.51424e+07 1.24529e+11 -7.49864e+10 -9.59679e+06 -471.018 281.95 -0.00296528 1.45364e+11 548.957
2.52288e+07 1.24509e+11 -7.49742e+10 -9.59692e+06 -471.172 282.042 -0.00296605 1.4534e+11 549.136
2.53152e+07 1.24489e+11 -7.4962e+10 -9.59705e+06 -471.326 282.135 -0.00296682 1.45316e+11 549.316
2.54016e+07 1.24468e+11 -7.49498e+10 -9.59718e+06 -471.481 282.227 -0.00296759 1.45292e+11 549.496
2.5488e+07 1.24448e+11 -7.49377e+10 -9.59731e+06 -471.635 282.32 -0.00296836 1.45269e+11 549.676
2.55744e+07 1.24428e+11 -7.49255e+10 -9.59743e+06 -471.79 282.412 -0.00296914 1.45245e+11 549.857
2.56608e+07 1.24407e+11 -7.49133e+10 -9.59756e+06 -471.945 282.505 -0.00296991 1.45221e+11 550.037
2.57472e+07 1.24387e+11 -7.49011e+10 -9.59769e+06 -472.1 282.598 -0.00297068 1.45197e+11 550.218
2.58336e+07 1.24367e+11 -7.48889e+10 -9.59782e+06 -472.255 282.691 -0.00297145 1.45174e+11 550.398
2.592e+07 1.24346e+11 -7.48767e+10 -9.59795e+06 -472.41 282.783 -0.00297223 1.4515e+11 550.579
2.60064e+07 1.24326e+11 -7.48645e+10 -9.59807e+06 -472.565 282.876 -0.002973 1.45126e+11 550.76
2.60928e+07 1.24306e+11 -7.48523e+10 -9.5982e+06 -472.721 282.97 -0.00297378 1.45102e+11 550.942
2.61792e+07 1.24285e+11 -7.48401e+10 -9.59833e+06 -472.876 283.063 -0.00297455 1.45079e+11 551.123
2.62656e+07 1.24265e+11 -7.48278e+10 -9.59846e+06 -473.032 283.156 -0.00297533 1.45055e+11 551.304
2.6352e+07 1.24244e+11 -7.48156e+10 -9.59859e+06 -473.188 283.249 -0.00297611 1.45031e+11 551.486
2.64384e+07 1.24224e+11 -7.48034e+10 -9.59872e+06 -473.344 283.343 -0.00297688 1.45007e+11 551.668
2.65248e+07 1.24203e+11 -7.47912e+10 -9.59884e+06 -473.5 283.436 -0.00297766 1.44983e+11 551.85
2.66112e+07 1.24183e+11 -7.47789e+10 -9.59897e+06 -473.656 283.529 -0.00297844 1.4496e+11 552.032
2.66976e+07 1.24163e+11 -7.47667e+10 -9.5991e+06 -473.813 283.623 -0.00297922 1.44936e+11 552.214
2.6784e+07 1.24142e+11 -7.47545e+10 -9.59923e+06 -473.969 283.717 -0.00298 1.44912e+11 552.397
2.68704e+07 1.24122e+11 -7.47422e+10 -9.59936e+06 -474.126 283.811 -0.00298078 1.44888e+11 552.579
2.69568e+07 1.24101e+11 -7.473e+10 -9.59949e+06 -474.283 283.904 -0.00298156 1.44864e+11 552.762
2.70432e+07 1.24081e+11 -7.47177e+10 -9.59962e+06 -474.44 283.998 -0.00298234 1.4484e+11 552.945
2.71296e+07 1.2406e+11 -7.47054e+10 -9.59975e+06 -474.597 284.092 -0.00298312 1.44817e+11 553.128
2.7216e+07 1.2404e+11 -7.46932e+10 -9.59987e+06 -474.754 284.186 -0.00298391 1.44793e+11 553.311
2.73024e+07 1.24019e+11 -7.46809e+10 -9.6e+06 -474.911 284.28 -0.00298469 1.44769e+11 553.494
2.73888e+07 1.23999e+11 -7.46687e+10 -9.60013e+06 -475.068 284.375 -0.00298547 1.44745e+11 553.678
2.74752e+07 1.23978e+11 -7.46564e+10 -9.60026e+06 -475.226 284.469 -0.00298626 1.44721e+11 553.861
2.75616e+07 1.23958e+11 -7.46441e+10 -9.60039e+06 -475.384 284.563 -0.00298704 1.44697e+11 554.045
2.7648e+07 1.23937e+11 -7.46318e+10 -9.60052e+06 -475.541 284.658 -0.00298783 1.44673e+11 554.229
2.77344e+07 1.23917e+11 -7.46195e+10 -9.60065e+06 -475.699 284.752 -0.00298862 1.44649e+11 554.413
2.78208e+07 1.23896e+11 -7.46072e+10 -9.60078e+06 -475.857 284.847 -0.0029894 1.44625e+11 554.597
2.79072e+07 1.23876e+11 -7.45949e+10 -9.60091e+06 -476.016 284.942 -0.00299019 1.44601e+11 554.782
2.79936e+07 1.23855e+11 -7.45826e+10 -9.60103e+06 -476.174 285.036 -0.00299098 1.44577e+11 554.966
2.808e+07 1.23835e+11 -7.45703e+10 -9.60116e+06 -476.332 285.131 -0.00299177 1.44554e+11 555.151
2.81664e+07 1.23814e+11 -7.4558e+10 -9.60129e+06 -476.491 285.226 -0.00299256 1.4453e+11 555.336
2.82528e+07 1.23793e+11 -7.45457e+10 -9.60142e+06 -476.65 285.321 -0.00299335 1.44506e+11 555.521
2.83392e+07 1.23773e+11 -7.45334e+10 -9.60155e+06 -476.809 285.416 -0.00299414 1.44482e+11 555.706
2.84256e+07 1.23752e+11 -7.45211e+10 -9.60168e+06 -476.968 285.511 -0.00299493 1.44458e+11 555.891
2.8512e+07 1.23732e+11 -7.45088e+10 -9.60181e+06 -477.127 285.607 -0.00299572 1.44434e+11 556.076
2.85984e+07 1.23711e+11 -7.44964e+10 -9.60194e+06 -477.286 285.702 -0.00299651 1.4441e+11 556.262
2.86848e+07 1.2369e+11 -7.44841e+10 -9.60207e+06 -477.445 285.797 -0.00299731 1.44386e+11 556.448
2.87712e+07 1.2367e+11 -7.44718e+10 -9.6022e+06 -477.605 285.893 -0.0029981 1.44362e+11 556.634
2.88576e+07 1.23649e+11 -7.44594e+10 -9.60233e+06 -477.765 285.988 -0.00299889 1.44338e+11 556.82
2.8944e+07 1.23629e+11 -7.44471e+10 -9.60246e+06 -477.924 286.084 -0.00299969 1.44314e+11 557.006
2.90304e+07 1.23608e+11 -7.44347e+10 -9.60259e+06 -478.084 286.18 -0.00300048 1.4429e+11 557.192
2.91168e+07 1.23587e+11 -7.44224e+10 -9.60271e+06 -478.244 286.276 -0.00300128 1.44265e+11 557.379
2.92032e+07 1.23567e+11 -7.441e+10 -9.60284e+06 -478.404 286.372 -0.00300208 1.44241e+11 557.566
2.92896e+07 1.23546e+11 -7.43977e+10 -9.60297e+06 -478.565 286.467 -0.00300287 1.44217e+11 557.753
2.9376e+07 1.23525e+11 -7.43853e+10 -9.6031e+06 -478.725 286.564 -0.00300367 1.44193e+11 557.94
2.94624e+07 1.23505e+11 -7.43729e+10 -9.60323e+06 -478.886 286.66 -0.00300447 1.44169e+11 558.127
2.95488e+07 1.23484e+11 -7.43606e+10 -9.60336e+06 -479.047 286.756 -0.00300527 1.44145e+11 558.314
2.96352e+07 1.23463e+11 -7.43482e+10 -9.60349e+06 -479.207 286.852 -0.00300607 1.44121e+11 558.502
2.97216e+07 1.23443e+11 -7.43358e+10 -9.60362e+06 -479.368 286.948 -0.00300687 1.44097e+11 558.689
2.9808e+07 1.23422e+11 -7.43234e+10 -9.60375e+06 -479.53 287.045 -0.00300767 1.44073e+11 558.877
2.98944e+07 1.23401e+11 -7.4311e+10 -9.60388e+06 -479.691 287.141 -0.00300847 1.44049e+11 559.065
2.99808e+07 1.23381e+11 -7.42986e+10 -9.60401e+06 -479.852 287.238 -0.00300928 1.44025e+11 559.253
3.00672e+07 1.2336e+11 -7.42862e+10 -9.60414e+06 -480.014 287.335 -0.00301008 1.44e+11 559.441
3.01536e+07 1.23339e+11 -7.42738e+10 -9.60427e+06 -480.175 287.432 -0.00301088 1.43976e+11 559.63
3.024e+07 1.23318e+11 -7.42614e+10 -9.6044e+06 -480.337 287.528 -0.00301169 1.43952e+11 559.818
3.03264e+07 1.23298e+11 -7.4249e+10 -9.60453e+06 -480.499 287.625 -0.00301249 1.43928e+11 560.007
3.04128e+07 1.23277e+11 -7.42366e+10 -9.60466e+06 -480.661 287.722 -0.0030133 1.43904e+11 560.196
3.04992e+07 1.23256e+11 -7.42242e+10 -9.60479e+06 -480.824 287.819 -0.0030141 1.4388e+11 560.385
3.05856e+07 1.23235e+11 -7.42118e+10 -9.60492e+06 -480.986 287.917 -0.00301491 1.43855e+11 560.574
3.0672e+07 1.23215e+11 -7.41993e+10 -9.60505e+06 -481.148 288.014 -0.00301572 1.43831e+11 560.764
3.07584e+07 1.23194e+11 -7.41869e+10 -9.60518e+06 -481.311 288.111 -0.00301652 1.43807e+11 560.953
3.08448e+07 1.23173e+11 -7.41745e+10 -9.60531e+06 -481.474 288.209 -0.00301733 1.43783e+11 561.143
3.09312e+07 1.23152e+11 -7.4162e+10 -9.60544e+06 -481.637 288.306 -0.00301814 1.43759e+11 561.333
3.10176e+07 1.23132e+11 -7.41496e+10 -9.60557e+06 -481.8 288.404 -0.00301895 1.43734e+11 561.523
3.1104e+07 1.23111e+11 -7.41371e+10 -9.6057e+06 -481.963 288.501 -0.00301976 1.4371e+11 561.713
3.11904e+07 1.2309e+11 -7.41247e+10 -9.60583e+06 -482.126 288.599 -0.00302057 1.43686e+11 561.903
3.12768e+07 1.23069e+11 -7.41122e+10 -9.60596e+06 -482.29 288.697 -0.00302139 1.43662e+11 562.094
3.13632e+07 1.23048e+11 -7.40998e+10 -9.60609e+06 -482.453 288.795 -0.0030222 1.43637e+11 562.284
3.14496e+07 1.23028e+11 -7.40873e+10 -9.60622e+06 -482.617 288.893 -0.00302301 1.43613e+11 562.475
