0 1.23962e+11 7.50486e+11 -5.86507e+09 -6153.1 11131.7 641.723 7.60678e+11 12735.3
86400 1.23053e+11 7.51606e+11 -5.80841e+09 -15155.5 13344.8 615.663 7.61635e+11 20202.8
172800 1.22575e+11 7.51515e+11 -5.81672e+09 -13671.3 -2633.09 -240.835 7.61468e+11 13924.6
259200 9.19623e+11 9.04169e+11 8.31462e+09 1.96076e+07 3.7553e+06 347634 1.28969e+12 1.9967e+07
345600 9.24705e+11 9.05142e+11 8.40473e+09 58817.8 11261.1 1042.86 1.294e+12 59895.2
432000 9.2472e+11 9.05145e+11 8.405e+09 171.547 28.9888 3.08379 1.29401e+12 174.006
518400 9.2472e+11 9.05145e+11 8.40499e+09 -4.3918 -4.7074 -0.0355318 1.29401e+12 6.43807
604800 9.2472e+11 9.05144e+11 8.40499e+09 -4.91962 -4.80849 -0.0448897 1.29401e+12 6.87941
691200 9.2472e+11 9.05144e+11 8.40499e+09 -4.92121 -4.80879 -0.0449178 1.29401e+12 6.88075
777600 9.24719e+11 9.05144e+11 8.40499e+09 -4.92121 -4.80879 -0.0449179 1.29401e+12 6.88076
864000 9.24719e+11 9.05144e+11 8.40499e+09 -4.92122 -4.8088 -0.044918 1.29401e+12 6.88076
950400 9.24719e+11 9.05144e+11 8.40498e+09 -4.92122 -4.8088 -0.044918 1.29401e+12 6.88077
1.0368e+06 9.24719e+11 9.05143e+11 8.40498e+09 -4.92122 -4.8088 -0.044918 1.29401e+12 6.88077
1.1232e+06 9.24718e+11 9.05143e+11 8.40498e+09 -4.92122 -4.8088 -0.044918 1.29401e+12 6.88077
1.2096e+06 9.24718e+11 9.05143e+11 8.40498e+09 -4.92123 -4.80881 -0.044918 1.29401e+12 6.88078
1.296e+06 9.24718e+11 9.05143e+11 8.40498e+09 -4.92123 -4.80881 -0.0449181 1.29401e+12 6.88078
1.3824e+06 9.24718e+11 9.05143e+11 8.40498e+09 -4.92123 -4.80881 -0.0449181 1.29401e+12 6.88078
1.4688e+06 9.24718e+11 9.05142e+11 8.40497e+09 -4.92123 -4.80881 -0.0449181 1.29401e+12 6.88079
1.5552e+06 9.24717e+11 9.05142e+11 8.40497e+09 -4.92123 -4.80881 -0.0449181 1.29401e+12 6.88079
1.6416e+06 9.24717e+11 9.05142e+11 8.40497e+09 -4.92124 -4.80882 -0.0449181 1.29401e+12 6.88079
1.728e+06 9.24717e+11 9.05142e+11 8.40497e+09 -4.92124 -4.80882 -0.0449182 1.29401e+12 6.8808
1.8144e+06 9.24717e+11 9.05142e+11 8.40497e+09 -4.92124 -4.80882 -0.0449182 1.29401e+12 6.8808
1.9008e+06 9.24717e+11 9.05141e+11 8.40496e+09 -4.92124 -4.80882 -0.0449182 1.29401e+12 6.8808
1.9872e+06 9.24716e+11 9.05141e+11 8.40496e+09 -4.92125 -4.80883 -0.0449182 1.29401e+12 6.88081
2.0736e+06 9.24716e+11 9.05141e+11 8.40496e+09 -4.92125 -4.80883 -0.0449182 1.29401e+12 6.88081
2.16e+06 9.24716e+11 9.05141e+11 8.40496e+09 -4.92125 -4.80883 -0.0449183 1.29401e+12 6.88081
2.2464e+06 9.24716e+11 9.05141e+11 8.40496e+09 -4.92125 -4.80883 -0.0449183 1.29401e+12 6.88081
2.3328e+06 9.24715e+11 9.0514e+11 8.40495e+09 -4.92125 -4.80883 -0.0449183 1.294e+12 6.88082
2.4192e+06 9.24715e+11 9.0514e+11 8.40495e+09 -4.92126 -4.80884 -0.0449183 1.294e+12 6.88082
2.5056e+06 9.24715e+11 9.0514e+11 8.40495e+09 -4.92126 -4.80884 -0.0449183 1.294e+12 6.88082
2.592e+06 9.24715e+11 9.0514e+11 8.40495e+09 -4.92126 -4.80884 -0.0449184 1.294e+12 6.88083
2.6784e+06 9.24715e+11 9.0514e+11 8.40495e+09 -4.92126 -4.80884 -0.0449184 1.294e+12 6.88083
2.7648e+06 9.24714e+11 9.05139e+11 8.40494e+09 -4.92127 -4.80885 -0.0449184 1.294e+12 6.88083
2.8512e+06 9.24714e+11 9.05139e+11 8.40494e+09 -4.92127 -4.80885 -0.0449184 1.294e+12 6.88084
2.9376e+06 9.24714e+11 9.05139e+11 8.40494e+09 -4.92127 -4.80885 -0.0449184 1.294e+12 6.88084
3.024e+06 9.24714e+11 9.05139e+11 8.40494e+09 -4.92127 -4.80885 -0.0449185 1.294e+12 6.88084
3.1104e+06 9.24714e+11 9.05138e+11 8.40494e+09 -4.92127 -4.80885 -0.0449185 1.294e+12 6.88085
3.1968e+06 9.24713e+11 9.05138e+11 8.40493e+09 -4.92128 -4.80886 -0.0449185 1.294e+12 6.88085
3.2832e+06 9.24713e+11 9.05138e+11 8.40493e+09 -4.92128 -4.80886 -0.0449185 1.294e+12 6.88085
3.3696e+06 9.24713e+11 9.05138e+11 8.40493e+09 -4.92128 -4.80886 -0.0449186 1.294e+12 6.88086
3.456e+06 9.24713e+11 9.05138e+11 8.40493e+09 -4.92128 -4.80886 -0.0449186 1.294e+12 6.88086
3.5424e+06 9.24713e+11 9.05137e+11 8.40493e+09 -4.92129 -4.80887 -0.0449186 1.294e+12 6.88086
3.6288e+06 9.24712e+11 9.05137e+11 8.40492e+09 -4.92129 -4.80887 -0.0449186 1.294e+12 6.88087
3.7152e+06 9.24712e+11 9.05137e+11 8.40492e+09 -4.92129 -4.80887 -0.0449186 1.294e+12 6.88087
3.8016e+06 9.24712e+11 9.05137e+11 8.40492e+09 -4.92129 -4.80887 -0.0449187 1.294e+12 6.88087
3.888e+06 9.24712e+11 9.05137e+11 8.40492e+09 -4.9213 -4.80887 -0.0449187 1.294e+12 6.88088
3.9744e+06 9.24711e+11 9.05136e+11 8.40492e+09 -4.9213 -4.80888 -0.0449187 1.294e+12 6.88088
4.0608e+06 9.24711e+11 9.05136e+11 8.40492e+09 -4.9213 -4.80888 -0.0449187 1.294e+12 6.88088
4.1472e+06 9.24711e+11 9.05136e+11 8.40491e+09 -4.9213 -4.80888 -0.0449187 1.294e+12 6.88088
4.2336e+06 9.24711e+11 9.05136e+11 8.40491e+09 -4.9213 -4.80888 -0.0449188 1.294e+12 6.88089
4.32e+06 9.24711e+11 9.05136e+11 8.40491e+09 -4.92131 -4.80889 -0.0449188 1.294e+12 6.88089
4.4064e+06 9.2471e+11 9.05135e+11 8.40491e+09 -4.92131 -4.80889 -0.0449188 1.294e+12 6.88089
4.4928e+06 9.2471e+11 9.05135e+11 8.40491e+09 -4.92131 -4.80889 -0.0449188 1.294e+12 6.8809
4.5792e+06 9.2471e+11 9.05135e+11 8.4049e+09 -4.92131 -4.80889 -0.0449188 1.294e+12 6.8809
4.6656e+06 9.2471e+11 9.05135e+11 8.4049e+09 -4.92132 -4.80889 -0.0449189 1.294e+12 6.8809
4.752e+06 9.2471e+11 9.05135e+11 8.4049e+09 -4.92132 -4.8089 -0.0449189 1.294e+12 6.88091
4.8384e+06 9.24709e+11 9.05134e+11 8.4049e+09 -4.92132 -4.8089 -0.0449189 1.294e+12 6.88091
4.9248e+06 9.24709e+11 9.05134e+11 8.4049e+09 -4.92132 -4.8089 -0.0449189 1.294e+12 6.88091
5.0112e+06 9.24709e+11 9.05134e+11 8.40489e+09 -4.92132 -4.8089 -0.0449189 1.294e+12 6.88092
5.0976e+06 9.24709e+11 9.05134e+11 8.40489e+09 -4.92133 -4.80891 -0.044919 1.294e+12 6.88092
5.184e+06 9.24708e+11 9.05133e+11 8.40489e+09 -4.92133 -4.80891 -0.044919 1.29399e+12 6.88092
5.2704e+06 9.24708e+11 9.05133e+11 8.40489e+09 -4.92133 -4.80891 -0.044919 1.29399e+12 6.88093
5.3568e+06 9.24708e+11 9.05133e+11 8.40489e+09 -4.92133 -4.80891 -0.044919 1.29399e+12 6.88093
5.4432e+06 9.24708e+11 9.05133e+11 8.40488e+09 -4.92134 -4.80891 -0.044919 1.29399e+12 6.88093
5.5296e+06 9.24708e+11 9.05133e+11 8.40488e+09 -4.92134 -4.80892 -0.0449191 1.29399e+12 6.88094
5.616e+06 9.24707e+11 9.05132e+11 8.40488e+09 -4.92134 -4.80892 -0.0449191 1.29399e+12 6.88094
5.7024e+06 9.24707e+11 9.05132e+11 8.40488e+09 -4.92134 -4.80892 -0.0449191 1.29399e+12 6.88094
5.7888e+06 9.24707e+11 9.05132e+11 8.40488e+09 -4.92134 -4.80892 -0.0449191 1.29399e+12 6.88094
5.8752e+06 9.24707e+11 9.05132e+11 8.40487e+09 -4.92135 -4.80893 -0.0449191 1.29399e+12 6.88095
5.9616e+06 9.24707e+11 9.05132e+11 8.40487e+09 -4.92135 -4.80893 -0.0449192 1.29399e+12 6.88095
6.048e+06 9.24706e+11 9.05131e+11 8.40487e+09 -4.92135 -4.80893 -0.0449192 1.29399e+12 6.88095
6.1344e+06 9.24706e+11 9.05131e+11 8.40487e+09 -4.92135 -4.80893 -0.0449192 1.29399e+12 6.88096
6.2208e+06 9.24706e+11 9.05131e+11 8.40487e+09 -4.92136 -4.80893 -0.0449192 1.29399e+12 6.88096
6.3072e+06 9.24706e+11 9.05131e+11 8.40486e+09 -4.92136 -4.80894 -0.0449192 1.29399e+12 6.88096
6.3936e+06 9.24706e+11 9.05131e+11 8.40486e+09 -4.92136 -4.80894 -0.0449193 1.29399e+12 6.88097
6.48e+06 9.24705e+11 9.0513e+11 8.40486e+09 -4.92136 -4.80894 -0.0449193 1.29399e+12 6.88097
6.5664e+06 9.24705e+11 9.0513e+11 8.40486e+09 -4.92136 -4.80894 -0.0449193 1.29399e+12 6.88097
6.6528e+06 9.24705e+11 9.0513e+11 8.40486e+09 -4.92137 -4.80895 -0.0449193 1.29399e+12 6.88098
6.7392e+06 9.24705e+11 9.0513e+11 8.40485e+09 -4.92137 -4.80895 -0.0449193 1.29399e+12 6.88098
6.8256e+06 9.24704e+11 9.0513e+11 8.40485e+09 -4.92137 -4.80895 -0.0449194 1.29399e+12 6.88098
6.912e+06 9.24704e+11 9.05129e+11 8.40485e+09 -4.92137 -4.80895 -0.0449194 1.29399e+12 6.88099
6.9984e+06 9.24704e+11 9.05129e+11 8.40485e+09 -4.92138 -4.80895 -0.0449194 1.29399e+12 6.88099
7.0848e+06 9.24704e+11 9.05129e+11 8.40485e+09 -4.92138 -4.80896 -0.0449194 1.29399e+12 6.88099
7.1712e+06 9.24704e+11 9.05129e+11 8.40485e+09 -4.92138 -4.80896 -0.0449194 1.29399e+12 6.881
7.2576e+06 9.24703e+11 9.05129e+11 8.40484e+09 -4.92138 -4.80896 -0.0449195 1.29399e+12 6.881
7.344e+06 9.24703e+11 9.05128e+11 8.40484e+09 -4.92139 -4.80896 -0.0449195 1.29399e+12 6.881
7.4304e+06 9.24703e+11 9.05128e+11 8.40484e+09 -4.92139 -4.80897 -0.0449195 1.29399e+12 6.881
7.5168e+06 9.24703e+11 9.05128e+11 8.40484e+09 -4.92139 -4.80897 -0.0449195 1.29399e+12 6.88101
7.6032e+06 9.24703e+11 9.05128e+11 8.40484e+09 -4.92139 -4.80897 -0.0449195 1.29399e+12 6.88101
7.6896e+06 9.24702e+11 9.05127e+11 8.40483e+09 -4.92139 -4.80897 -0.0449196 1.29399e+12 6.88101
7.776e+06 9.24702e+11 9.05127e+11 8.40483e+09 -4.9214 -4.80897 -0.0449196 1.29399e+12 6.88102
7.8624e+06 9.24702e+11 9.05127e+11 8.40483e+09 -4.9214 -4.80898 -0.0449196 1.29399e+12 6.88102
7.9488e+06 9.24702e+11 9.05127e+11 8.40483e+09 -4.9214 -4.80898 -0.0449196 1.29399e+12 6.88102
8.0352e+06 9.24701e+11 9.05127e+11 8.40483e+09 -4.9214 -4.80898 -0.0449196 1.29399e+12 6.88103
8.1216e+06 9.24701e+11 9.05126e+11 8.40482e+09 -4.92141 -4.80898 -0.0449197 1.29398e+12 6.88103
8.208e+06 9.24701e+11 9.05126e+11 8.40482e+09 -4.92141 -4.80899 -0.0449197 1.29398e+12 6.88103
8.2944e+06 9.24701e+11 9.05126e+11 8.40482e+09 -4.92141 -4.80899 -0.0449197 1.29398e+12 6.88104
8.3808e+06 9.24701e+11 9.05126e+11 8.40482e+09 -4.92141 -4.80899 -0.0449197 1.29398e+12 6.88104
8.4672e+06 9.247e+11 9.05126e+11 8.40482e+09 -4.92141 -4.80899 -0.0449197 1.29398e+12 6.88104
8.5536e+06 9.247e+11 9.05125e+11 8.40481e+09 -4.92142 -4.80899 -0.0449198 1.29398e+12 6.88105
8.64e+06 9.247e+11 9.05125e+11 8.40481e+09 -4.92142 -4.809 -0.0449198 1.29398e+12 6.88105
8.7264e+06 9.247e+11 9.05125e+11 8.40481e+09 -4.92142 -4.809 -0.0449198 1.29398e+12 6.88105
8.8128e+06 9.247e+11 9.05125e+11 8.40481e+09 -4.92142 -4.809 -0.0449198 1.29398e+12 6.88106
8.8992e+06 9.24699e+11 9.05125e+11 8.40481e+09 -4.92143 -4.809 -0.0449199 1.29398e+12 6.88106
8.9856e+06 9.24699e+11 9.05124e+11 8.4048e+09 -4.92143 -4.80901 -0.0449199 1.29398e+12 6.88106
9.072e+06 9.24699e+11 9.05124e+11 8.4048e+09 -4.92143 -4.80901 -0.0449199 1.29398e+12 6.88106
9.1584e+06 9.24699e+11 9.05124e+11 8.4048e+09 -4.92143 -4.80901 -0.0449199 1.29398e+12 6.88107
9.2448e+06 9.24698e+11 9.05124e+11 8.4048e+09 -4.92143 -4.80901 -0.0449199 1.29398e+12 6.88107
9.3312e+06 9.24698e+11 9.05124e+11 8.4048e+09 -4.92144 -4.80901 -0.04492 1.29398e+12 6.88107
9.4176e+06 9.24698e+11 9.05123e+11 8.40479e+09 -4.92144 -4.80902 -0.04492 1.29398e+12 6.88108
9.504e+06 9.24698e+11 9.05123e+11 8.40479e+09 -4.92144 -4.80902 -0.04492 1.29398e+12 6.88108
9.5904e+06 9.24698e+11 9.05123e+11 8.40479e+09 -4.92144 -4.80902 -0.04492 1.29398e+12 6.88108
9.6768e+06 9.24697e+11 9.05123e+11 8.40479e+09 -4.92145 -4.80902 -0.04492 1.29398e+12 6.88109
9.7632e+06 9.24697e+11 9.05122e+11 8.40479e+09 -4.92145 -4.80903 -0.0449201 1.29398e+12 6.88109
9.8496e+06 9.24697e+11 9.05122e+11 8.40479e+09 -4.92145 -4.80903 -0.0449201 1.29398e+12 6.88109
9.936e+06 9.24697e+11 9.05122e+11 8.40478e+09 -4.92145 -4.80903 -0.0449201 1.29398e+12 6.8811
1.00224e+07 9.24697e+11 9.05122e+11 8.40478e+09 -4.92145 -4.80903 -0.0449201 1.29398e+12 6.8811
1.01088e+07 9.24696e+11 9.05122e+11 8.40478e+09 -4.92146 -4.80903 -0.0449201 1.29398e+12 6.8811
1.01952e+07 9.24696e+11 9.05121e+11 8.40478e+09 -4.92146 -4.80904 -0.0449202 1.29398e+12 6.88111
1.02816e+07 9.24696e+11 9.05121e+11 8.40478e+09 -4.92146 -4.80904 -0.0449202 1.29398e+12 6.88111
1.0368e+07 9.24696e+11 9.05121e+11 8.40477e+09 -4.92146 -4.80904 -0.0449202 1.29398e+12 6.88111
1.04544e+07 9.24696e+11 9.05121e+11 8.40477e+09 -4.92147 -4.80904 -0.0449202 1.29398e+12 6.88112
1.05408e+07 9.24695e+11 9.05121e+11 8.40477e+09 -4.92147 -4.80905 -0.0449202 1.29398e+12 6.88112
1.06272e+07 9.24695e+11 9.0512e+11 8.40477e+09 -4.92147 -4.80905 -0.0449203 1.29398e+12 6.88112
1.07136e+07 9.24695e+11 9.0512e+11 8.40477e+09 -4.92147 -4.80905 -0.0449203 1.29398e+12 6.88112
1.08e+07 9.24695e+11 9.0512e+11 8.40476e+09 -4.92148 -4.80905 -0.0449203 1.29398e+12 6.88113
1.08864e+07 9.24694e+11 9.0512e+11 8.40476e+09 -4.92148 -4.80905 -0.0449203 1.29398e+12 6.88113
1.09728e+07 9.24694e+11 9.0512e+11 8.40476e+09 -4.92148 -4.80906 -0.0449203 1.29398e+12 6.88113
1.10592e+07 9.24694e+11 9.05119e+11 8.40476e+09 -4.92148 -4.80906 -0.0449204 1.29397e+12 6.88114
1.11456e+07 9.24694e+11 9.05119e+11 8.40476e+09 -4.92148 -4.80906 -0.0449204 1.29397e+12 6.88114
1.1232e+07 9.24694e+11 9.05119e+11 8.40475e+09 -4.92149 -4.80906 -0.0449204 1.29397e+12 6.88114
1.13184e+07 9.24693e+11 9.05119e+11 8.40475e+09 -4.92149 -4.80907 -0.0449204 1.29397e+12 6.88115
1.14048e+07 9.24693e+11 9.05119e+11 8.40475e+09 -4.92149 -4.80907 -0.0449204 1.29397e+12 6.88115
1.14912e+07 9.24693e+11 9.05118e+11 8.40475e+09 -4.92149 -4.80907 -0.0449205 1.29397e+12 6.88115
1.15776e+07 9.24693e+11 9.05118e+11 8.40475e+09 -4.9215 -4.80907 -0.0449205 1.29397e+12 6.88116
1.1664e+07 9.24693e+11 9.05118e+11 8.40474e+09 -4.9215 -4.80907 -0.0449205 1.29397e+12 6.88116
1.17504e+07 9.24692e+11 9.05118e+11 8.40474e+09 -4.9215 -4.80908 -0.0449205 1.29397e+12 6.88116
1.18368e+07 9.24692e+11 9.05118e+11 8.40474e+09 -4.9215 -4.80908 -0.0449205 1.29397e+12 6.88117
1.19232e+07 9.24692e+11 9.05117e+11 8.40474e+09 -4.9215 -4.80908 -0.0449206 1.29397e+12 6.88117
1.20096e+07 9.24692e+11 9.05117e+11 8.40474e+09 -4.92151 -4.80908 -0.0449206 1.29397e+12 6.88117
1.2096e+07 9.24691e+11 9.05117e+11 8.40473e+09 -4.92151 -4.80909 -0.0449206 1.29397e+12 6.88118
1.21824e+07 9.24691e+11 9.05117e+11 8.40473e+09 -4.92151 -4.80909 -0.0449206 1.29397e+12 6.88118
1.22688e+07 9.24691e+11 9.05116e+11 8.40473e+09 -4.92151 -4.80909 -0.0449206 1.29397e+12 6.88118
1.23552e+07 9.24691e+11 9.05116e+11 8.40473e+09 -4.92152 -4.80909 -0.0449207 1.29397e+12 6.88118
1.24416e+07 9.24691e+11 9.05116e+11 8.40473e+09 -4.92152 -4.80909 -0.0449207 1.29397e+12 6.88119
1.2528e+07 9.2469e+11 9.05116e+11 8.40473e+09 -4.92152 -4.8091 -0.0449207 1.29397e+12 6.88119
1.26144e+07 9.2469e+11 9.05116e+11 8.40472e+09 -4.92152 -4.8091 -0.0449207 1.29397e+12 6.88119
1.27008e+07 9.2469e+11 9.05115e+11 8.40472e+09 -4.92152 -4.8091 -0.0449207 1.29397e+12 6.8812
1.27872e+07 9.2469e+11 9.05115e+11 8.40472e+09 -4.92153 -4.8091 -0.0449208 1.29397e+12 6.8812
1.28736e+07 9.2469e+11 9.05115e+11 8.40472e+09 -4.92153 -4.80911 -0.0449208 1.29397e+12 6.8812
1.296e+07 9.24689e+11 9.05115e+11 8.40472e+09 -4.92153 -4.80911 -0.0449208 1.29397e+12 6.88121
1.30464e+07 9.24689e+11 9.05115e+11 8.40471e+09 -4.92153 -4.80911 -0.0449208 1.29397e+12 6.88121
1.31328e+07 9.24689e+11 9.05114e+11 8.40471e+09 -4.92154 -4.80911 -0.0449208 1.29397e+12 6.88121
1.32192e+07 9.24689e+11 9.05114e+11 8.40471e+09 -4.92154 -4.80911 -0.0449209 1.29397e+12 6.88122
1.33056e+07 9.24689e+11 9.05114e+11 8.40471e+09 -4.92154 -4.80912 -0.0449209 1.29397e+12 6.88122
1.3392e+07 9.24688e+11 9.05114e+11 8.40471e+09 -4.92154 -4.80912 -0.0449209 1.29397e+12 6.88122
1.34784e+07 9.24688e+11 9.05114e+11 8.4047e+09 -4.92155 -4.80912 -0.0449209 1.29397e+12 6.88123
1.35648e+07 9.24688e+11 9.05113e+11 8.4047e+09 -4.92155 -4.80912 -0.0449209 1.29397e+12 6.88123
1.36512e+07 9.24688e+11 9.05113e+11 8.4047e+09 -4.92155 -4.80913 -0.044921 1.29397e+12 6.88123
1.37376e+07 9.24687e+11 9.05113e+11 8.4047e+09 -4.92155 -4.80913 -0.044921 1.29397e+12 6.88124
1.3824e+07 9.24687e+11 9.05113e+11 8.4047e+09 -4.92155 -4.80913 -0.044921 1.29397e+12 6.88124
1.39104e+07 9.24687e+11 9.05113e+11 8.40469e+09 -4.92156 -4.80913 -0.044921 1.29397e+12 6.88124
1.39968e+07 9.24687e+11 9.05112e+11 8.40469e+09 -4.92156 -4.80913 -0.044921 1.29396e+12 6.88125
1.40832e+07 9.24687e+11 9.05112e+11 8.40469e+09 -4.92156 -4.80914 -0.0449211 1.29396e+12 6.88125
1.41696e+07 9.24686e+11 9.05112e+11 8.40469e+09 -4.92156 -4.80914 -0.0449211 1.29396e+12 6.88125
1.4256e+07 9.24686e+11 9.05112e+11 8.40469e+09 -4.92157 -4.80914 -0.0449211 1.29396e+12 6.88125
1.43424e+07 9.24686e+11 9.05111e+11 8.40468e+09 -4.92157 -4.80914 -0.0449211 1.29396e+12 6.88126
1.44288e+07 9.24686e+11 9.05111e+11 8.40468e+09 -4.92157 -4.80915 -0.0449212 1.29396e+12 6.88126
1.45152e+07 9.24686e+11 9.05111e+11 8.40468e+09 -4.92157 -4.80915 -0.0449212 1.29396e+12 6.88126
1.46016e+07 9.24685e+11 9.05111e+11 8.40468e+09 -4.92157 -4.80915 -0.0449212 1.29396e+12 6.88127
1.4688e+07 9.24685e+11 9.05111e+11 8.40468e+09 -4.92158 -4.80915 -0.0449212 1.29396e+12 6.88127
1.47744e+07 9.24685e+11 9.0511e+11 8.40467e+09 -4.92158 -4.80915 -0.0449212 1.29396e+12 6.88127
1.48608e+07 9.24685e+11 9.0511e+11 8.40467e+09 -4.92158 -4.80916 -0.0449213 1.29396e+12 6.88128
1.49472e+07 9.24684e+11 9.0511e+11 8.40467e+09 -4.92158 -4.80916 -0.0449213 1.29396e+12 6.88128
1.50336e+07 9.24684e+11 9.0511e+11 8.40467e+09 -4.92159 -4.80916 -0.0449213 1.29396e+12 6.88128
1.512e+07 9.24684e+11 9.0511e+11 8.40467e+09 -4.92159 -4.80916 -0.0449213 1.29396e+12 6.88129
1.52064e+07 9.24684e+11 9.05109e+11 8.40466e+09 -4.92159 -4.80917 -0.0449213 1.29396e+12 6.88129
1.52928e+07 9.24684e+11 9.05109e+11 8.40466e+09 -4.92159 -4.80917 -0.0449214 1.29396e+12 6.88129
1.53792e+07 9.24683e+11 9.05109e+11 8.40466e+09 -4.92159 -4.80917 -0.0449214 1.29396e+12 6.8813
1.54656e+07 9.24683e+11 9.05109e+11 8.40466e+09 -4.9216 -4.80917 -0.0449214 1.29396e+12 6.8813
1.5552e+07 9.24683e+11 9.05109e+11 8.40466e+09 -4.9216 -4.80917 -0.0449214 1.29396e+12 6.8813
1.56384e+07 9.24683e+11 9.05108e+11 8.40466e+09 -4.9216 -4.80918 -0.0449214 1.29396e+12 6.88131
1.57248e+07 9.24683e+11 9.05108e+11 8.40465e+09 -4.9216 -4.80918 -0.0449215 1.29396e+12 6.88131
1.58112e+07 9.24682e+11 9.05108e+11 8.40465e+09 -4.92161 -4.80918 -0.0449215 1.29396e+12 6.88131
1.58976e+07 9.24682e+11 9.05108e+11 8.40465e+09 -4.92161 -4.80918 -0.0449215 1.29396e+12 6.88131
1.5984e+07 9.24682e+11 9.05108e+11 8.40465e+09 -4.92161 -4.80919 -0.0449215 1.29396e+12 6.88132
1.60704e+07 9.24682e+11 9.05107e+11 8.40465e+09 -4.92161 -4.80919 -0.0449215 1.29396e+12 6.88132
1.61568e+07 9.24682e+11 9.05107e+11 8.40464e+09 -4.92161 -4.80919 -0.0449216 1.29396e+12 6.88132
1.62432e+07 9.24681e+11 9.05107e+11 8.40464e+09 -4.92162 -4.80919 -0.0449216 1.29396e+12 6.88133
1.63296e+07 9.24681e+11 9.05107e+11 8.40464e+09 -4.92162 -4.80919 -0.0449216 1.29396e+12 6.88133
1.6416e+07 9.24681e+11 9.05107e+11 8.40464e+09 -4.92162 -4.8092 -0.0449216 1.29396e+12 6.88133
1.65024e+07 9.24681e+11 9.05106e+11 8.40464e+09 -4.92162 -4.8092 -0.0449216 1.29396e+12 6.88134
1.65888e+07 9.2468e+11 9.05106e+11 8.40463e+09 -4.92163 -4.8092 -0.0449217 1.29396e+12 6.88134
1.66752e+07 9.2468e+11 9.05106e+11 8.40463e+09 -4.92163 -4.8092 -0.0449217 1.29396e+12 6.88134
1.67616e+07 9.2468e+11 9.05106e+11 8.40463e+09 -4.92163 -4.80921 -0.0449217 1.29396e+12 6.88135
1.6848e+07 9.2468e+11 9.05105e+11 8.40463e+09 -4.92163 -4.80921 -0.0449217 1.29395e+12 6.88135
1.69344e+07 9.2468e+11 9.05105e+11 8.40463e+09 -4.92164 -4.80921 -0.0449217 1.29395e+12 6.88135
1.70208e+07 9.24679e+11 9.05105e+11 8.40462e+09 -4.92164 -4.80921 -0.0449218 1.29395e+12 6.88136
1.71072e+07 9.24679e+11 9.05105e+11 8.40462e+09 -4.92164 -4.80921 -0.0449218 1.29395e+12 6.88136
1.71936e+07 9.24679e+11 9.05105e+11 8.40462e+09 -4.92164 -4.80922 -0.0449218 1.29395e+12 6.88136
1.728e+07 9.24679e+11 9.05104e+11 8.40462e+09 -4.92164 -4.80922 -0.0449218 1.29395e+12 6.88137
1.73664e+07 9.24679e+11 9.05104e+11 8.40462e+09 -4.92165 -4.80922 -0.0449218 1.29395e+12 6.88137
1.74528e+07 9.24678e+11 9.05104e+11 8.40461e+09 -4.92165 -4.80922 -0.0449219 1.29395e+12 6.88137
1.75392e+07 9.24678e+11 9.05104e+11 8.40461e+09 -4.92165 -4.80923 -0.0449219 1.29395e+12 6.88137
1.76256e+07 9.24678e+11 9.05104e+11 8.40461e+09 -4.92165 -4.80923 -0.0449219 1.29395e+12 6.88138
1.7712e+07 9.24678e+11 9.05103e+11 8.40461e+09 -4.92166 -4.80923 -0.0449219 1.29395e+12 6.88138
1.77984e+07 9.24677e+11 9.05103e+11 8.40461e+09 -4.92166 -4.80923 -0.0449219 1.29395e+12 6.88138
1.78848e+07 9.24677e+11 9.05103e+11 8.4046e+09 -4.92166 -4.80923 -0.044922 1.29395e+12 6.88139
1.79712e+07 9.24677e+11 9.05103e+11 8.4046e+09 -4.92166 -4.80924 -0.044922 1.29395e+12 6.88139
1.80576e+07 9.24677e+11 9.05103e+11 8.4046e+09 -4.92166 -4.80924 -0.044922 1.29395e+12 6.88139
1.8144e+07 9.24677e+11 9.05102e+11 8.4046e+09 -4.92167 -4.80924 -0.044922 1.29395e+12 6.8814
1.82304e+07 9.24676e+11 9.05102e+11 8.4046e+09 -4.92167 -4.80924 -0.044922 1.29395e+12 6.8814
1.83168e+07 9.24676e+11 9.05102e+11 8.4046e+09 -4.92167 -4.80925 -0.0449221 1.29395e+12 6.8814
1.84032e+07 9.24676e+11 9.05102e+11 8.40459e+09 -4.92167 -4.80925 -0.0449221 1.29395e+12 6.88141
1.84896e+07 9.24676e+11 9.05102e+11 8.40459e+09 -4.92168 -4.80925 -0.0449221 1.29395e+12 6.88141
1.8576e+07 9.24676e+11 9.05101e+11 8.40459e+09 -4.92168 -4.80925 -0.0449221 1.29395e+12 6.88141
1.86624e+07 9.24675e+11 9.05101e+11 8.40459e+09 -4.92168 -4.80925 -0.0449221 1.29395e+12 6.88142
1.87488e+07 9.24675e+11 9.05101e+11 8.40459e+09 -4.92168 -4.80926 -0.0449222 1.29395e+12 6.88142
1.88352e+07 9.24675e+11 9.05101e+11 8.40458e+09 -4.92168 -4.80926 -0.0449222 1.29395e+12 6.88142
1.89216e+07 9.24675e+11 9.051e+11 8.40458e+09 -4.92169 -4.80926 -0.0449222 1.29395e+12 6.88143
1.9008e+07 9.24675e+11 9.051e+11 8.40458e+09 -4.92169 -4.80926 -0.0449222 1.29395e+12 6.88143
1.90944e+07 9.24674e+11 9.051e+11 8.40458e+09 -4.92169 -4.80927 -0.0449222 1.29395e+12 6.88143
1.91808e+07 9.24674e+11 9.051e+11 8.40458e+09 -4.92169 -4.80927 -0.0449223 1.29395e+12 6.88143
1.92672e+07 9.24674e+11 9.051e+11 8.40457e+09 -4.9217 -4.80927 -0.0449223 1.29395e+12 6.88144
1.93536e+07 9.24674e+11 9.05099e+11 8.40457e+09 -4.9217 -4.80927 -0.0449223 1.29395e+12 6.88144
1.944e+07 9.24673e+11 9.05099e+11 8.40457e+09 -4.9217 -4.80927 -0.0449223 1.29395e+12 6.88144
1.95264e+07 9.24673e+11 9.05099e+11 8.40457e+09 -4.9217 -4.80928 -0.0449223 1.29395e+12 6.88145
1.96128e+07 9.24673e+11 9.05099e+11 8.40457e+09 -4.9217 -4.80928 -0.0449224 1.29395e+12 6.88145
1.96992e+07 9.24673e+11 9.05099e+11 8.40456e+09 -4.92171 -4.80928 -0.0449224 1.29395e+12 6.88145
1.97856e+07 9.24673e+11 9.05098e+11 8.40456e+09 -4.92171 -4.80928 -0.0449224 1.29394e+12 6.88146
1.9872e+07 9.24672e+11 9.05098e+11 8.40456e+09 -4.92171 -4.80929 -0.0449224 1.29394e+12 6.88146
1.99584e+07 9.24672e+11 9.05098e+11 8.40456e+09 -4.92171 -4.80929 -0.0449224 1.29394e+12 6.88146
2.00448e+07 9.24672e+11 9.05098e+11 8.40456e+09 -4.92172 -4.80929 -0.0449225 1.29394e+12 6.88147
2.01312e+07 9.24672e+11 9.05098e+11 8.40455e+09 -4.92172 -4.80929 -0.0449225 1.29394e+12 6.88147
2.02176e+07 9.24672e+11 9.05097e+11 8.40455e+09 -4.92172 -4.80929 -0.0449225 1.29394e+12 6.88147
2.0304e+07 9.24671e+11 9.05097e+11 8.40455e+09 -4.92172 -4.8093 -0.0449225 1.29394e+12 6.88148
2.03904e+07 9.24671e+11 9.05097e+11 8.40455e+09 -4.92173 -4.8093 -0.0449226 1.29394e+12 6.88148
2.04768e+07 9.24671e+11 9.05097e+11 8.40455e+09 -4.92173 -4.8093 -0.0449226 1.29394e+12 6.88148
2.05632e+07 9.24671e+11 9.05097e+11 8.40454e+09 -4.92173 -4.8093 -0.0449226 1.29394e+12 6.88149
2.06496e+07 9.2467e+11 9.05096e+11 8.40454e+09 -4.92173 -4.80931 -0.0449226 1.29394e+12 6.88149
2.0736e+07 9.2467e+11 9.05096e+11 8.40454e+09 -4.92173 -4.80931 -0.0449226 1.29394e+12 6.88149
2.08224e+07 9.2467e+11 9.05096e+11 8.40454e+09 -4.92174 -4.80931 -0.0449227 1.29394e+12 6.8815
2.09088e+07 9.2467e+11 9.05096e+11 8.40454e+09 -4.92174 -4.80931 -0.0449227 1.29394e+12 6.8815
2.09952e+07 9.2467e+11 9.05096e+11 8.40454e+09 -4.92174 -4.80931 -0.0449227 1.29394e+12 6.8815
2.10816e+07 9.24669e+11 9.05095e+11 8.40453e+09 -4.92174 -4.80932 -0.0449227 1.29394e+12 6.8815
2.1168e+07 9.24669e+11 9.05095e+11 8.40453e+09 -4.92175 -4.80932 -0.0449227 1.29394e+12 6.88151
2.12544e+07 9.24669e+11 9.05095e+11 8.40453e+09 -4.92175 -4.80932 -0.0449228 1.29394e+12 6.88151
2.13408e+07 9.24669e+11 9.05095e+11 8.40453e+09 -4.92175 -4.80932 -0.0449228 1.29394e+12 6.88151
2.14272e+07 9.24669e+11 9.05094e+11 8.40453e+09 -4.92175 -4.80933 -0.0449228 1.29394e+12 6.88152
2.15136e+07 9.24668e+11 9.05094e+11 8.40452e+09 -4.92175 -4.80933 -0.0449228 1.29394e+12 6.88152
2.16e+07 9.24668e+11 9.05094e+11 8.40452e+09 -4.92176 -4.80933 -0.0449228 1.29394e+12 6.88152
2.16864e+07 9.24668e+11 9.05094e+11 8.40452e+09 -4.92176 -4.80933 -0.0449229 1.29394e+12 6.88153
2.17728e+07 9.24668e+11 9.05094e+11 8.40452e+09 -4.92176 -4.80933 -0.0449229 1.29394e+12 6.88153
2.18592e+07 9.24667e+11 9.05093e+11 8.40452e+09 -4.92176 -4.80934 -0.0449229 1.29394e+12 6.88153
2.19456e+07 9.24667e+11 9.05093e+11 8.40451e+09 -4.92177 -4.80934 -0.0449229 1.29394e+12 6.88154
2.2032e+07 9.24667e+11 9.05093e+11 8.40451e+09 -4.92177 -4.80934 -0.0449229 1.29394e+12 6.88154
2.21184e+07 9.24667e+11 9.05093e+11 8.40451e+09 -4.92177 -4.80934 -0.044923 1.29394e+12 6.88154
2.22048e+07 9.24667e+11 9.05093e+11 8.40451e+09 -4.92177 -4.80935 -0.044923 1.29394e+12 6.88155
2.22912e+07 9.24666e+11 9.05092e+11 8.40451e+09 -4.92177 -4.80935 -0.044923 1.29394e+12 6.88155
2.23776e+07 9.24666e+11 9.05092e+11 8.4045e+09 -4.92178 -4.80935 -0.044923 1.29394e+12 6.88155
2.2464e+07 9.24666e+11 9.05092e+11 8.4045e+09 -4.92178 -4.80935 -0.044923 1.29394e+12 6.88156
2.25504e+07 9.24666e+11 9.05092e+11 8.4045e+09 -4.92178 -4.80935 -0.0449231 1.29394e+12 6.88156
2.26368e+07 9.24666e+11 9.05092e+11 8.4045e+09 -4.92178 -4.80936 -0.0449231 1.29394e+12 6.88156
2.27232e+07 9.24665e+11 9.05091e+11 8.4045e+09 -4.92179 -4.80936 -0.0449231 1.29393e+12 6.88156
2.28096e+07 9.24665e+11 9.05091e+11 8.40449e+09 -4.92179 -4.80936 -0.0449231 1.29393e+12 6.88157
2.2896e+07 9.24665e+11 9.05091e+11 8.40449e+09 -4.92179 -4.80936 -0.0449231 1.29393e+12 6.88157
2.29824e+07 9.24665e+11 9.05091e+11 8.40449e+09 -4.92179 -4.80937 -0.0449232 1.29393e+12 6.88157
2.30688e+07 9.24665e+11 9.05091e+11 8.40449e+09 -4.92179 -4.80937 -0.0449232 1.29393e+12 6.88158
2.31552e+07 9.24664e+11 9.0509e+11 8.40449e+09 -4.9218 -4.80937 -0.0449232 1.29393e+12 6.88158
2.32416e+07 9.24664e+11 9.0509e+11 8.40448e+09 -4.9218 -4.80937 -0.0449232 1.29393e+12 6.88158
2.3328e+07 9.24664e+11 9.0509e+11 8.40448e+09 -4.9218 -4.80937 -0.0449232 1.29393e+12 6.88159
2.34144e+07 9.24664e+11 9.0509e+11 8.40448e+09 -4.9218 -4.80938 -0.0449233 1.29393e+12 6.88159
2.35008e+07 9.24663e+11 9.05089e+11 8.40448e+09 -4.92181 -4.80938 -0.0449233 1.29393e+12 6.88159
2.35872e+07 9.24663e+11 9.05089e+11 8.40448e+09 -4.92181 -4.80938 -0.0449233 1.29393e+12 6.8816
2.36736e+07 9.24663e+11 9.05089e+11 8.40448e+09 -4.92181 -4.80938 -0.0449233 1.29393e+12 6.8816
2.376e+07 9.24663e+11 9.05089e+11 8.40447e+09 -4.92181 -4.80939 -0.0449233 1.29393e+12 6.8816
2.38464e+07 9.24663e+11 9.05089e+11 8.40447e+09 -4.92182 -4.80939 -0.0449234 1.29393e+12 6.88161
2.39328e+07 9.24662e+11 9.05088e+11 8.40447e+09 -4.92182 -4.80939 -0.0449234 1.29393e+12 6.88161
2.40192e+07 9.24662e+11 9.05088e+11 8.40447e+09 -4.92182 -4.80939 -0.0449234 1.29393e+12 6.88161
2.41056e+07 9.24662e+11 9.05088e+11 8.40447e+09 -4.92182 -4.80939 -0.0449234 1.29393e+12 6.88162
2.4192e+07 9.24662e+11 9.05088e+11 8.40446e+09 -4.92182 -4.8094 -0.0449234 1.29393e+12 6.88162
2.42784e+07 9.24662e+11 9.05088e+11 8.40446e+09 -4.92182 -4.8094 -0.0449241 1.29393e+12 6.88162
2.43648e+07 9.24661e+11 9.05087e+11 8.40446e+09 -4.92179 -4.8094 -0.0449266 1.29393e+12 6.8816
2.44512e+07 9.24661e+11 9.05087e+11 8.40446e+09 -4.92179 -4.80941 -0.0449267 1.29393e+12 6.8816
2.45376e+07 9.24661e+11 9.05087e+11 8.40446e+09 -4.9218 -4.80941 -0.0449267 1.29393e+12 6.88161
2.4624e+07 9.24661e+11 9.05087e+11 8.40445e+09 -4.9218 -4.80941 -0.0449267 1.29393e+12 6.88161
2.47104e+07 9.2466e+11 9.05087e+11 8.40445e+09 -4.9218 -4.80941 -0.0449267 1.29393e+12 6.88161
2.47968e+07 9.2466e+11 9.05086e+11 8.40445e+09 -4.9218 -4.80942 -0.0449268 1.29393e+12 6.88162
2.48832e+07 9.2466e+11 9.05086e+11 8.40445e+09 -4.9218 -4.80942 -0.0449268 1.29393e+12 6.88162
2.49696e+07 9.2466e+11 9.05086e+11 8.40445e+09 -4.92181 -4.80942 -0.0449268 1.29393e+12 6.88162
2.5056e+07 9.2466e+11 9.05086e+11 8.40444e+09 -4.92181 -4.80942 -0.0449268 1.29393e+12 6.88163
2.51424e+07 9.24659e+11 9.05086e+11 8.40444e+09 -4.92181 -4.80942 -0.0449268 1.29393e+12 6.88163
2.52288e+07 9.24659e+11 9.05085e+11 8.40444e+09 -4.92181 -4.80943 -0.0449269 1.29393e+12 6.88163
2.53152e+07 9.24659e+11 9.05085e+11 8.40444e+09 -4.92182 -4.80943 -0.0449269 1.29393e+12 6.88164
2.54016e+07 9.24659e+11 9.05085e+11 8.40444e+09 -4.92182 -4.80943 -0.0449269 1.29393e+12 6.88164
2.5488e+07 9.24659e+11 9.05085e+11 8.40443e+09 -4.92182 -4.80943 -0.0449269 1.29393e+12 6.88164
2.55744e+07 9.24658e+11 9.05085e+11 8.40443e+09 -4.92182 -4.80944 -0.044927 1.29392e+12 6.88164
2.56608e+07 9.24658e+11 9.05084e+11 8.40443e+09 -4.92183 -4.80944 -0.044927 1.29392e+12 6.88165
2.57472e+07 9.24658e+11 9.05084e+11 8.40443e+09 -4.92183 -4.80944 -0.044927 1.29392e+12 6.88165
2.58336e+07 9.24658e+11 9.05084e+11 8.40443e+09 -4.92183 -4.80944 -0.044927 1.29392e+12 6.88165
2.592e+07 9.24658e+11 9.05084e+11 8.40442e+09 -4.92183 -4.80944 -0.044927 1.29392e+12 6.88166
2.60064e+07 9.24657e+11 9.05083e+11 8.40442e+09 -4.92183 -4.80945 -0.0449271 1.29392e+12 6.88166
2.60928e+07 9.24657e+11 9.05083e+11 8.40442e+09 -4.92184 -4.80945 -0.0449271 1.29392e+12 6.88166
2.61792e+07 9.24657e+11 9.05083e+11 8.40442e+09 -4.92184 -4.80945 -0.0449271 1.29392e+12 6.88167
2.62656e+07 9.24657e+11 9.05083e+11 8.40442e+09 -4.92184 -4.80945 -0.0449271 1.29392e+12 6.88167
2.6352e+07 9.24656e+11 9.05083e+11 8.40441e+09 -4.92184 -4.80946 -0.0449271 1.29392e+12 6.88167
2.64384e+07 9.24656e+11 9.05082e+11 8.40441e+09 -4.92185 -4.80946 -0.0449272 1.29392e+12 6.88168
2.65248e+07 9.24656e+11 9.05082e+11 8.40441e+09 -4.92185 -4.80946 -0.0449272 1.29392e+12 6.88168
2.66112e+07 9.24656e+11 9.05082e+11 8.40441e+09 -4.92185 -4.80946 -0.0449272 1.29392e+12 6.88168
2.66976e+07 9.24656e+11 9.05082e+11 8.40441e+09 -4.92185 -4.80946 -0.0449272 1.29392e+12 6.88169
2.6784e+07 9.24655e+11 9.05082e+11 8.40441e+09 -4.92185 -4.80947 -0.0449272 1.29392e+12 6.88169
2.68704e+07 9.24655e+11 9.05081e+11 8.4044e+09 -4.92186 -4.80947 -0.0449273 1.29392e+12 6.88169
2.69568e+07 9.24655e+11 9.05081e+11 8.4044e+09 -4.92186 -4.80947 -0.0449273 1.29392e+12 6.8817
2.70432e+07 9.24655e+11 9.05081e+11 8.4044e+09 -4.92186 -4.80947 -0.0449273 1.29392e+12 6.8817
2.71296e+07 9.24655e+11 9.05081e+11 8.4044e+09 -4.92186 -4.80948 -0.0449273 1.29392e+12 6.8817
2.7216e+07 9.24654e+11 9.05081e+11 8.4044e+09 -4.92187 -4.80948 -0.0449273 1.29392e+12 6.8817
2.73024e+07 9.24654e+11 9.0508e+11 8.40439e+09 -4.92187 -4.80948 -0.0449274 1.29392e+12 6.88171
2.73888e+07 9.24654e+11 9.0508e+11 8.40439e+09 -4.92187 -4.80948 -0.0449274 1.29392e+12 6.88171
2.74752e+07 9.24654e+11 9.0508e+11 8.40439e+09 -4.92187 -4.80948 -0.0449274 1.29392e+12 6.88171
2.75616e+07 9.24653e+11 9.0508e+11 8.40439e+09 -4.92187 -4.80949 -0.0449274 1.29392e+12 6.88172
2.7648e+07 9.24653e+11 9.0508e+11 8.40439e+09 -4.92188 -4.80949 -0.0449274 1.29392e+12 6.88172
2.77344e+07 9.24653e+11 9.05079e+11 8.40438e+09 -4.92188 -4.80949 -0.0449275 1.29392e+12 6.88172
2.78208e+07 9.24653e+11 9.05079e+11 8.40438e+09 -4.92188 -4.80949 -0.0449275 1.29392e+12 6.88173
2.79072e+07 9.24653e+11 9.05079e+11 8.40438e+09 -4.92188 -4.8095 -0.0449275 1.29392e+12 6.88173
2.79936e+07 9.24652e+11 9.05079e+11 8.40438e+09 -4.92189 -4.8095 -0.0449275 1.29392e+12 6.88173
2.808e+07 9.24652e+11 9.05078e+11 8.40438e+09 -4.92189 -4.8095 -0.0449275 1.29392e+12 6.88174
2.81664e+07 9.24652e+11 9.05078e+11 8.40437e+09 -4.92189 -4.8095 -0.0449276 1.29392e+12 6.88174
2.82528e+07 9.24652e+11 9.05078e+11 8.40437e+09 -4.92189 -4.8095 -0.0449276 1.29392e+12 6.88174
2.83392e+07 9.24652e+11 9.05078e+11 8.40437e+09 -4.92189 -4.80951 -0.0449276 1.29392e+12 6.88175
2.84256e+07 9.24651e+11 9.05078e+11 8.40437e+09 -4.9219 -4.80951 -0.0449276 1.29392e+12 6.88175
2.8512e+07 9.24651e+11 9.05077e+11 8.40437e+09 -4.9219 -4.80951 -0.0449276 1.29391e+12 6.88175
2.85984e+07 9.24651e+11 9.05077e+11 8.40436e+09 -4.9219 -4.80951 -0.0449277 1.29391e+12 6.88176
2.86848e+07 9.24651e+11 9.05077e+11 8.40436e+09 -4.9219 -4.80952 -0.0449277 1.29391e+12 6.88176
2.87712e+07 9.24651e+11 9.05077e+11 8.40436e+09 -4.92191 -4.80952 -0.0449277 1.29391e+12 6.88176
2.88576e+07 9.2465e+11 9.05077e+11 8.40436e+09 -4.92191 -4.80952 -0.0449277 1.29391e+12 6.88176
2.8944e+07 9.2465e+11 9.05076e+11 8.40436e+09 -4.92191 -4.80952 -0.0449277 1.29391e+12 6.88177
2.90304e+07 9.2465e+11 9.05076e+11 8.40435e+09 -4.92191 -4.80952 -0.0449278 1.29391e+12 6.88177
2.91168e+07 9.2465e+11 9.05076e+11 8.40435e+09 -4.92192 -4.80953 -0.0449278 1.29391e+12 6.88177
2.92032e+07 9.24649e+11 9.05076e+11 8.40435e+09 -4.92192 -4.80953 -0.0449278 1.29391e+12 6.88178
2.92896e+07 9.24649e+11 9.05076e+11 8.40435e+09 -4.92192 -4.80953 -0.0449278 1.29391e+12 6.88178
2.9376e+07 9.24649e+11 9.05075e+11 8.40435e+09 -4.92192 -4.80953 -0.0449278 1.29391e+12 6.88178
2.94624e+07 9.24649e+11 9.05075e+11 8.40435e+09 -4.92192 -4.80954 -0.0449279 1.29391e+12 6.88179
2.95488e+07 9.24649e+11 9.05075e+11 8.40434e+09 -4.92193 -4.80954 -0.0449279 1.29391e+12 6.88179
2.96352e+07 9.24648e+11 9.05075e+11 8.40434e+09 -4.92193 -4.80954 -0.0449279 1.29391e+12 6.88179
2.97216e+07 9.24648e+11 9.05075e+11 8.40434e+09 -4.92193 -4.80954 -0.0449279 1.29391e+12 6.8818
2.9808e+07 9.24648e+11 9.05074e+11 8.40434e+09 -4.92193 -4.80954 -0.0449279 1.29391e+12 6.8818
2.98944e+07 9.24648e+11 9.05074e+11 8.40434e+09 -4.92194 -4.80955 -0.044928 1.29391e+12 6.8818
2.99808e+07 9.24648e+11 9.05074e+11 8.40433e+09 -4.92194 -4.80955 -0.044928 1.29391e+12 6.88181
3.00672e+07 9.24647e+11 9.05074e+11 8.40433e+09 -4.92194 -4.80955 -0.044928 1.29391e+12 6.88181
3.01536e+07 9.24647e+11 9.05074e+11 8.40433e+09 -4.92194 -4.80955 -0.044928 1.29391e+12 6.88181
3.024e+07 9.24647e+11 9.05073e+11 8.40433e+09 -4.92194 -4.80956 -0.044928 1.29391e+12 6.88182
3.03264e+07 9.24647e+11 9.05073e+11 8.40433e+09 -4.92195 -4.80956 -0.0449281 1.29391e+12 6.88182
3.04128e+07 9.24646e+11 9.05073e+11 8.40432e+09 -4.92195 -4.80956 -0.0449281 1.29391e+12 6.88182
3.04992e+07 9.24646e+11 9.05073e+11 8.40432e+09 -4.92195 -4.80956 -0.0449281 1.29391e+12 6.88183
3.05856e+07 9.24646e+11 9.05072e+11 8.40432e+09 -4.92195 -4.80956 -0.0449281 1.29391e+12 6.88183
3.0672e+07 9.24646e+11 9.05072e+11 8.40432e+09 -4.92196 -4.80957 -0.0449281 1.29391e+12 6.88183
3.07584e+07 9.24646e+11 9.05072e+11 8.40432e+09 -4.92196 -4.80957 -0.0449282 1.29391e+12 6.88183
3.08448e+07 9.24645e+11 9.05072e+11 8.40431e+09 -4.92196 -4.80957 -0.0449282 1.29391e+12 6.88184
3.09312e+07 9.24645e+11 9.05072e+11 8.40431e+09 -4.92196 -4.80957 -0.0449282 1.29391e+12 6.88184
3.10176e+07 9.24645e+11 9.05071e+11 8.40431e+09 -4.92196 -4.80958 -0.0449282 1.29391e+12 6.88184
3.1104e+07 9.24645e+11 9.05071e+11 8.40431e+09 -4.92197 -4.80958 -0.0449282 1.29391e+12 6.88185
3.11904e+07 9.24645e+11 9.05071e+11 8.40431e+09 -4.92197 -4.80958 -0.0449283 1.29391e+12 6.88185
3.12768e+07 9.24644e+11 9.05071e+11 8.4043e+09 -4.92197 -4.80958 -0.0449283 1.29391e+12 6.88185
3.13632e+07 9.24644e+11 9.05071e+11 8.4043e+09 -4.92197 -4.80958 -0.0449283 1.29391e+12 6.88186
3.14496e+07 9.24644e+11 9.0507e+11 8.4043e+09 -4.92198 -4.80959 -0.0449283 1.2939e+12 6.88186
