0 -1.06683e+12 8.63948e+11 2.71232e+10 -16262.3 -9403.44 2311.4 1.37305e+12 18927
86400 -1.06752e+12 8.62699e+11 2.74806e+10 1634.31 -12805.8 2351.65 1.37281e+12 13122.1
172800 -2.24126e+12 -3.6263e+10 6.12857e+11 -2.67293e+07 -2.04743e+07 1.33319e+07 2.32382e+12 3.62131e+07
259200 -2.24818e+12 -4.15699e+10 6.16312e+11 -80185.8 -61422.8 39995.2 2.3315e+12 108638
345600 -2.2482e+12 -4.15858e+10 6.16323e+11 -238.521 -184.23 119.427 2.33152e+12 324.185
432000 -2.2482e+12 -4.15859e+10 6.16323e+11 1.32046 -0.514602 -0.200033 2.33152e+12 1.43123
518400 -2.2482e+12 -4.15858e+10 6.16323e+11 2.03998 0.0365446 -0.558915 2.33152e+12 2.11548
604800 -2.2482e+12 -4.15858e+10 6.16323e+11 2.04214 0.0381981 -0.559991 2.33152e+12 2.11787
691200 -2.2482e+12 -4.15858e+10 6.16323e+11 2.04215 0.038203 -0.559995 2.33152e+12 2.11788
777600 -2.2482e+12 -4.15858e+10 6.16323e+11 2.04215 0.038203 -0.559995 2.33152e+12 2.11788
864000 -2.2482e+12 -4.15858e+10 6.16323e+11 2.04215 0.038203 -0.559995 2.33152e+12 2.11788
950400 -2.2482e+12 -4.15858e+10 6.16323e+11 2.04215 0.038203 -0.559995 2.33152e+12 2.11788
1.0368e+06 -2.2482e+12 -4.15858e+10 6.16323e+11 2.04215 0.038203 -0.559995 2.33152e+12 2.11788
1.1232e+06 -2.2482e+12 -4.15858e+10 6.16322e+11 2.04215 0.0382031 -0.559995 2.33152e+12 2.11788
1.2096e+06 -2.2482e+12 -4.15858e+10 6.16322e+11 2.04215 0.0382031 -0.559995 2.33152e+12 2.11788
1.296e+06 -2.2482e+12 -4.15858e+10 6.16322e+11 2.04215 0.0382031 -0.559995 2.33152e+12 2.11788
1.3824e+06 -2.2482e+12 -4.15858e+10 6.16322e+11 2.04215 0.0382031 -0.559995 2.33152e+12 2.11788
1.4688e+06 -2.2482e+12 -4.15858e+10 6.16322e+11 2.04215 0.0382031 -0.559995 2.33152e+12 2.11788
1.5552e+06 -2.2482e+12 -4.15858e+10 6.16322e+11 2.04215 0.0382031 -0.559995 2.33152e+12 2.11788
1.6416e+06 -2.2482e+12 -4.15858e+10 6.16322e+11 2.04215 0.0382031 -0.559995 2.33152e+12 2.11788
1.728e+06 -2.2482e+12 -4.15858e+10 6.16322e+11 2.04215 0.0382031 -0.559995 2.33152e+12 2.11788
1.8144e+06 -2.2482e+12 -4.15858e+10 6.16322e+11 2.04215 0.0382031 -0.559995 2.33152e+12 2.11788
1.9008e+06 -2.2482e+12 -4.15858e+10 6.16322e+11 2.04215 0.0382031 -0.559995 2.33152e+12 2.11788
1.9872e+06 -2.2482e+12 -4.15858e+10 6.16322e+11 2.04215 0.0382031 -0.559995 2.33152e+12 2.11788
2.0736e+06 -2.2482e+12 -4.15858e+10 6.16322e+11 2.04215 0.0382031 -0.559995 2.33152e+12 2.11788
2.16e+06 -2.2482e+12 -4.15858e+10 6.16322e+11 2.04215 0.0382031 -0.559995 2.33152e+12 2.11788
2.2464e+06 -2.2482e+12 -4.15858e+10 6.16322e+11 2.04215 0.0382031 -0.559996 2.33152e+12 2.11788
2.3328e+06 -2.2482e+12 -4.15858e+10 6.16322e+11 2.04215 0.0382031 -0.559996 2.33152e+12 2.11788
2.4192e+06 -2.2482e+12 -4.15858e+10 6.16322e+11 2.04215 0.0382031 -0.559996 2.33152e+12 2.11788
2.5056e+06 -2.2482e+12 -4.15858e+10 6.16322e+11 2.04215 0.0382031 -0.559996 2.33152e+12 2.11788
2.592e+06 -2.2482e+12 -4.15858e+10 6.16322e+11 2.04215 0.0382031 -0.559996 2.33152e+12 2.11788
2.6784e+06 -2.2482e+12 -4.15858e+10 6.16322e+11 2.04215 0.0382031 -0.559996 2.33152e+12 2.11788
2.7648e+06 -2.2482e+12 -4.15858e+10 6.16322e+11 2.04215 0.0382031 -0.559996 2.33152e+12 2.11788
2.8512e+06 -2.2482e+12 -4.15858e+10 6.16322e+11 2.04215 0.0382031 -0.559996 2.33152e+12 2.11788
2.9376e+06 -2.2482e+12 -4.15858e+10 6.16322e+11 2.04215 0.0382031 -0.559996 2.33152e+12 2.11788
3.024e+06 -2.2482e+12 -4.15858e+10 6.16322e+11 2.04215 0.0382031 -0.559996 2.33152e+12 2.11788
3.1104e+06 -2.2482e+12 -4.15858e+10 6.16322e+11 2.04215 0.0382031 -0.559996 2.33152e+12 2.11788
3.1968e+06 -2.2482e+12 -4.15858e+10 6.16322e+11 2.04215 0.0382031 -0.559996 2.33152e+12 2.11788
3.2832e+06 -2.2482e+12 -4.15858e+10 6.16322e+11 2.04215 0.0382031 -0.559996 2.33152e+12 2.11789
3.3696e+06 -2.2482e+12 -4.15858e+10 6.16322e+11 2.04215 0.0382031 -0.559996 2.33152e+12 2.11789
3.456e+06 -2.2482e+12 -4.15858e+10 6.16322e+11 2.04215 0.0382031 -0.559996 2.33152e+12 2.11789
3.5424e+06 -2.2482e+12 -4.15858e+10 6.16322e+11 2.04215 0.0382031 -0.559996 2.33152e+12 2.11789
3.6288e+06 -2.2482e+12 -4.15858e+10 6.16322e+11 2.04215 0.0382031 -0.559996 2.33152e+12 2.11789
3.7152e+06 -2.2482e+12 -4.15858e+10 6.16322e+11 2.04215 0.0382032 -0.559996 2.33152e+12 2.11789
3.8016e+06 -2.2482e+12 -4.15858e+10 6.16322e+11 2.04215 0.0382032 -0.559996 2.33152e+12 2.11789
3.888e+06 -2.2482e+12 -4.15858e+10 6.16322e+11 2.04215 0.0382032 -0.559996 2.33152e+12 2.11789
3.9744e+06 -2.2482e+12 -4.15858e+10 6.16322e+11 2.04215 0.0382032 -0.559996 2.33152e+12 2.11789
4.0608e+06 -2.2482e+12 -4.15858e+10 6.16322e+11 2.04215 0.0382032 -0.559996 2.33152e+12 2.11789
4.1472e+06 -2.2482e+12 -4.15858e+10 6.16322e+11 2.04215 0.0382032 -0.559996 2.33152e+12 2.11789
4.2336e+06 -2.2482e+12 -4.15858e+10 6.16322e+11 2.04215 0.0382032 -0.559997 2.33152e+12 2.11789
4.32e+06 -2.2482e+12 -4.15858e+10 6.16322e+11 2.04215 0.0382032 -0.559997 2.33152e+12 2.11789
4.4064e+06 -2.2482e+12 -4.15858e+10 6.16322e+11 2.04215 0.0382032 -0.559997 2.33152e+12 2.11789
4.4928e+06 -2.2482e+12 -4.15858e+10 6.16322e+11 2.04215 0.0382032 -0.559997 2.33152e+12 2.11789
4.5792e+06 -2.2482e+12 -4.15858e+10 6.16322e+11 2.04215 0.0382032 -0.559997 2.33152e+12 2.11789
4.6656e+06 -2.2482e+12 -4.15858e+10 6.16321e+11 2.04215 0.0382032 -0.559997 2.33152e+12 2.11789
4.752e+06 -2.2482e+12 -4.15858e+10 6.16321e+11 2.04215 0.0382032 -0.559997 2.33152e+12 2.11789
4.8384e+06 -2.2482e+12 -4.15858e+10 6.16321e+11 2.04215 0.0382032 -0.559997 2.33152e+12 2.11789
4.9248e+06 -2.2482e+12 -4.15858e+10 6.16321e+11 2.04215 0.0382032 -0.559997 2.33152e+12 2.11789
5.0112e+06 -2.2482e+12 -4.15858e+10 6.16321e+11 2.04215 0.0382032 -0.559997 2.33152e+12 2.11789
5.0976e+06 -2.2482e+12 -4.15858e+10 6.16321e+11 2.04215 0.0382032 -0.559997 2.33152e+12 2.11789
5.184e+06 -2.2482e+12 -4.15858e+10 6.16321e+11 2.04215 0.0382032 -0.559997 2.33152e+12 2.11789
5.2704e+06 -2.2482e+12 -4.15858e+10 6.16321e+11 2.04215 0.0382032 -0.559997 2.33152e+12 2.11789
5.3568e+06 -2.2482e+12 -4.15858e+10 6.16321e+11 2.04216 0.0382032 -0.559997 2.33152e+12 2.11789
5.4432e+06 -2.2482e+12 -4.15858e+10 6.16321e+11 2.04216 0.0382032 -0.559997 2.33152e+12 2.11789
5.5296e+06 -2.2482e+12 -4.15858e+10 6.16321e+11 2.04216 0.0382032 -0.559997 2.33152e+12 2.11789
5.616e+06 -2.2482e+12 -4.15858e+10 6.16321e+11 2.04216 0.0382032 -0.559997 2.33152e+12 2.11789
5.7024e+06 -2.2482e+12 -4.15858e+10 6.16321e+11 2.04216 0.0382032 -0.559997 2.33152e+12 2.11789
5.7888e+06 -2.2482e+12 -4.15857e+10 6.16321e+11 2.04216 0.0382032 -0.559997 2.33152e+12 2.11789
5.8752e+06 -2.2482e+12 -4.15857e+10 6.16321e+11 2.04216 0.0382032 -0.559997 2.33152e+12 2.11789
5.9616e+06 -2.2482e+12 -4.15857e+10 6.16321e+11 2.04216 0.0382032 -0.559997 2.33152e+12 2.11789
6.048e+06 -2.2482e+12 -4.15857e+10 6.16321e+11 2.04216 0.0382032 -0.559997 2.33152e+12 2.11789
6.1344e+06 -2.2482e+12 -4.15857e+10 6.16321e+11 2.04216 0.0382032 -0.559998 2.33152e+12 2.11789
6.2208e+06 -2.2482e+12 -4.15857e+10 6.16321e+11 2.04216 0.0382032 -0.559998 2.33152e+12 2.11789
6.3072e+06 -2.2482e+12 -4.15857e+10 6.16321e+11 2.04216 0.0382032 -0.559998 2.33152e+12 2.11789
6.3936e+06 -2.2482e+12 -4.15857e+10 6.16321e+11 2.04216 0.0382033 -0.559998 2.33152e+12 2.11789
6.48e+06 -2.2482e+12 -4.15857e+10 6.16321e+11 2.04216 0.0382033 -0.559998 2.33152e+12 2.11789
6.5664e+06 -2.2482e+12 -4.15857e+10 6.16321e+11 2.04216 0.0382033 -0.559998 2.33152e+12 2.11789
6.6528e+06 -2.2482e+12 -4.15857e+10 6.16321e+11 2.04216 0.0382033 -0.559998 2.33152e+12 2.11789
6.7392e+06 -2.2482e+12 -4.15857e+10 6.16321e+11 2.04216 0.0382033 -0.559998 2.33152e+12 2.11789
6.8256e+06 -2.2482e+12 -4.15857e+10 6.16321e+11 2.04216 0.0382033 -0.559998 2.33152e+12 2.11789
6.912e+06 -2.2482e+12 -4.15857e+10 6.16321e+11 2.04216 0.0382033 -0.559998 2.33152e+12 2.11789
6.9984e+06 -2.2482e+12 -4.15857e+10 6.16321e+11 2.04216 0.0382033 -0.559998 2.33152e+12 2.11789
7.0848e+06 -2.2482e+12 -4.15857e+10 6.16321e+11 2.04216 0.0382033 -0.559998 2.33152e+12 2.11789
7.1712e+06 -2.2482e+12 -4.15857e+10 6.16321e+11 2.04216 0.0382033 -0.559998 2.33152e+12 2.11789
7.2576e+06 -2.2482e+12 -4.15857e+10 6.16321e+11 2.04216 0.0382033 -0.559998 2.33152e+12 2.11789
7.344e+06 -2.2482e+12 -4.15857e+10 6.16321e+11 2.04216 0.0382033 -0.559998 2.33152e+12 2.11789
7.4304e+06 -2.2482e+12 -4.15857e+10 6.16321e+11 2.04216 0.0382033 -0.559998 2.33152e+12 2.11789
7.5168e+06 -2.2482e+12 -4.15857e+10 6.16321e+11 2.04216 0.0382033 -0.559998 2.33152e+12 2.11789
7.6032e+06 -2.2482e+12 -4.15857e+10 6.16321e+11 2.04216 0.0382033 -0.559998 2.33152e+12 2.11789
7.6896e+06 -2.2482e+12 -4.15857e+10 6.16321e+11 2.04216 0.0382033 -0.559998 2.33152e+12 2.11789
7.776e+06 -2.2482e+12 -4.15857e+10 6.16321e+11 2.04216 0.0382033 -0.559998 2.33152e+12 2.11789
7.8624e+06 -2.2482e+12 -4.15857e+10 6.16321e+11 2.04216 0.0382033 -0.559998 2.33152e+12 2.11789
7.9488e+06 -2.2482e+12 -4.15857e+10 6.16321e+11 2.04216 0.0382033 -0.559998 2.33152e+12 2.11789
8.0352e+06 -2.2482e+12 -4.15857e+10 6.16321e+11 2.04216 0.0382033 -0.559998 2.33152e+12 2.11789
8.1216e+06 -2.2482e+12 -4.15857e+10 6.16321e+11 2.04216 0.0382033 -0.559999 2.33152e+12 2.11789
8.208e+06 -2.2482e+12 -4.15857e+10 6.16321e+11 2.04216 0.0382033 -0.559999 2.33152e+12 2.11789
8.2944e+06 -2.2482e+12 -4.15857e+10 6.1632e+11 2.04216 0.0382033 -0.559999 2.33152e+12 2.11789
8.3808e+06 -2.2482e+12 -4.15857e+10 6.1632e+11 2.04216 0.0382033 -0.559999 2.33152e+12 2.11789
8.4672e+06 -2.2482e+12 -4.15857e+10 6.1632e+11 2.04216 0.0382033 -0.559999 2.33152e+12 2.1179
8.5536e+06 -2.2482e+12 -4.15857e+10 6.1632e+11 2.04216 0.0382033 -0.559999 2.33152e+12 2.1179
8.64e+06 -2.2482e+12 -4.15857e+10 6.1632e+11 2.04216 0.0382033 -0.559999 2.33152e+12 2.1179
8.7264e+06 -2.2482e+12 -4.15857e+10 6.1632e+11 2.04216 0.0382033 -0.559999 2.33152e+12 2.1179
8.8128e+06 -2.2482e+12 -4.15857e+10 6.1632e+11 2.04216 0.0382033 -0.559999 2.33152e+12 2.1179
8.8992e+06 -2.2482e+12 -4.15857e+10 6.1632e+11 2.04216 0.0382033 -0.559999 2.33152e+12 2.1179
8.9856e+06 -2.2482e+12 -4.15857e+10 6.1632e+11 2.04216 0.0382033 -0.559999 2.33152e+12 2.1179
9.072e+06 -2.2482e+12 -4.15857e+10 6.1632e+11 2.04216 0.0382034 -0.559999 2.33152e+12 2.1179
9.1584e+06 -2.2482e+12 -4.15857e+10 6.1632e+11 2.04216 0.0382034 -0.559999 2.33152e+12 2.1179
9.2448e+06 -2.2482e+12 -4.15857e+10 6.1632e+11 2.04216 0.0382034 -0.559999 2.33152e+12 2.1179
9.3312e+06 -2.2482e+12 -4.15857e+10 6.1632e+11 2.04216 0.0382034 -0.559999 2.33152e+12 2.1179
9.4176e+06 -2.2482e+12 -4.15857e+10 6.1632e+11 2.04216 0.0382034 -0.559999 2.33151e+12 2.1179
9.504e+06 -2.2482e+12 -4.15857e+10 6.1632e+11 2.04216 0.0382034 -0.559999 2.33151e+12 2.1179
9.5904e+06 -2.2482e+12 -4.15857e+10 6.1632e+11 2.04216 0.0382034 -0.559999 2.33151e+12 2.1179
9.6768e+06 -2.2482e+12 -4.15857e+10 6.1632e+11 2.04216 0.0382034 -0.559999 2.33151e+12 2.1179
9.7632e+06 -2.24819e+12 -4.15857e+10 6.1632e+11 2.04216 0.0382034 -0.559999 2.33151e+12 2.1179
9.8496e+06 -2.24819e+12 -4.15857e+10 6.1632e+11 2.04216 0.0382034 -0.559999 2.33151e+12 2.1179
9.936e+06 -2.24819e+12 -4.15857e+10 6.1632e+11 2.04216 0.0382034 -0.559999 2.33151e+12 2.1179
1.00224e+07 -2.24819e+12 -4.15857e+10 6.1632e+11 2.04216 0.0382034 -0.559999 2.33151e+12 2.1179
1.01088e+07 -2.24819e+12 -4.15857e+10 6.1632e+11 2.04216 0.0382034 -0.56 2.33151e+12 2.1179
1.01952e+07 -2.24819e+12 -4.15857e+10 6.1632e+11 2.04216 0.0382034 -0.56 2.33151e+12 2.1179
1.02816e+07 -2.24819e+12 -4.15857e+10 6.1632e+11 2.04216 0.0382034 -0.56 2.33151e+12 2.1179
1.0368e+07 -2.24819e+12 -4.15857e+10 6.1632e+11 2.04216 0.0382034 -0.56 2.33151e+12 2.1179
1.04544e+07 -2.24819e+12 -4.15857e+10 6.1632e+11 2.04216 0.0382034 -0.56 2.33151e+12 2.1179
1.05408e+07 -2.24819e+12 -4.15857e+10 6.1632e+11 2.04216 0.0382034 -0.56 2.33151e+12 2.1179
1.06272e+07 -2.24819e+12 -4.15857e+10 6.1632e+11 2.04216 0.0382034 -0.56 2.33151e+12 2.1179
1.07136e+07 -2.24819e+12 -4.15857e+10 6.1632e+11 2.04217 0.0382034 -0.56 2.33151e+12 2.1179
1.08e+07 -2.24819e+12 -4.15857e+10 6.1632e+11 2.04217 0.0382034 -0.56 2.33151e+12 2.1179
1.08864e+07 -2.24819e+12 -4.15857e+10 6.1632e+11 2.04217 0.0382034 -0.56 2.33151e+12 2.1179
1.09728e+07 -2.24819e+12 -4.15857e+10 6.1632e+11 2.04217 0.0382034 -0.56 2.33151e+12 2.1179
1.10592e+07 -2.24819e+12 -4.15856e+10 6.1632e+11 2.04217 0.0382034 -0.56 2.33151e+12 2.1179
1.11456e+07 -2.24819e+12 -4.15856e+10 6.1632e+11 2.04217 0.0382034 -0.56 2.33151e+12 2.1179
1.1232e+07 -2.24819e+12 -4.15856e+10 6.1632e+11 2.04217 0.0382034 -0.56 2.33151e+12 2.1179
1.13184e+07 -2.24819e+12 -4.15856e+10 6.1632e+11 2.04217 0.0382034 -0.56 2.33151e+12 2.1179
1.14048e+07 -2.24819e+12 -4.15856e+10 6.1632e+11 2.04217 0.0382034 -0.56 2.33151e+12 2.1179
1.14912e+07 -2.24819e+12 -4.15856e+10 6.1632e+11 2.04217 0.0382034 -0.56 2.33151e+12 2.1179
1.15776e+07 -2.24819e+12 -4.15856e+10 6.1632e+11 2.04217 0.0382034 -0.56 2.33151e+12 2.1179
1.1664e+07 -2.24819e+12 -4.15856e+10 6.1632e+11 2.04217 0.0382035 -0.56 2.33151e+12 2.1179
1.17504e+07 -2.24819e+12 -4.15856e+10 6.1632e+11 2.04217 0.0382035 -0.56 2.33151e+12 2.1179
1.18368e+07 -2.24819e+12 -4.15856e+10 6.16319e+11 2.04217 0.0382035 -0.56 2.33151e+12 2.1179
1.19232e+07 -2.24819e+12 -4.15856e+10 6.16319e+11 2.04217 0.0382035 -0.56 2.33151e+12 2.1179
1.20096e+07 -2.24819e+12 -4.15856e+10 6.16319e+11 2.04217 0.0382035 -0.56 2.33151e+12 2.1179
1.2096e+07 -2.24819e+12 -4.15856e+10 6.16319e+11 2.04217 0.0382035 -0.560001 2.33151e+12 2.1179
1.21824e+07 -2.24819e+12 -4.15856e+10 6.16319e+11 2.04217 0.0382035 -0.560001 2.33151e+12 2.1179
1.22688e+07 -2.24819e+12 -4.15856e+10 6.16319e+11 2.04217 0.0382035 -0.560001 2.33151e+12 2.1179
1.23552e+07 -2.24819e+12 -4.15856e+10 6.16319e+11 2.04217 0.0382035 -0.560001 2.33151e+12 2.1179
1.24416e+07 -2.24819e+12 -4.15856e+10 6.16319e+11 2.04217 0.0382035 -0.560001 2.33151e+12 2.1179
1.2528e+07 -2.24819e+12 -4.15856e+10 6.16319e+11 2.04217 0.0382035 -0.560001 2.33151e+12 2.1179
1.26144e+07 -2.24819e+12 -4.15856e+10 6.16319e+11 2.04217 0.0382035 -0.560001 2.33151e+12 2.1179
1.27008e+07 -2.24819e+12 -4.15856e+10 6.16319e+11 2.04217 0.0382035 -0.560001 2.33151e+12 2.1179
1.27872e+07 -2.24819e+12 -4.15856e+10 6.16319e+11 2.04217 0.0382035 -0.560001 2.33151e+12 2.1179
1.28736e+07 -2.24819e+12 -4.15856e+10 6.16319e+11 2.04217 0.0382035 -0.560001 2.33151e+12 2.1179
1.296e+07 -2.24819e+12 -4.15856e+10 6.16319e+11 2.04217 0.0382035 -0.560001 2.33151e+12 2.1179
1.30464e+07 -2.24819e+12 -4.15856e+10 6.16319e+11 2.04217 0.0382035 -0.560001 2.33151e+12 2.1179
1.31328e+07 -2.24819e+12 -4.15856e+10 6.16319e+11 2.04217 0.0382035 -0.560001 2.33151e+12 2.1179
1.32192e+07 -2.24819e+12 -4.15856e+10 6.16319e+11 2.04217 0.0382035 -0.560001 2.33151e+12 2.1179
1.33056e+07 -2.24819e+12 -4.15856e+10 6.16319e+11 2.04217 0.0382035 -0.560001 2.33151e+12 2.1179
1.3392e+07 -2.24819e+12 -4.15856e+10 6.16319e+11 2.04217 0.0382035 -0.560001 2.33151e+12 2.1179
1.34784e+07 -2.24819e+12 -4.15856e+10 6.16319e+11 2.04217 0.0382035 -0.560001 2.33151e+12 2.1179
1.35648e+07 -2.24819e+12 -4.15856e+10 6.16319e+11 2.04217 0.0382035 -0.560001 2.33151e+12 2.1179
1.36512e+07 -2.24819e+12 -4.15856e+10 6.16319e+11 2.04217 0.0382035 -0.560001 2.33151e+12 2.11791
1.37376e+07 -2.24819e+12 -4.15856e+10 6.16319e+11 2.04217 0.0382035 -0.560001 2.33151e+12 2.11791
1.3824e+07 -2.24819e+12 -4.15856e+10 6.16319e+11 2.04217 0.0382035 -0.560001 2.33151e+12 2.11791
1.39104e+07 -2.24819e+12 -4.15856e+10 6.16319e+11 2.04217 0.0382035 -0.560001 2.33151e+12 2.11791
1.39968e+07 -2.24819e+12 -4.15856e+10 6.16319e+11 2.04217 0.0382035 -0.560002 2.33151e+12 2.11791
1.40832e+07 -2.24819e+12 -4.15856e+10 6.16319e+11 2.04217 0.0382035 -0.560002 2.33151e+12 2.11791
1.41696e+07 -2.24819e+12 -4.15856e+10 6.16319e+11 2.04217 0.0382035 -0.560002 2.33151e+12 2.11791
1.4256e+07 -2.24819e+12 -4.15856e+10 6.16319e+11 2.04217 0.0382035 -0.560002 2.33151e+12 2.11791
1.43424e+07 -2.24819e+12 -4.15856e+10 6.16319e+11 2.04217 0.0382036 -0.560002 2.33151e+12 2.11791
1.44288e+07 -2.24819e+12 -4.15856e+10 6.16319e+11 2.04217 0.0382036 -0.560002 2.33151e+12 2.11791
1.45152e+07 -2.24819e+12 -4.15856e+10 6.16319e+11 2.04217 0.0382036 -0.560002 2.33151e+12 2.11791
1.46016e+07 -2.24819e+12 -4.15856e+10 6.16319e+11 2.04217 0.0382036 -0.560002 2.33151e+12 2.11791
1.4688e+07 -2.24819e+12 -4.15856e+10 6.16319e+11 2.04217 0.0382036 -0.560002 2.33151e+12 2.11791
1.47744e+07 -2.24819e+12 -4.15856e+10 6.16319e+11 2.04217 0.0382036 -0.560002 2.33151e+12 2.11791
1.48608e+07 -2.24819e+12 -4.15856e+10 6.16319e+11 2.04217 0.0382036 -0.560002 2.33151e+12 2.11791
1.49472e+07 -2.24819e+12 -4.15856e+10 6.16319e+11 2.04217 0.0382036 -0.560002 2.33151e+12 2.11791
1.50336e+07 -2.24819e+12 -4.15856e+10 6.16319e+11 2.04217 0.0382036 -0.560002 2.33151e+12 2.11791
1.512e+07 -2.24819e+12 -4.15856e+10 6.16319e+11 2.04217 0.0382036 -0.560002 2.33151e+12 2.11791
1.52064e+07 -2.24819e+12 -4.15856e+10 6.16319e+11 2.04217 0.0382036 -0.560002 2.33151e+12 2.11791
1.52928e+07 -2.24819e+12 -4.15856e+10 6.16319e+11 2.04217 0.0382036 -0.560002 2.33151e+12 2.11791
1.53792e+07 -2.24819e+12 -4.15856e+10 6.16318e+11 2.04217 0.0382036 -0.560002 2.33151e+12 2.11791
1.54656e+07 -2.24819e+12 -4.15856e+10 6.16318e+11 2.04217 0.0382036 -0.560002 2.33151e+12 2.11791
1.5552e+07 -2.24819e+12 -4.15856e+10 6.16318e+11 2.04217 0.0382036 -0.560002 2.33151e+12 2.11791
1.56384e+07 -2.24819e+12 -4.15856e+10 6.16318e+11 2.04217 0.0382036 -0.560002 2.33151e+12 2.11791
1.57248e+07 -2.24819e+12 -4.15856e+10 6.16318e+11 2.04217 0.0382036 -0.560002 2.33151e+12 2.11791
1.58112e+07 -2.24819e+12 -4.15856e+10 6.16318e+11 2.04217 0.0382036 -0.560002 2.33151e+12 2.11791
1.58976e+07 -2.24819e+12 -4.15856e+10 6.16318e+11 2.04217 0.0382036 -0.560002 2.33151e+12 2.11791
1.5984e+07 -2.24819e+12 -4.15856e+10 6.16318e+11 2.04217 0.0382036 -0.560003 2.33151e+12 2.11791
1.60704e+07 -2.24819e+12 -4.15856e+10 6.16318e+11 2.04218 0.0382036 -0.560003 2.33151e+12 2.11791
1.61568e+07 -2.24819e+12 -4.15856e+10 6.16318e+11 2.04218 0.0382036 -0.560003 2.33151e+12 2.11791
1.62432e+07 -2.24819e+12 -4.15855e+10 6.16318e+11 2.04218 0.0382036 -0.560003 2.33151e+12 2.11791
1.63296e+07 -2.24819e+12 -4.15855e+10 6.16318e+11 2.04218 0.0382036 -0.560003 2.33151e+12 2.11791
1.6416e+07 -2.24819e+12 -4.15855e+10 6.16318e+11 2.04218 0.0382036 -0.560003 2.33151e+12 2.11791
1.65024e+07 -2.24819e+12 -4.15855e+10 6.16318e+11 2.04218 0.0382036 -0.560003 2.33151e+12 2.11791
1.65888e+07 -2.24819e+12 -4.15855e+10 6.16318e+11 2.04218 0.0382036 -0.560003 2.33151e+12 2.11791
1.66752e+07 -2.24819e+12 -4.15855e+10 6.16318e+11 2.04218 0.0382036 -0.560003 2.33151e+12 2.11791
1.67616e+07 -2.24819e+12 -4.15855e+10 6.16318e+11 2.04218 0.0382036 -0.560003 2.33151e+12 2.11791
1.6848e+07 -2.24819e+12 -4.15855e+10 6.16318e+11 2.04218 0.0382036 -0.560003 2.33151e+12 2.11791
1.69344e+07 -2.24819e+12 -4.15855e+10 6.16318e+11 2.04218 0.0382036 -0.560003 2.33151e+12 2.11791
1.70208e+07 -2.24819e+12 -4.15855e+10 6.16318e+11 2.04218 0.0382037 -0.560003 2.33151e+12 2.11791
1.71072e+07 -2.24819e+12 -4.15855e+10 6.16318e+11 2.04218 0.0382037 -0.560003 2.33151e+12 2.11791
1.71936e+07 -2.24819e+12 -4.15855e+10 6.16318e+11 2.04218 0.0382037 -0.560003 2.33151e+12 2.11791
1.728e+07 -2.24819e+12 -4.15855e+10 6.16318e+11 2.04218 0.0382037 -0.560003 2.33151e+12 2.11791
1.73664e+07 -2.24819e+12 -4.15855e+10 6.16318e+11 2.04218 0.0382037 -0.560003 2.33151e+12 2.11791
1.74528e+07 -2.24819e+12 -4.15855e+10 6.16318e+11 2.04218 0.0382037 -0.560003 2.33151e+12 2.11791
1.75392e+07 -2.24819e+12 -4.15855e+10 6.16318e+11 2.04218 0.0382037 -0.560003 2.33151e+12 2.11791
1.76256e+07 -2.24819e+12 -4.15855e+10 6.16318e+11 2.04218 0.0382037 -0.560003 2.33151e+12 2.11791
1.7712e+07 -2.24819e+12 -4.15855e+10 6.16318e+11 2.04218 0.0382037 -0.560003 2.33151e+12 2.11791
1.77984e+07 -2.24819e+12 -4.15855e+10 6.16318e+11 2.04218 0.0382037 -0.560003 2.33151e+12 2.11791
1.78848e+07 -2.24819e+12 -4.15855e+10 6.16318e+11 2.04218 0.0382037 -0.560003 2.33151e+12 2.11791
1.79712e+07 -2.24819e+12 -4.15855e+10 6.16318e+11 2.04218 0.0382037 -0.560004 2.33151e+12 2.11791
1.80576e+07 -2.24819e+12 -4.15855e+10 6.16318e+11 2.04218 0.0382037 -0.560004 2.33151e+12 2.11791
1.8144e+07 -2.24819e+12 -4.15855e+10 6.16318e+11 2.04218 0.0382037 -0.560004 2.33151e+12 2.11791
1.82304e+07 -2.24819e+12 -4.15855e+10 6.16318e+11 2.04218 0.0382037 -0.560004 2.33151e+12 2.11791
1.83168e+07 -2.24819e+12 -4.15855e+10 6.16318e+11 2.04218 0.0382037 -0.560004 2.33151e+12 2.11791
1.84032e+07 -2.24819e+12 -4.15855e+10 6.16318e+11 2.04218 0.0382037 -0.560004 2.33151e+12 2.11791
1.84896e+07 -2.24819e+12 -4.15855e+10 6.16318e+11 2.04218 0.0382037 -0.560004 2.33151e+12 2.11791
1.8576e+07 -2.24819e+12 -4.15855e+10 6.16318e+11 2.04218 0.0382037 -0.560004 2.33151e+12 2.11791
1.86624e+07 -2.24819e+12 -4.15855e+10 6.16318e+11 2.04218 0.0382037 -0.560004 2.33151e+12 2.11791
1.87488e+07 -2.24819e+12 -4.15855e+10 6.16318e+11 2.04218 0.0382037 -0.560004 2.33151e+12 2.11791
1.88352e+07 -2.24819e+12 -4.15855e+10 6.16318e+11 2.04218 0.0382037 -0.560004 2.33151e+12 2.11791
1.89216e+07 -2.24819e+12 -4.15855e+10 6.16318e+11 2.04218 0.0382037 -0.560004 2.3315e+12 2.11792
1.9008e+07 -2.24819e+12 -4.15855e+10 6.16317e+11 2.04218 0.0382037 -0.560004 2.3315e+12 2.11792
1.90944e+07 -2.24819e+12 -4.15855e+10 6.16317e+11 2.04218 0.0382037 -0.560004 2.3315e+12 2.11792
1.91808e+07 -2.24819e+12 -4.15855e+10 6.16317e+11 2.04218 0.0382037 -0.560004 2.3315e+12 2.11792
1.92672e+07 -2.24819e+12 -4.15855e+10 6.16317e+11 2.04218 0.0382037 -0.560004 2.3315e+12 2.11792
1.93536e+07 -2.24819e+12 -4.15855e+10 6.16317e+11 2.04218 0.0382037 -0.560004 2.3315e+12 2.11792
1.944e+07 -2.24819e+12 -4.15855e+10 6.16317e+11 2.04218 0.0382037 -0.560004 2.3315e+12 2.11792
1.95264e+07 -2.24819e+12 -4.15855e+10 6.16317e+11 2.04218 0.0382037 -0.560004 2.3315e+12 2.11792
1.96128e+07 -2.24818e+12 -4.15855e+10 6.16317e+11 2.04218 0.0382037 -0.560004 2.3315e+12 2.11792
1.96992e+07 -2.24818e+12 -4.15855e+10 6.16317e+11 2.04218 0.0382038 -0.560004 2.3315e+12 2.11792
1.97856e+07 -2.24818e+12 -4.15855e+10 6.16317e+11 2.04218 0.0382038 -0.560004 2.3315e+12 2.11792
1.9872e+07 -2.24818e+12 -4.15855e+10 6.16317e+11 2.04218 0.0382038 -0.560004 2.3315e+12 2.11792
1.99584e+07 -2.24818e+12 -4.15855e+10 6.16317e+11 2.04218 0.0382038 -0.560005 2.3315e+12 2.11792
2.00448e+07 -2.24818e+12 -4.15855e+10 6.16317e+11 2.04218 0.0382038 -0.560005 2.3315e+12 2.11792
2.01312e+07 -2.24818e+12 -4.15855e+10 6.16317e+11 2.04218 0.0382038 -0.560005 2.3315e+12 2.11792
2.02176e+07 -2.24818e+12 -4.15855e+10 6.16317e+11 2.04218 0.0382038 -0.560005 2.3315e+12 2.11792
2.0304e+07 -2.24818e+12 -4.15855e+10 6.16317e+11 2.04218 0.0382038 -0.560005 2.3315e+12 2.11792
2.03904e+07 -2.24818e+12 -4.15855e+10 6.16317e+11 2.04218 0.0382038 -0.560005 2.3315e+12 2.11792
2.04768e+07 -2.24818e+12 -4.15855e+10 6.16317e+11 2.04218 0.0382038 -0.560005 2.3315e+12 2.11792
2.05632e+07 -2.24818e+12 -4.15855e+10 6.16317e+11 2.04218 0.0382038 -0.560005 2.3315e+12 2.11792
2.06496e+07 -2.24818e+12 -4.15855e+10 6.16317e+11 2.04218 0.0382038 -0.560005 2.3315e+12 2.11792
2.0736e+07 -2.24818e+12 -4.15855e+10 6.16317e+11 2.04218 0.0382038 -0.560005 2.3315e+12 2.11792
2.08224e+07 -2.24818e+12 -4.15855e+10 6.16317e+11 2.04218 0.0382038 -0.560005 2.3315e+12 2.11792
2.09088e+07 -2.24818e+12 -4.15855e+10 6.16317e+11 2.04218 0.0382038 -0.560005 2.3315e+12 2.11792
2.09952e+07 -2.24818e+12 -4.15855e+10 6.16317e+11 2.04218 0.0382038 -0.560005 2.3315e+12 2.11792
2.10816e+07 -2.24818e+12 -4.15855e+10 6.16317e+11 2.04218 0.0382038 -0.560005 2.3315e+12 2.11792
2.1168e+07 -2.24818e+12 -4.15855e+10 6.16317e+11 2.04218 0.0382038 -0.560005 2.3315e+12 2.11792
2.12544e+07 -2.24818e+12 -4.15855e+10 6.16317e+11 2.04218 0.0382038 -0.560005 2.3315e+12 2.11792
2.13408e+07 -2.24818e+12 -4.15855e+10 6.16317e+11 2.04218 0.0382038 -0.560005 2.3315e+12 2.11792
2.14272e+07 -2.24818e+12 -4.15855e+10 6.16317e+11 2.04219 0.0382038 -0.560005 2.3315e+12 2.11792
2.15136e+07 -2.24818e+12 -4.15854e+10 6.16317e+11 2.04219 0.0382038 -0.560005 2.3315e+12 2.11792
2.16e+07 -2.24818e+12 -4.15854e+10 6.16317e+11 2.04219 0.0382038 -0.560005 2.3315e+12 2.11792
2.16864e+07 -2.24818e+12 -4.15854e+10 6.16317e+11 2.04219 0.0382038 -0.560005 2.3315e+12 2.11792
2.17728e+07 -2.24818e+12 -4.15854e+10 6.16317e+11 2.04219 0.0382038 -0.560005 2.3315e+12 2.11792
2.18592e+07 -2.24818e+12 -4.15854e+10 6.16317e+11 2.04219 0.0382038 -0.560006 2.3315e+12 2.11792
2.19456e+07 -2.24818e+12 -4.15854e+10 6.16317e+11 2.04219 0.0382038 -0.560006 2.3315e+12 2.11792
2.2032e+07 -2.24818e+12 -4.15854e+10 6.16317e+11 2.04219 0.0382038 -0.560006 2.3315e+12 2.11792
2.21184e+07 -2.24818e+12 -4.15854e+10 6.16317e+11 2.04219 0.0382038 -0.560006 2.3315e+12 2.11792
2.22048e+07 -2.24818e+12 -4.15854e+10 6.16317e+11 2.04219 0.0382038 -0.560006 2.3315e+12 2.11792
2.22912e+07 -2.24818e+12 -4.15854e+10 6.16317e+11 2.04219 0.0382039 -0.560006 2.3315e+12 2.11792
2.23776e+07 -2.24818e+12 -4.15854e+10 6.16317e+11 2.04219 0.0382039 -0.560006 2.3315e+12 2.11792
2.2464e+07 -2.24818e+12 -4.15854e+10 6.16317e+11 2.04219 0.0382039 -0.560006 2.3315e+12 2.11792
2.25504e+07 -2.24818e+12 -4.15854e+10 6.16316e+11 2.04219 0.0382039 -0.560006 2.3315e+12 2.11792
2.26368e+07 -2.24818e+12 -4.15854e+10 6.16316e+11 2.04219 0.0382039 -0.560006 2.3315e+12 2.11792
2.27232e+07 -2.24818e+12 -4.15854e+10 6.16316e+11 2.04219 0.0382039 -0.560006 2.3315e+12 2.11792
2.28096e+07 -2.24818e+12 -4.15854e+10 6.16316e+11 2.04219 0.0382039 -0.560006 2.3315e+12 2.11792
2.2896e+07 -2.24818e+12 -4.15854e+10 6.16316e+11 2.04219 0.0382039 -0.560006 2.3315e+12 2.11792
2.29824e+07 -2.24818e+12 -4.15854e+10 6.16316e+11 2.04219 0.0382039 -0.560006 2.3315e+12 2.11792
2.30688e+07 -2.24818e+12 -4.15854e+10 6.16316e+11 2.04219 0.0382039 -0.560006 2.3315e+12 2.11792
2.31552e+07 -2.24818e+12 -4.15854e+10 6.16316e+11 2.04219 0.0382039 -0.560006 2.3315e+12 2.11792
2.32416e+07 -2.24818e+12 -4.15854e+10 6.16316e+11 2.04219 0.0382039 -0.560006 2.3315e+12 2.11792
2.3328e+07 -2.24818e+12 -4.15854e+10 6.16316e+11 2.04219 0.0382039 -0.560006 2.3315e+12 2.11792
2.34144e+07 -2.24818e+12 -4.15854e+10 6.16316e+11 2.04219 0.0382039 -0.560006 2.3315e+12 2.11792
2.35008e+07 -2.24818e+12 -4.15854e+10 6.16316e+11 2.04219 0.0382039 -0.560006 2.3315e+12 2.11792
2.35872e+07 -2.24818e+12 -4.15854e+10 6.16316e+11 2.04219 0.0382039 -0.560006 2.3315e+12 2.11792
2.36736e+07 -2.24818e+12 -4.15854e+10 6.16316e+11 2.04219 0.0382039 -0.560006 2.3315e+12 2.11792
2.376e+07 -2.24818e+12 -4.15854e+10 6.16316e+11 2.04219 0.0382039 -0.560006 2.3315e+12 2.11792
2.38464e+07 -2.24818e+12 -4.15854e+10 6.16316e+11 2.04219 0.0382039 -0.560007 2.3315e+12 2.11792
2.39328e+07 -2.24818e+12 -4.15854e+10 6.16316e+11 2.04219 0.0382039 -0.560007 2.3315e+12 2.11792
2.40192e+07 -2.24818e+12 -4.15854e+10 6.16316e+11 2.04219 0.0382039 -0.560007 2.3315e+12 2.11792
2.41056e+07 -2.24818e+12 -4.15854e+10 6.16316e+11 2.04219 0.0382039 -0.560007 2.3315e+12 2.11793
2.4192e+07 -2.24818e+12 -4.15854e+10 6.16316e+11 2.04219 0.0382039 -0.560007 2.3315e+12 2.11793
2.42784e+07 -2.24818e+12 -4.15854e+10 6.16316e+11 2.04219 0.038203 -0.560007 2.3315e+12 2.11792
2.43648e+07 -2.24818e+12 -4.15854e+10 6.16316e+11 2.04219 0.038199 -0.560006 2.3315e+12 2.11792
2.44512e+07 -2.24818e+12 -4.15854e+10 6.16316e+11 2.04219 0.0381989 -0.560006 2.3315e+12 2.11792
2.45376e+07 -2.24818e+12 -4.15854e+10 6.16316e+11 2.04219 0.0381989 -0.560006 2.3315e+12 2.11792
2.4624e+07 -2.24818e+12 -4.15854e+10 6.16316e+11 2.04219 0.0381989 -0.560006 2.3315e+12 2.11792
2.47104e+07 -2.24818e+12 -4.15854e+10 6.16316e+11 2.04219 0.038199 -0.560006 2.3315e+12 2.11792
2.47968e+07 -2.24818e+12 -4.15854e+10 6.16316e+11 2.04219 0.038199 -0.560006 2.3315e+12 2.11792
2.48832e+07 -2.24818e+12 -4.15854e+10 6.16316e+11 2.04219 0.038199 -0.560006 2.3315e+12 2.11792
2.49696e+07 -2.24818e+12 -4.15854e+10 6.16316e+11 2.04219 0.038199 -0.560006 2.3315e+12 2.11792
2.5056e+07 -2.24818e+12 -4.15854e+10 6.16316e+11 2.04219 0.038199 -0.560006 2.3315e+12 2.11792
2.51424e+07 -2.24818e+12 -4.15854e+10 6.16316e+11 2.04219 0.038199 -0.560006 2.3315e+12 2.11792
2.52288e+07 -2.24818e+12 -4.15854e+10 6.16316e+11 2.04219 0.038199 -0.560006 2.3315e+12 2.11792
2.53152e+07 -2.24818e+12 -4.15854e+10 6.16316e+11 2.04219 0.038199 -0.560006 2.3315e+12 2.11792
2.54016e+07 -2.24818e+12 -4.15854e+10 6.16316e+11 2.04219 0.038199 -0.560006 2.3315e+12 2.11792
2.5488e+07 -2.24818e+12 -4.15854e+10 6.16316e+11 2.04219 0.038199 -0.560006 2.3315e+12 2.11792
2.55744e+07 -2.24818e+12 -4.15854e+10 6.16316e+11 2.04219 0.038199 -0.560006 2.3315e+12 2.11792
2.56608e+07 -2.24818e+12 -4.15854e+10 6.16316e+11 2.04219 0.038199 -0.560006 2.3315e+12 2.11792
2.57472e+07 -2.24818e+12 -4.15854e+10 6.16316e+11 2.04219 0.038199 -0.560006 2.3315e+12 2.11792
2.58336e+07 -2.24818e+12 -4.15854e+10 6.16316e+11 2.04219 0.038199 -0.560006 2.3315e+12 2.11792
2.592e+07 -2.24818e+12 -4.15854e+10 6.16316e+11 2.04219 0.038199 -0.560006 2.3315e+12 2.11792
2.60064e+07 -2.24818e+12 -4.15854e+10 6.16316e+11 2.04219 0.038199 -0.560007 2.3315e+12 2.11792
2.60928e+07 -2.24818e+12 -4.15854e+10 6.16316e+11 2.04219 0.038199 -0.560007 2.3315e+12 2.11792
2.61792e+07 -2.24818e+12 -4.15854e+10 6.16315e+11 2.04219 0.038199 -0.560007 2.3315e+12 2.11792
2.62656e+07 -2.24818e+12 -4.15854e+10 6.16315e+11 2.04219 0.038199 -0.560007 2.3315e+12 2.11792
2.6352e+07 -2.24818e+12 -4.15854e+10 6.16315e+11 2.04219 0.038199 -0.560007 2.3315e+12 2.11793
2.64384e+07 -2.24818e+12 -4.15854e+10 6.16315e+11 2.04219 0.038199 -0.560007 2.3315e+12 2.11793
2.65248e+07 -2.24818e+12 -4.15854e+10 6.16315e+11 2.04219 0.038199 -0.560007 2.3315e+12 2.11793
2.66112e+07 -2.24818e+12 -4.15854e+10 6.16315e+11 2.04219 0.038199 -0.560007 2.3315e+12 2.11793
2.66976e+07 -2.24818e+12 -4.15854e+10 6.16315e+11 2.04219 0.038199 -0.560007 2.3315e+12 2.11793
2.6784e+07 -2.24818e+12 -4.15853e+10 6.16315e+11 2.04219 0.038199 -0.560007 2.3315e+12 2.11793
2.68704e+07 -2.24818e+12 -4.15853e+10 6.16315e+11 2.04219 0.038199 -0.560007 2.3315e+12 2.11793
2.69568e+07 -2.24818e+12 -4.15853e+10 6.16315e+11 2.04219 0.038199 -0.560007 2.3315e+12 2.11793
2.70432e+07 -2.24818e+12 -4.15853e+10 6.16315e+11 2.04219 0.038199 -0.560007 2.3315e+12 2.11793
2.71296e+07 -2.24818e+12 -4.15853e+10 6.16315e+11 2.04219 0.038199 -0.560007 2.3315e+12 2.11793
2.7216e+07 -2.24818e+12 -4.15853e+10 6.16315e+11 2.04219 0.038199 -0.560007 2.3315e+12 2.11793
2.73024e+07 -2.24818e+12 -4.15853e+10 6.16315e+11 2.04219 0.038199 -0.560007 2.3315e+12 2.11793
2.73888e+07 -2.24818e+12 -4.15853e+10 6.16315e+11 2.04219 0.0381991 -0.560007 2.3315e+12 2.11793
2.74752e+07 -2.24818e+12 -4.15853e+10 6.16315e+11 2.04219 0.0381991 -0.560007 2.3315e+12 2.11793
2.75616e+07 -2.24818e+12 -4.15853e+10 6.16315e+11 2.04219 0.0381991 -0.560007 2.3315e+12 2.11793
2.7648e+07 -2.24818e+12 -4.15853e+10 6.16315e+11 2.04219 0.0381991 -0.560007 2.3315e+12 2.11793
2.77344e+07 -2.24818e+12 -4.15853e+10 6.16315e+11 2.04219 0.0381991 -0.560007 2.3315e+12 2.11793
2.78208e+07 -2.24818e+12 -4.15853e+10 6.16315e+11 2.04219 0.0381991 -0.560007 2.3315e+12 2.11793
2.79072e+07 -2.24818e+12 -4.15853e+10 6.16315e+11 2.04219 0.0381991 -0.560007 2.3315e+12 2.11793
2.79936e+07 -2.24818e+12 -4.15853e+10 6.16315e+11 2.04219 0.0381991 -0.560008 2.3315e+12 2.11793
2.808e+07 -2.24818e+12 -4.15853e+10 6.16315e+11 2.04219 0.0381991 -0.560008 2.3315e+12 2.11793
2.81664e+07 -2.24818e+12 -4.15853e+10 6.16315e+11 2.04219 0.0381991 -0.560008 2.3315e+12 2.11793
2.82528e+07 -2.24818e+12 -4.15853e+10 6.16315e+11 2.04219 0.0381991 -0.560008 2.3315e+12 2.11793
2.83392e+07 -2.24818e+12 -4.15853e+10 6.16315e+11 2.04219 0.0381991 -0.560008 2.33149e+12 2.11793
2.84256e+07 -2.24818e+12 -4.15853e+10 6.16315e+11 2.04219 0.0381991 -0.560008 2.33149e+12 2.11793
2.8512e+07 -2.24818e+12 -4.15853e+10 6.16315e+11 2.04219 0.0381991 -0.560008 2.33149e+12 2.11793
2.85984e+07 -2.24818e+12 -4.15853e+10 6.16315e+11 2.04219 0.0381991 -0.560008 2.33149e+12 2.11793
2.86848e+07 -2.24818e+12 -4.15853e+10 6.16315e+11 2.04219 0.0381991 -0.560008 2.33149e+12 2.11793
2.87712e+07 -2.24818e+12 -4.15853e+10 6.16315e+11 2.04219 0.0381991 -0.560008 2.33149e+12 2.11793
2.88576e+07 -2.24818e+12 -4.15853e+10 6.16315e+11 2.04219 0.0381991 -0.560008 2.33149e+12 2.11793
2.8944e+07 -2.24818e+12 -4.15853e+10 6.16315e+11 2.04219 0.0381991 -0.560008 2.33149e+12 2.11793
2.90304e+07 -2.24818e+12 -4.15853e+10 6.16315e+11 2.04219 0.0381991 -0.560008 2.33149e+12 2.11793
2.91168e+07 -2.24818e+12 -4.15853e+10 6.16315e+11 2.0422 0.0381991 -0.560008 2.33149e+12 2.11793
2.92032e+07 -2.24818e+12 -4.15853e+10 6.16315e+11 2.0422 0.0381991 -0.560008 2.33149e+12 2.11793
2.92896e+07 -2.24818e+12 -4.15853e+10 6.16315e+11 2.0422 0.0381991 -0.560008 2.33149e+12 2.11793
2.9376e+07 -2.24817e+12 -4.15853e+10 6.16315e+11 2.0422 0.0381991 -0.560008 2.33149e+12 2.11793
2.94624e+07 -2.24817e+12 -4.15853e+10 6.16315e+11 2.0422 0.0381991 -0.560008 2.33149e+12 2.11793
2.95488e+07 -2.24817e+12 -4.15853e+10 6.16315e+11 2.0422 0.0381991 -0.560008 2.33149e+12 2.11793
2.96352e+07 -2.24817e+12 -4.15853e+10 6.16315e+11 2.0422 0.0381991 -0.560008 2.33149e+12 2.11793
2.97216e+07 -2.24817e+12 -4.15853e+10 6.16314e+11 2.0422 0.0381991 -0.560008 2.33149e+12 2.11793
2.9808e+07 -2.24817e+12 -4.15853e+10 6.16314e+11 2.0422 0.0381991 -0.560008 2.33149e+12 2.11793
2.98944e+07 -2.24817e+12 -4.15853e+10 6.16314e+11 2.0422 0.0381991 -0.560008 2.33149e+12 2.11793
2.99808e+07 -2.24817e+12 -4.15853e+10 6.16314e+11 2.0422 0.0381992 -0.560009 2.33149e+12 2.11793
3.00672e+07 -2.24817e+12 -4.15853e+10 6.16314e+11 2.0422 0.0381992 -0.560009 2.33149e+12 2.11793
3.01536e+07 -2.24817e+12 -4.15853e+10 6.16314e+11 2.0422 0.0381992 -0.560009 2.33149e+12 2.11793
3.024e+07 -2.24817e+12 -4.15853e+10 6.16314e+11 2.0422 0.0381992 -0.560009 2.33149e+12 2.11793
3.03264e+07 -2.24817e+12 -4.15853e+10 6.16314e+11 2.0422 0.0381992 -0.560009 2.33149e+12 2.11793
3.04128e+07 -2.24817e+12 -4.15853e+10 6.16314e+11 2.0422 0.0381992 -0.560009 2.33149e+12 2.11793
3.04992e+07 -2.24817e+12 -4.15853e+10 6.16314e+11 2.0422 0.0381992 -0.560009 2.33149e+12 2.11793
3.05856e+07 -2.24817e+12 -4.15853e+10 6.16314e+11 2.0422 0.0381992 -0.560009 2.33149e+12 2.11793
3.0672e+07 -2.24817e+12 -4.15853e+10 6.16314e+11 2.0422 0.0381992 -0.560009 2.33149e+12 2.11793
3.07584e+07 -2.24817e+12 -4.15853e+10 6.16314e+11 2.0422 0.0381992 -0.560009 2.33149e+12 2.11793
3.08448e+07 -2.24817e+12 -4.15853e+10 6.16314e+11 2.0422 0.0381992 -0.560009 2.33149e+12 2.11793
3.09312e+07 -2.24817e+12 -4.15853e+10 6.16314e+11 2.0422 0.0381992 -0.560009 2.33149e+12 2.11793
3.10176e+07 -2.24817e+12 -4.15853e+10 6.16314e+11 2.0422 0.0381992 -0.560009 2.33149e+12 2.11793
3.1104e+07 -2.24817e+12 -4.15853e+10 6.16314e+11 2.0422 0.0381992 -0.560009 2.33149e+12 2.11793
3.11904e+07 -2.24817e+12 -4.15853e+10 6.16314e+11 2.0422 0.0381992 -0.560009 2.33149e+12 2.11793
3.12768e+07 -2.24817e+12 -4.15853e+10 6.16314e+11 2.0422 0.0381992 -0.560009 2.33149e+12 2.11793
3.13632e+07 -2.24817e+12 -4.15853e+10 6.16314e+11 2.0422 0.0381992 -0.560009 2.33149e+12 2.11793
3.14496e+07 -2.24817e+12 -4.15853e+10 6.16314e+11 2.0422 0.0381992 -0.560009 2.33149e+12 2.11793
