0 -2.08248e+12 -1.84268e+12 2.0021e+10 1566.65 -5290.3 -3747.75 2.78075e+12 6669.88
86400 -2.08244e+12 -1.84308e+12 1.9958e+10 805.244 -4243.45 2571.45 2.78099e+12 5026.7
172800 -2.08239e+12 -1.84302e+12 2.04029e+10 -11648.8 3731.96 3371.28 2.78091e+12 12688.1
259200 -2.06836e+12 -1.85092e+12 -3.02932e+09 181699 -102331 -303385 2.77561e+12 368142
345600 -2.06831e+12 -1.85095e+12 -3.10793e+09 545.9 -305.828 -909.643 2.77559e+12 1104.08
432000 -2.06831e+12 -1.85095e+12 -3.10814e+09 2.44289 0.247839 -2.21774 2.77559e+12 3.3087
518400 -2.06831e+12 -1.85095e+12 -3.10812e+09 0.812524 1.16607 0.504532 2.77559e+12 1.50813
604800 -2.06831e+12 -1.85095e+12 -3.1081e+09 0.807633 1.16882 0.5127 2.77559e+12 1.51039
691200 -2.06831e+12 -1.85095e+12 -3.10808e+09 0.807617 1.16883 0.512726 2.77559e+12 1.5104
777600 -2.06831e+12 -1.85095e+12 -3.10806e+09 0.807617 1.16883 0.512727 2.77559e+12 1.5104
864000 -2.06831e+12 -1.85095e+12 -3.10803e+09 0.807616 1.16883 0.512728 2.77559e+12 1.5104
950400 -2.06831e+12 -1.85095e+12 -3.10801e+09 0.807616 1.16883 0.512729 2.77559e+12 1.5104
1.0368e+06 -2.06831e+12 -1.85095e+12 -3.10799e+09 0.807615 1.16883 0.51273 2.77559e+12 1.5104
1.1232e+06 -2.06831e+12 -1.85095e+12 -3.10797e+09 0.807615 1.16883 0.51273 2.77559e+12 1.5104
1.2096e+06 -2.06831e+12 -1.85095e+12 -3.10795e+09 0.807614 1.16883 0.512731 2.77559e+12 1.5104
1.296e+06 -2.06831e+12 -1.85095e+12 -3.10792e+09 0.807613 1.16883 0.512732 2.77559e+12 1.5104
1.3824e+06 -2.06831e+12 -1.85095e+12 -3.1079e+09 0.807613 1.16883 0.512733 2.77559e+12 1.5104
1.4688e+06 -2.06831e+12 -1.85095e+12 -3.10788e+09 0.807612 1.16883 0.512734 2.77559e+12 1.5104
1.5552e+06 -2.06831e+12 -1.85095e+12 -3.10786e+09 0.807612 1.16883 0.512735 2.77559e+12 1.5104
1.6416e+06 -2.06831e+12 -1.85095e+12 -3.10784e+09 0.807611 1.16883 0.512736 2.77559e+12 1.5104
1.728e+06 -2.06831e+12 -1.85095e+12 -3.10781e+09 0.807611 1.16883 0.512737 2.77559e+12 1.5104
1.8144e+06 -2.06831e+12 -1.85095e+12 -3.10779e+09 0.80761 1.16883 0.512738 2.77559e+12 1.5104
1.9008e+06 -2.06831e+12 -1.85095e+12 -3.10777e+09 0.80761 1.16883 0.512739 2.77559e+12 1.5104
1.9872e+06 -2.06831e+12 -1.85095e+12 -3.10775e+09 0.807609 1.16883 0.51274 2.77559e+12 1.5104
2.0736e+06 -2.06831e+12 -1.85095e+12 -3.10772e+09 0.807609 1.16883 0.512741 2.77559e+12 1.5104
2.16e+06 -2.06831e+12 -1.85095e+12 -3.1077e+09 0.807608 1.16884 0.512742 2.77559e+12 1.5104
2.2464e+06 -2.06831e+12 -1.85095e+12 -3.10768e+09 0.807608 1.16884 0.512743 2.77559e+12 1.5104
2.3328e+06 -2.06831e+12 -1.85095e+12 -3.10766e+09 0.807607 1.16884 0.512744 2.77559e+12 1.5104
2.4192e+06 -2.06831e+12 -1.85095e+12 -3.10764e+09 0.807606 1.16884 0.512745 2.77559e+12 1.5104
2.5056e+06 -2.06831e+12 -1.85095e+12 -3.10761e+09 0.807606 1.16884 0.512746 2.77559e+12 1.5104
2.592e+06 -2.06831e+12 -1.85095e+12 -3.10759e+09 0.807605 1.16884 0.512747 2.77559e+12 1.5104
2.6784e+06 -2.06831e+12 -1.85094e+12 -3.10757e+09 0.807605 1.16884 0.512748 2.77559e+12 1.5104
2.7648e+06 -2.06831e+12 -1.85094e+12 -3.10755e+09 0.807604 1.16884 0.512749 2.77559e+12 1.5104
2.8512e+06 -2.06831e+12 -1.85094e+12 -3.10753e+09 0.807604 1.16884 0.51275 2.77559e+12 1.5104
2.9376e+06 -2.06831e+12 -1.85094e+12 -3.1075e+09 0.807603 1.16884 0.512751 2.77559e+12 1.5104
3.024e+06 -2.06831e+12 -1.85094e+12 -3.10748e+09 0.807603 1.16884 0.512752 2.77559e+12 1.5104
3.1104e+06 -2.06831e+12 -1.85094e+12 -3.10746e+09 0.807602 1.16884 0.512753 2.77559e+12 1.5104
3.1968e+06 -2.06831e+12 -1.85094e+12 -3.10744e+09 0.807602 1.16884 0.512754 2.77559e+12 1.5104
3.2832e+06 -2.06831e+12 -1.85094e+12 -3.10742e+09 0.807601 1.16884 0.512755 2.77559e+12 1.51041
3.3696e+06 -2.06831e+12 -1.85094e+12 -3.10739e+09 0.807601 1.16884 0.512756 2.77559e+12 1.51041
3.456e+06 -2.06831e+12 -1.85094e+12 -3.10737e+09 0.8076 1.16884 0.512757 2.77559e+12 1.51041
3.5424e+06 -2.06831e+12 -1.85094e+12 -3.10735e+09 0.807599 1.16884 0.512758 2.77559e+12 1.51041
3.6288e+06 -2.06831e+12 -1.85094e+12 -3.10733e+09 0.807599 1.16884 0.512759 2.77559e+12 1.51041
3.7152e+06 -2.06831e+12 -1.85094e+12 -3.1073e+09 0.807598 1.16884 0.51276 2.77559e+12 1.51041
3.8016e+06 -2.06831e+12 -1.85094e+12 -3.10728e+09 0.807598 1.16884 0.51276 2.77559e+12 1.51041
3.888e+06 -2.06831e+12 -1.85094e+12 -3.10726e+09 0.807597 1.16884 0.512761 2.77559e+12 1.51041
3.9744e+06 -2.06831e+12 -1.85094e+12 -3.10724e+09 0.807597 1.16884 0.512762 2.77559e+12 1.51041
4.0608e+06 -2.06831e+12 -1.85094e+12 -3.10722e+09 0.807596 1.16884 0.512763 2.77559e+12 1.51041
4.1472e+06 -2.06831e+12 -1.85094e+12 -3.10719e+09 0.807596 1.16884 0.512764 2.77559e+12 1.51041
4.2336e+06 -2.06831e+12 -1.85094e+12 -3.10717e+09 0.807595 1.16884 0.512765 2.77559e+12 1.51041
4.32e+06 -2.06831e+12 -1.85094e+12 -3.10715e+09 0.807595 1.16884 0.512766 2.77559e+12 1.51041
4.4064e+06 -2.06831e+12 -1.85094e+12 -3.10713e+09 0.807594 1.16884 0.512767 2.77559e+12 1.51041
4.4928e+06 -2.06831e+12 -1.85094e+12 -3.10711e+09 0.807594 1.16884 0.512768 2.77559e+12 1.51041
4.5792e+06 -2.06831e+12 -1.85094e+12 -3.10708e+09 0.807593 1.16885 0.512769 2.77559e+12 1.51041
4.6656e+06 -2.06831e+12 -1.85094e+12 -3.10706e+09 0.807592 1.16885 0.51277 2.77559e+12 1.51041
4.752e+06 -2.06831e+12 -1.85094e+12 -3.10704e+09 0.807592 1.16885 0.512771 2.77559e+12 1.51041
4.8384e+06 -2.06831e+12 -1.85094e+12 -3.10702e+09 0.807591 1.16885 0.512772 2.77559e+12 1.51041
4.9248e+06 -2.06831e+12 -1.85094e+12 -3.10699e+09 0.807591 1.16885 0.512773 2.77559e+12 1.51041
5.0112e+06 -2.06831e+12 -1.85094e+12 -3.10697e+09 0.80759 1.16885 0.512774 2.77559e+12 1.51041
5.0976e+06 -2.06831e+12 -1.85094e+12 -3.10695e+09 0.80759 1.16885 0.512775 2.77559e+12 1.51041
5.184e+06 -2.06831e+12 -1.85094e+12 -3.10693e+09 0.807589 1.16885 0.512776 2.77559e+12 1.51041
5.2704e+06 -2.06831e+12 -1.85094e+12 -3.10691e+09 0.807589 1.16885 0.512777 2.77559e+12 1.51041
5.3568e+06 -2.06831e+12 -1.85094e+12 -3.10688e+09 0.807588 1.16885 0.512778 2.77559e+12 1.51041
5.4432e+06 -2.06831e+12 -1.85094e+12 -3.10686e+09 0.807588 1.16885 0.512779 2.77559e+12 1.51041
5.5296e+06 -2.06831e+12 -1.85094e+12 -3.10684e+09 0.807587 1.16885 0.51278 2.77559e+12 1.51041
5.616e+06 -2.06831e+12 -1.85094e+12 -3.10682e+09 0.807586 1.16885 0.512781 2.77559e+12 1.51041
5.7024e+06 -2.06831e+12 -1.85094e+12 -3.1068e+09 0.807586 1.16885 0.512782 2.77559e+12 1.51041
5.7888e+06 -2.06831e+12 -1.85094e+12 -3.10677e+09 0.807585 1.16885 0.512783 2.77559e+12 1.51041
5.8752e+06 -2.06831e+12 -1.85094e+12 -3.10675e+09 0.807585 1.16885 0.512784 2.77559e+12 1.51041
5.9616e+06 -2.06831e+12 -1.85094e+12 -3.10673e+09 0.807584 1.16885 0.512785 2.77559e+12 1.51041
6.048e+06 -2.06831e+12 -1.85094e+12 -3.10671e+09 0.807584 1.16885 0.512786 2.77559e+12 1.51042
6.1344e+06 -2.06831e+12 -1.85094e+12 -3.10668e+09 0.807583 1.16885 0.512787 2.77559e+12 1.51042
6.2208e+06 -2.06831e+12 -1.85094e+12 -3.10666e+09 0.807583 1.16885 0.512788 2.77559e+12 1.51042
6.3072e+06 -2.06831e+12 -1.85094e+12 -3.10664e+09 0.807582 1.16885 0.512789 2.77559e+12 1.51042
6.3936e+06 -2.06831e+12 -1.85094e+12 -3.10662e+09 0.807582 1.16885 0.51279 2.77559e+12 1.51042
6.48e+06 -2.06831e+12 -1.85094e+12 -3.1066e+09 0.807581 1.16885 0.51279 2.77559e+12 1.51042
6.5664e+06 -2.06831e+12 -1.85094e+12 -3.10657e+09 0.807581 1.16885 0.512791 2.77559e+12 1.51042
6.6528e+06 -2.06831e+12 -1.85094e+12 -3.10655e+09 0.80758 1.16885 0.512792 2.77559e+12 1.51042
6.7392e+06 -2.06831e+12 -1.85094e+12 -3.10653e+09 0.807579 1.16885 0.512793 2.77559e+12 1.51042
6.8256e+06 -2.06831e+12 -1.85094e+12 -3.10651e+09 0.807579 1.16885 0.512795 2.77559e+12 1.51042
6.912e+06 -2.06831e+12 -1.85094e+12 -3.10649e+09 0.807578 1.16886 0.512797 2.77559e+12 1.51042
6.9984e+06 -2.06831e+12 -1.85094e+12 -3.10646e+09 0.807577 1.16886 0.512798 2.77559e+12 1.51042
7.0848e+06 -2.06831e+12 -1.85094e+12 -3.10644e+09 0.807577 1.16886 0.512799 2.77559e+12 1.51042
7.1712e+06 -2.06831e+12 -1.85094e+12 -3.10642e+09 0.807576 1.16886 0.5128 2.77559e+12 1.51042
7.2576e+06 -2.06831e+12 -1.85094e+12 -3.1064e+09 0.807576 1.16886 0.512801 2.77559e+12 1.51042
7.344e+06 -2.06831e+12 -1.85094e+12 -3.10638e+09 0.807575 1.16886 0.512802 2.77559e+12 1.51042
7.4304e+06 -2.06831e+12 -1.85094e+12 -3.10635e+09 0.807574 1.16886 0.512803 2.77559e+12 1.51042
7.5168e+06 -2.06831e+12 -1.85094e+12 -3.10633e+09 0.807574 1.16886 0.512804 2.77559e+12 1.51042
7.6032e+06 -2.06831e+12 -1.85094e+12 -3.10631e+09 0.807573 1.16886 0.512805 2.77559e+12 1.51042
7.6896e+06 -2.06831e+12 -1.85094e+12 -3.10629e+09 0.807573 1.16886 0.512806 2.77559e+12 1.51042
7.776e+06 -2.06831e+12 -1.85094e+12 -3.10626e+09 0.807572 1.16886 0.512807 2.77559e+12 1.51042
7.8624e+06 -2.06831e+12 -1.85094e+12 -3.10624e+09 0.807572 1.16886 0.512808 2.77559e+12 1.51042
7.9488e+06 -2.06831e+12 -1.85094e+12 -3.10622e+09 0.807571 1.16886 0.512809 2.77559e+12 1.51042
8.0352e+06 -2.06831e+12 -1.85094e+12 -3.1062e+09 0.807571 1.16886 0.51281 2.77559e+12 1.51042
8.1216e+06 -2.06831e+12 -1.85094e+12 -3.10618e+09 0.80757 1.16886 0.512811 2.77559e+12 1.51042
8.208e+06 -2.06831e+12 -1.85094e+12 -3.10615e+09 0.80757 1.16886 0.512812 2.77559e+12 1.51042
8.2944e+06 -2.06831e+12 -1.85094e+12 -3.10613e+09 0.807569 1.16886 0.512813 2.77559e+12 1.51042
8.3808e+06 -2.06831e+12 -1.85094e+12 -3.10611e+09 0.807569 1.16886 0.512814 2.77559e+12 1.51042
8.4672e+06 -2.06831e+12 -1.85094e+12 -3.10609e+09 0.807568 1.16886 0.512814 2.77559e+12 1.51042
8.5536e+06 -2.06831e+12 -1.85094e+12 -3.10607e+09 0.807567 1.16886 0.512815 2.77559e+12 1.51043
8.64e+06 -2.06831e+12 -1.85094e+12 -3.10604e+09 0.807567 1.16886 0.512816 2.77559e+12 1.51043
8.7264e+06 -2.06831e+12 -1.85094e+12 -3.10602e+09 0.807566 1.16886 0.512817 2.77559e+12 1.51043
8.8128e+06 -2.06831e+12 -1.85094e+12 -3.106e+09 0.807566 1.16886 0.512818 2.77559e+12 1.51043
8.8992e+06 -2.06831e+12 -1.85094e+12 -3.10598e+09 0.807565 1.16886 0.512819 2.77559e+12 1.51043
8.9856e+06 -2.06831e+12 -1.85094e+12 -3.10595e+09 0.807565 1.16886 0.51282 2.77559e+12 1.51043
9.072e+06 -2.06831e+12 -1.85094e+12 -3.10593e+09 0.807564 1.16886 0.512821 2.77559e+12 1.51043
9.1584e+06 -2.06831e+12 -1.85094e+12 -3.10591e+09 0.807564 1.16887 0.512822 2.77559e+12 1.51043
9.2448e+06 -2.06831e+12 -1.85094e+12 -3.10589e+09 0.807563 1.16887 0.512823 2.77559e+12 1.51043
9.3312e+06 -2.06831e+12 -1.85094e+12 -3.10587e+09 0.807563 1.16887 0.512824 2.77559e+12 1.51043
9.4176e+06 -2.06831e+12 -1.85094e+12 -3.10584e+09 0.807562 1.16887 0.512825 2.77559e+12 1.51043
9.504e+06 -2.06831e+12 -1.85094e+12 -3.10582e+09 0.807561 1.16887 0.512826 2.77559e+12 1.51043
9.5904e+06 -2.06831e+12 -1.85094e+12 -3.1058e+09 0.807561 1.16887 0.512827 2.77559e+12 1.51043
9.6768e+06 -2.06831e+12 -1.85094e+12 -3.10578e+09 0.80756 1.16887 0.512828 2.77559e+12 1.51043
9.7632e+06 -2.06831e+12 -1.85094e+12 -3.10576e+09 0.80756 1.16887 0.512829 2.77559e+12 1.51043
9.8496e+06 -2.06831e+12 -1.85094e+12 -3.10573e+09 0.807559 1.16887 0.51283 2.77559e+12 1.51043
9.936e+06 -2.06831e+12 -1.85094e+12 -3.10571e+09 0.807559 1.16887 0.512831 2.77559e+12 1.51043
1.00224e+07 -2.06831e+12 -1.85094e+12 -3.10569e+09 0.807558 1.16887 0.512832 2.77559e+12 1.51043
1.01088e+07 -2.06831e+12 -1.85094e+12 -3.10567e+09 0.807558 1.16887 0.512833 2.77559e+12 1.51043
1.01952e+07 -2.06831e+12 -1.85094e+12 -3.10564e+09 0.807557 1.16887 0.512834 2.77559e+12 1.51043
1.02816e+07 -2.06831e+12 -1.85094e+12 -3.10562e+09 0.807557 1.16887 0.512835 2.77559e+12 1.51043
1.0368e+07 -2.06831e+12 -1.85094e+12 -3.1056e+09 0.807556 1.16887 0.512836 2.77559e+12 1.51043
1.04544e+07 -2.06831e+12 -1.85094e+12 -3.10558e+09 0.807556 1.16887 0.512837 2.77559e+12 1.51043
1.05408e+07 -2.06831e+12 -1.85094e+12 -3.10556e+09 0.807555 1.16887 0.512838 2.77559e+12 1.51043
1.06272e+07 -2.06831e+12 -1.85094e+12 -3.10553e+09 0.807554 1.16887 0.512839 2.77559e+12 1.51043
1.07136e+07 -2.06831e+12 -1.85094e+12 -3.10551e+09 0.807554 1.16887 0.51284 2.77559e+12 1.51043
1.08e+07 -2.06831e+12 -1.85094e+12 -3.10549e+09 0.807553 1.16887 0.512841 2.77559e+12 1.51043
1.08864e+07 -2.06831e+12 -1.85094e+12 -3.10547e+09 0.807553 1.16887 0.512842 2.77559e+12 1.51043
1.09728e+07 -2.06831e+12 -1.85094e+12 -3.10545e+09 0.807552 1.16887 0.512843 2.77559e+12 1.51043
1.10592e+07 -2.06831e+12 -1.85094e+12 -3.10542e+09 0.807552 1.16887 0.512844 2.77559e+12 1.51043
1.11456e+07 -2.06831e+12 -1.85094e+12 -3.1054e+09 0.807551 1.16887 0.512845 2.77559e+12 1.51043
1.1232e+07 -2.06831e+12 -1.85094e+12 -3.10538e+09 0.807551 1.16887 0.512845 2.77559e+12 1.51044
1.13184e+07 -2.06831e+12 -1.85094e+12 -3.10536e+09 0.80755 1.16887 0.512846 2.77559e+12 1.51044
1.14048e+07 -2.06831e+12 -1.85094e+12 -3.10534e+09 0.80755 1.16887 0.512847 2.77559e+12 1.51044
1.14912e+07 -2.06831e+12 -1.85094e+12 -3.10531e+09 0.807549 1.16887 0.512848 2.77559e+12 1.51044
1.15776e+07 -2.06831e+12 -1.85094e+12 -3.10529e+09 0.807549 1.16888 0.512849 2.77559e+12 1.51044
1.1664e+07 -2.06831e+12 -1.85094e+12 -3.10527e+09 0.807548 1.16888 0.51285 2.77559e+12 1.51044
1.17504e+07 -2.06831e+12 -1.85094e+12 -3.10525e+09 0.807547 1.16888 0.512851 2.77559e+12 1.51044
1.18368e+07 -2.06831e+12 -1.85094e+12 -3.10522e+09 0.807547 1.16888 0.512852 2.77559e+12 1.51044
1.19232e+07 -2.06831e+12 -1.85094e+12 -3.1052e+09 0.807546 1.16888 0.512853 2.77559e+12 1.51044
1.20096e+07 -2.06831e+12 -1.85094e+12 -3.10518e+09 0.807546 1.16888 0.512854 2.77559e+12 1.51044
1.2096e+07 -2.06831e+12 -1.85094e+12 -3.10516e+09 0.807545 1.16888 0.512855 2.77559e+12 1.51044
1.21824e+07 -2.06831e+12 -1.85094e+12 -3.10514e+09 0.807545 1.16888 0.512856 2.77559e+12 1.51044
1.22688e+07 -2.06831e+12 -1.85094e+12 -3.10511e+09 0.807544 1.16888 0.512857 2.77559e+12 1.51044
1.23552e+07 -2.06831e+12 -1.85094e+12 -3.10509e+09 0.807544 1.16888 0.512858 2.77559e+12 1.51044
1.24416e+07 -2.06831e+12 -1.85094e+12 -3.10507e+09 0.807543 1.16888 0.512859 2.77559e+12 1.51044
1.2528e+07 -2.06831e+12 -1.85094e+12 -3.10505e+09 0.807543 1.16888 0.51286 2.77559e+12 1.51044
1.26144e+07 -2.06831e+12 -1.85094e+12 -3.10503e+09 0.807542 1.16888 0.512861 2.77559e+12 1.51044
1.27008e+07 -2.06831e+12 -1.85094e+12 -3.105e+09 0.807541 1.16888 0.512862 2.77559e+12 1.51044
1.27872e+07 -2.06831e+12 -1.85094e+12 -3.10498e+09 0.807541 1.16888 0.512863 2.77559e+12 1.51044
1.28736e+07 -2.06831e+12 -1.85094e+12 -3.10496e+09 0.80754 1.16888 0.512864 2.77559e+12 1.51044
1.296e+07 -2.06831e+12 -1.85094e+12 -3.10494e+09 0.80754 1.16888 0.512865 2.77559e+12 1.51044
1.30464e+07 -2.06831e+12 -1.85094e+12 -3.10491e+09 0.807539 1.16888 0.512866 2.77559e+12 1.51044
1.31328e+07 -2.06831e+12 -1.85094e+12 -3.10489e+09 0.807539 1.16888 0.512867 2.77559e+12 1.51044
1.32192e+07 -2.06831e+12 -1.85094e+12 -3.10487e+09 0.807538 1.16888 0.512868 2.77559e+12 1.51044
1.33056e+07 -2.06831e+12 -1.85094e+12 -3.10485e+09 0.807538 1.16888 0.512869 2.77559e+12 1.51044
1.3392e+07 -2.06831e+12 -1.85094e+12 -3.10483e+09 0.807537 1.16888 0.51287 2.77559e+12 1.51044
1.34784e+07 -2.06831e+12 -1.85094e+12 -3.1048e+09 0.807537 1.16888 0.512871 2.77559e+12 1.51044
1.35648e+07 -2.06831e+12 -1.85094e+12 -3.10478e+09 0.807536 1.16888 0.512872 2.77558e+12 1.51044
1.36512e+07 -2.06831e+12 -1.85094e+12 -3.10476e+09 0.807536 1.16888 0.512873 2.77558e+12 1.51044
1.37376e+07 -2.06831e+12 -1.85094e+12 -3.10474e+09 0.807535 1.16888 0.512874 2.77558e+12 1.51044
1.3824e+07 -2.06831e+12 -1.85094e+12 -3.10472e+09 0.807534 1.16888 0.512875 2.77558e+12 1.51044
1.39104e+07 -2.06831e+12 -1.85094e+12 -3.10469e+09 0.807534 1.16888 0.512876 2.77558e+12 1.51045
1.39968e+07 -2.06831e+12 -1.85094e+12 -3.10467e+09 0.807533 1.16889 0.512876 2.77558e+12 1.51045
1.40832e+07 -2.06831e+12 -1.85094e+12 -3.10465e+09 0.807533 1.16889 0.512877 2.77558e+12 1.51045
1.41696e+07 -2.06831e+12 -1.85094e+12 -3.10463e+09 0.807532 1.16889 0.512878 2.77558e+12 1.51045
1.4256e+07 -2.06831e+12 -1.85094e+12 -3.1046e+09 0.807532 1.16889 0.512879 2.77558e+12 1.51045
1.43424e+07 -2.06831e+12 -1.85094e+12 -3.10458e+09 0.807531 1.16889 0.51288 2.77558e+12 1.51045
1.44288e+07 -2.06831e+12 -1.85094e+12 -3.10456e+09 0.807531 1.16889 0.512881 2.77558e+12 1.51045
1.45152e+07 -2.06831e+12 -1.85094e+12 -3.10454e+09 0.80753 1.16889 0.512882 2.77558e+12 1.51045
1.46016e+07 -2.06831e+12 -1.85094e+12 -3.10452e+09 0.80753 1.16889 0.512883 2.77558e+12 1.51045
1.4688e+07 -2.06831e+12 -1.85094e+12 -3.10449e+09 0.807529 1.16889 0.512884 2.77558e+12 1.51045
1.47744e+07 -2.06831e+12 -1.85094e+12 -3.10447e+09 0.807528 1.16889 0.512885 2.77558e+12 1.51045
1.48608e+07 -2.06831e+12 -1.85094e+12 -3.10445e+09 0.807528 1.16889 0.512886 2.77558e+12 1.51045
1.49472e+07 -2.06831e+12 -1.85094e+12 -3.10443e+09 0.807527 1.16889 0.512887 2.77558e+12 1.51045
1.50336e+07 -2.06831e+12 -1.85094e+12 -3.10441e+09 0.807527 1.16889 0.512888 2.77558e+12 1.51045
1.512e+07 -2.06831e+12 -1.85094e+12 -3.10438e+09 0.807526 1.16889 0.512889 2.77558e+12 1.51045
1.52064e+07 -2.06831e+12 -1.85094e+12 -3.10436e+09 0.807526 1.16889 0.51289 2.77558e+12 1.51045
1.52928e+07 -2.06831e+12 -1.85094e+12 -3.10434e+09 0.807525 1.16889 0.512891 2.77558e+12 1.51045
1.53792e+07 -2.0683e+12 -1.85094e+12 -3.10432e+09 0.807525 1.16889 0.512892 2.77558e+12 1.51045
1.54656e+07 -2.0683e+12 -1.85094e+12 -3.10429e+09 0.807524 1.16889 0.512893 2.77558e+12 1.51045
1.5552e+07 -2.0683e+12 -1.85094e+12 -3.10427e+09 0.807524 1.16889 0.512894 2.77558e+12 1.51045
1.56384e+07 -2.0683e+12 -1.85094e+12 -3.10425e+09 0.807523 1.16889 0.512895 2.77558e+12 1.51045
1.57248e+07 -2.0683e+12 -1.85094e+12 -3.10423e+09 0.807523 1.16889 0.512896 2.77558e+12 1.51045
1.58112e+07 -2.0683e+12 -1.85094e+12 -3.10421e+09 0.807522 1.16889 0.512897 2.77558e+12 1.51045
1.58976e+07 -2.0683e+12 -1.85094e+12 -3.10418e+09 0.807521 1.16889 0.512898 2.77558e+12 1.51045
1.5984e+07 -2.0683e+12 -1.85094e+12 -3.10416e+09 0.807521 1.16889 0.512899 2.77558e+12 1.51045
1.60704e+07 -2.0683e+12 -1.85094e+12 -3.10414e+09 0.80752 1.16889 0.5129 2.77558e+12 1.51045
1.61568e+07 -2.0683e+12 -1.85094e+12 -3.10412e+09 0.80752 1.16889 0.512901 2.77558e+12 1.51045
1.62432e+07 -2.0683e+12 -1.85094e+12 -3.1041e+09 0.807519 1.16889 0.512902 2.77558e+12 1.51045
1.63296e+07 -2.0683e+12 -1.85094e+12 -3.10407e+09 0.807519 1.1689 0.512903 2.77558e+12 1.51045
1.6416e+07 -2.0683e+12 -1.85094e+12 -3.10405e+09 0.807518 1.1689 0.512904 2.77558e+12 1.51045
1.65024e+07 -2.0683e+12 -1.85094e+12 -3.10403e+09 0.807518 1.1689 0.512905 2.77558e+12 1.51045
1.65888e+07 -2.0683e+12 -1.85094e+12 -3.10401e+09 0.807517 1.1689 0.512906 2.77558e+12 1.51046
1.66752e+07 -2.0683e+12 -1.85094e+12 -3.10399e+09 0.807517 1.1689 0.512907 2.77558e+12 1.51046
1.67616e+07 -2.0683e+12 -1.85094e+12 -3.10396e+09 0.807516 1.1689 0.512907 2.77558e+12 1.51046
1.6848e+07 -2.0683e+12 -1.85094e+12 -3.10394e+09 0.807516 1.1689 0.512908 2.77558e+12 1.51046
1.69344e+07 -2.0683e+12 -1.85094e+12 -3.10392e+09 0.807515 1.1689 0.512909 2.77558e+12 1.51046
1.70208e+07 -2.0683e+12 -1.85094e+12 -3.1039e+09 0.807514 1.1689 0.51291 2.77558e+12 1.51046
1.71072e+07 -2.0683e+12 -1.85094e+12 -3.10387e+09 0.807514 1.1689 0.512911 2.77558e+12 1.51046
1.71936e+07 -2.0683e+12 -1.85094e+12 -3.10385e+09 0.807513 1.1689 0.512912 2.77558e+12 1.51046
1.728e+07 -2.0683e+12 -1.85094e+12 -3.10383e+09 0.807513 1.1689 0.512913 2.77558e+12 1.51046
1.73664e+07 -2.0683e+12 -1.85094e+12 -3.10381e+09 0.807512 1.1689 0.512914 2.77558e+12 1.51046
1.74528e+07 -2.0683e+12 -1.85094e+12 -3.10379e+09 0.807512 1.1689 0.512915 2.77558e+12 1.51046
1.75392e+07 -2.0683e+12 -1.85094e+12 -3.10376e+09 0.807511 1.1689 0.512916 2.77558e+12 1.51046
1.76256e+07 -2.0683e+12 -1.85094e+12 -3.10374e+09 0.807511 1.1689 0.512917 2.77558e+12 1.51046
1.7712e+07 -2.0683e+12 -1.85094e+12 -3.10372e+09 0.80751 1.1689 0.512918 2.77558e+12 1.51046
1.77984e+07 -2.0683e+12 -1.85094e+12 -3.1037e+09 0.80751 1.1689 0.512919 2.77558e+12 1.51046
1.78848e+07 -2.0683e+12 -1.85094e+12 -3.10368e+09 0.807509 1.1689 0.51292 2.77558e+12 1.51046
1.79712e+07 -2.0683e+12 -1.85094e+12 -3.10365e+09 0.807508 1.1689 0.512921 2.77558e+12 1.51046
1.80576e+07 -2.0683e+12 -1.85094e+12 -3.10363e+09 0.807508 1.1689 0.512922 2.77558e+12 1.51046
1.8144e+07 -2.0683e+12 -1.85094e+12 -3.10361e+09 0.807507 1.1689 0.512923 2.77558e+12 1.51046
1.82304e+07 -2.0683e+12 -1.85094e+12 -3.10359e+09 0.807507 1.1689 0.512924 2.77558e+12 1.51046
1.83168e+07 -2.0683e+12 -1.85094e+12 -3.10356e+09 0.807506 1.1689 0.512925 2.77558e+12 1.51046
1.84032e+07 -2.0683e+12 -1.85094e+12 -3.10354e+09 0.807506 1.1689 0.512926 2.77558e+12 1.51046
1.84896e+07 -2.0683e+12 -1.85094e+12 -3.10352e+09 0.807505 1.1689 0.512927 2.77558e+12 1.51046
1.8576e+07 -2.0683e+12 -1.85094e+12 -3.1035e+09 0.807505 1.1689 0.512928 2.77558e+12 1.51046
1.86624e+07 -2.0683e+12 -1.85094e+12 -3.10348e+09 0.807504 1.1689 0.512929 2.77558e+12 1.51046
1.87488e+07 -2.0683e+12 -1.85094e+12 -3.10345e+09 0.807504 1.16891 0.51293 2.77558e+12 1.51046
1.88352e+07 -2.0683e+12 -1.85094e+12 -3.10343e+09 0.807503 1.16891 0.512931 2.77558e+12 1.51046
1.89216e+07 -2.0683e+12 -1.85094e+12 -3.10341e+09 0.807503 1.16891 0.512932 2.77558e+12 1.51046
1.9008e+07 -2.0683e+12 -1.85094e+12 -3.10339e+09 0.807502 1.16891 0.512933 2.77558e+12 1.51046
1.90944e+07 -2.0683e+12 -1.85094e+12 -3.10337e+09 0.807501 1.16891 0.512934 2.77558e+12 1.51046
1.91808e+07 -2.0683e+12 -1.85094e+12 -3.10334e+09 0.807501 1.16891 0.512935 2.77558e+12 1.51046
1.92672e+07 -2.0683e+12 -1.85094e+12 -3.10332e+09 0.8075 1.16891 0.512936 2.77558e+12 1.51046
1.93536e+07 -2.0683e+12 -1.85094e+12 -3.1033e+09 0.8075 1.16891 0.512937 2.77558e+12 1.51047
1.944e+07 -2.0683e+12 -1.85094e+12 -3.10328e+09 0.807499 1.16891 0.512938 2.77558e+12 1.51047
1.95264e+07 -2.0683e+12 -1.85094e+12 -3.10325e+09 0.807499 1.16891 0.512939 2.77558e+12 1.51047
1.96128e+07 -2.0683e+12 -1.85094e+12 -3.10323e+09 0.807498 1.16891 0.512939 2.77558e+12 1.51047
1.96992e+07 -2.0683e+12 -1.85094e+12 -3.10321e+09 0.807498 1.16891 0.51294 2.77558e+12 1.51047
1.97856e+07 -2.0683e+12 -1.85093e+12 -3.10319e+09 0.807497 1.16891 0.512941 2.77558e+12 1.51047
1.9872e+07 -2.0683e+12 -1.85093e+12 -3.10317e+09 0.807497 1.16891 0.512942 2.77558e+12 1.51047
1.99584e+07 -2.0683e+12 -1.85093e+12 -3.10314e+09 0.807496 1.16891 0.512943 2.77558e+12 1.51047
2.00448e+07 -2.0683e+12 -1.85093e+12 -3.10312e+09 0.807495 1.16891 0.512944 2.77558e+12 1.51047
2.01312e+07 -2.0683e+12 -1.85093e+12 -3.1031e+09 0.807495 1.16891 0.512945 2.77558e+12 1.51047
2.02176e+07 -2.0683e+12 -1.85093e+12 -3.10308e+09 0.807494 1.16891 0.512946 2.77558e+12 1.51047
2.0304e+07 -2.0683e+12 -1.85093e+12 -3.10306e+09 0.807494 1.16891 0.512947 2.77558e+12 1.51047
2.03904e+07 -2.0683e+12 -1.85093e+12 -3.10303e+09 0.807493 1.16891 0.512948 2.77558e+12 1.51047
2.04768e+07 -2.0683e+12 -1.85093e+12 -3.10301e+09 0.807493 1.16891 0.512949 2.77558e+12 1.51047
2.05632e+07 -2.0683e+12 -1.85093e+12 -3.10299e+09 0.807492 1.16891 0.51295 2.77558e+12 1.51047
2.06496e+07 -2.0683e+12 -1.85093e+12 -3.10297e+09 0.807492 1.16891 0.512951 2.77558e+12 1.51047
2.0736e+07 -2.0683e+12 -1.85093e+12 -3.10294e+09 0.807491 1.16891 0.512952 2.77558e+12 1.51047
2.08224e+07 -2.0683e+12 -1.85093e+12 -3.10292e+09 0.807491 1.16891 0.512953 2.77558e+12 1.51047
2.09088e+07 -2.0683e+12 -1.85093e+12 -3.1029e+09 0.80749 1.16891 0.512954 2.77558e+12 1.51047
2.09952e+07 -2.0683e+12 -1.85093e+12 -3.10288e+09 0.80749 1.16891 0.512955 2.77558e+12 1.51047
2.10816e+07 -2.0683e+12 -1.85093e+12 -3.10286e+09 0.807489 1.16892 0.512956 2.77558e+12 1.51047
2.1168e+07 -2.0683e+12 -1.85093e+12 -3.10283e+09 0.807488 1.16892 0.512957 2.77558e+12 1.51047
2.12544e+07 -2.0683e+12 -1.85093e+12 -3.10281e+09 0.807488 1.16892 0.512958 2.77558e+12 1.51047
2.13408e+07 -2.0683e+12 -1.85093e+12 -3.10279e+09 0.807487 1.16892 0.512959 2.77558e+12 1.51047
2.14272e+07 -2.0683e+12 -1.85093e+12 -3.10277e+09 0.807487 1.16892 0.51296 2.77558e+12 1.51047
2.15136e+07 -2.0683e+12 -1.85093e+12 -3.10275e+09 0.807486 1.16892 0.512961 2.77558e+12 1.51047
2.16e+07 -2.0683e+12 -1.85093e+12 -3.10272e+09 0.807486 1.16892 0.512962 2.77558e+12 1.51047
2.16864e+07 -2.0683e+12 -1.85093e+12 -3.1027e+09 0.807485 1.16892 0.512963 2.77558e+12 1.51047
2.17728e+07 -2.0683e+12 -1.85093e+12 -3.10268e+09 0.807485 1.16892 0.512964 2.77558e+12 1.51047
2.18592e+07 -2.0683e+12 -1.85093e+12 -3.10266e+09 0.807484 1.16892 0.512965 2.77558e+12 1.51047
2.19456e+07 -2.0683e+12 -1.85093e+12 -3.10264e+09 0.807484 1.16892 0.512966 2.77558e+12 1.51047
2.2032e+07 -2.0683e+12 -1.85093e+12 -3.10261e+09 0.807483 1.16892 0.512967 2.77558e+12 1.51048
2.21184e+07 -2.0683e+12 -1.85093e+12 -3.10259e+09 0.807482 1.16892 0.512968 2.77558e+12 1.51048
2.22048e+07 -2.0683e+12 -1.85093e+12 -3.10257e+09 0.807482 1.16892 0.512969 2.77558e+12 1.51048
2.22912e+07 -2.0683e+12 -1.85093e+12 -3.10255e+09 0.807481 1.16892 0.51297 2.77558e+12 1.51048
2.23776e+07 -2.0683e+12 -1.85093e+12 -3.10252e+09 0.807481 1.16892 0.512971 2.77558e+12 1.51048
2.2464e+07 -2.0683e+12 -1.85093e+12 -3.1025e+09 0.80748 1.16892 0.512971 2.77558e+12 1.51048
2.25504e+07 -2.0683e+12 -1.85093e+12 -3.10248e+09 0.80748 1.16892 0.512972 2.77558e+12 1.51048
2.26368e+07 -2.0683e+12 -1.85093e+12 -3.10246e+09 0.807479 1.16892 0.512973 2.77558e+12 1.51048
2.27232e+07 -2.0683e+12 -1.85093e+12 -3.10244e+09 0.807479 1.16892 0.512974 2.77558e+12 1.51048
2.28096e+07 -2.0683e+12 -1.85093e+12 -3.10241e+09 0.807478 1.16892 0.512975 2.77558e+12 1.51048
2.2896e+07 -2.0683e+12 -1.85093e+12 -3.10239e+09 0.807478 1.16892 0.512976 2.77558e+12 1.51048
2.29824e+07 -2.0683e+12 -1.85093e+12 -3.10237e+09 0.807477 1.16892 0.512977 2.77558e+12 1.51048
2.30688e+07 -2.0683e+12 -1.85093e+12 -3.10235e+09 0.807477 1.16892 0.512978 2.77558e+12 1.51048
2.31552e+07 -2.0683e+12 -1.85093e+12 -3.10233e+09 0.807476 1.16892 0.512979 2.77558e+12 1.51048
2.32416e+07 -2.0683e+12 -1.85093e+12 -3.1023e+09 0.807475 1.16892 0.51298 2.77558e+12 1.51048
2.3328e+07 -2.0683e+12 -1.85093e+12 -3.10228e+09 0.807475 1.16892 0.512981 2.77558e+12 1.51048
2.34144e+07 -2.0683e+12 -1.85093e+12 -3.10226e+09 0.807474 1.16892 0.512982 2.77558e+12 1.51048
2.35008e+07 -2.0683e+12 -1.85093e+12 -3.10224e+09 0.807474 1.16893 0.512983 2.77558e+12 1.51048
2.35872e+07 -2.0683e+12 -1.85093e+12 -3.10221e+09 0.807473 1.16893 0.512984 2.77558e+12 1.51048
2.36736e+07 -2.0683e+12 -1.85093e+12 -3.10219e+09 0.807473 1.16893 0.512985 2.77558e+12 1.51048
2.376e+07 -2.0683e+12 -1.85093e+12 -3.10217e+09 0.807472 1.16893 0.512986 2.77558e+12 1.51048
2.38464e+07 -2.0683e+12 -1.85093e+12 -3.10215e+09 0.807472 1.16893 0.512987 2.77558e+12 1.51048
2.39328e+07 -2.0683e+12 -1.85093e+12 -3.10213e+09 0.807471 1.16893 0.512988 2.77558e+12 1.51048
2.40192e+07 -2.0683e+12 -1.85093e+12 -3.1021e+09 0.807471 1.16893 0.512989 2.77558e+12 1.51048
2.41056e+07 -2.0683e+12 -1.85093e+12 -3.10208e+09 0.80747 1.16893 0.51299 2.77558e+12 1.51048
2.4192e+07 -2.0683e+12 -1.85093e+12 -3.10206e+09 0.80747 1.16893 0.512991 2.77558e+12 1.51048
2.42784e+07 -2.0683e+12 -1.85093e+12 -3.10204e+09 0.80747 1.16893 0.512992 2.77558e+12 1.51048
2.43648e+07 -2.0683e+12 -1.85093e+12 -3.10202e+09 0.807472 1.16893 0.512992 2.77558e+12 1.51048
2.44512e+07 -2.0683e+12 -1.85093e+12 -3.10199e+09 0.807471 1.16893 0.512993 2.77558e+12 1.51049
2.45376e+07 -2.0683e+12 -1.85093e+12 -3.10197e+09 0.807471 1.16893 0.512994 2.77558e+12 1.51049
2.4624e+07 -2.0683e+12 -1.85093e+12 -3.10195e+09 0.80747 1.16893 0.512995 2.77558e+12 1.51049
2.47104e+07 -2.0683e+12 -1.85093e+12 -3.10193e+09 0.80747 1.16893 0.512996 2.77558e+12 1.51049
2.47968e+07 -2.0683e+12 -1.85093e+12 -3.1019e+09 0.807469 1.16893 0.512997 2.77558e+12 1.51049
2.48832e+07 -2.0683e+12 -1.85093e+12 -3.10188e+09 0.807469 1.16893 0.512998 2.77558e+12 1.51049
2.49696e+07 -2.0683e+12 -1.85093e+12 -3.10186e+09 0.807468 1.16893 0.512999 2.77558e+12 1.51049
2.5056e+07 -2.0683e+12 -1.85093e+12 -3.10184e+09 0.807467 1.16893 0.513 2.77558e+12 1.51049
2.51424e+07 -2.0683e+12 -1.85093e+12 -3.10182e+09 0.807467 1.16893 0.513001 2.77558e+12 1.51049
2.52288e+07 -2.0683e+12 -1.85093e+12 -3.10179e+09 0.807466 1.16893 0.513002 2.77558e+12 1.51049
2.53152e+07 -2.0683e+12 -1.85093e+12 -3.10177e+09 0.807466 1.16893 0.513003 2.77558e+12 1.51049
2.54016e+07 -2.0683e+12 -1.85093e+12 -3.10175e+09 0.807465 1.16893 0.513004 2.77558e+12 1.51049
2.5488e+07 -2.0683e+12 -1.85093e+12 -3.10173e+09 0.807465 1.16893 0.513005 2.77558e+12 1.51049
2.55744e+07 -2.0683e+12 -1.85093e+12 -3.10171e+09 0.807464 1.16893 0.513006 2.77558e+12 1.51049
2.56608e+07 -2.0683e+12 -1.85093e+12 -3.10168e+09 0.807464 1.16893 0.513007 2.77558e+12 1.51049
2.57472e+07 -2.0683e+12 -1.85093e+12 -3.10166e+09 0.807463 1.16893 0.513008 2.77558e+12 1.51049
2.58336e+07 -2.0683e+12 -1.85093e+12 -3.10164e+09 0.807463 1.16893 0.513009 2.77558e+12 1.51049
2.592e+07 -2.0683e+12 -1.85093e+12 -3.10162e+09 0.807462 1.16893 0.51301 2.77558e+12 1.51049
2.60064e+07 -2.0683e+12 -1.85093e+12 -3.10159e+09 0.807461 1.16893 0.513011 2.77558e+12 1.51049
2.60928e+07 -2.0683e+12 -1.85093e+12 -3.10157e+09 0.807461 1.16894 0.513012 2.77558e+12 1.51049
2.61792e+07 -2.0683e+12 -1.85093e+12 -3.10155e+09 0.80746 1.16894 0.513013 2.77558e+12 1.51049
2.62656e+07 -2.0683e+12 -1.85093e+12 -3.10153e+09 0.80746 1.16894 0.513014 2.77558e+12 1.51049
2.6352e+07 -2.0683e+12 -1.85093e+12 -3.10151e+09 0.807459 1.16894 0.513015 2.77558e+12 1.51049
2.64384e+07 -2.0683e+12 -1.85093e+12 -3.10148e+09 0.807459 1.16894 0.513016 2.77558e+12 1.51049
2.65248e+07 -2.0683e+12 -1.85093e+12 -3.10146e+09 0.807458 1.16894 0.513017 2.77558e+12 1.51049
2.66112e+07 -2.0683e+12 -1.85093e+12 -3.10144e+09 0.807458 1.16894 0.513018 2.77558e+12 1.51049
2.66976e+07 -2.0683e+12 -1.85093e+12 -3.10142e+09 0.807457 1.16894 0.513019 2.77558e+12 1.51049
2.6784e+07 -2.0683e+12 -1.85093e+12 -3.1014e+09 0.807457 1.16894 0.51302 2.77558e+12 1.51049
2.68704e+07 -2.0683e+12 -1.85093e+12 -3.10137e+09 0.807456 1.16894 0.513021 2.77558e+12 1.51049
2.69568e+07 -2.0683e+12 -1.85093e+12 -3.10135e+09 0.807456 1.16894 0.513022 2.77558e+12 1.51049
2.70432e+07 -2.0683e+12 -1.85093e+12 -3.10133e+09 0.807455 1.16894 0.513023 2.77558e+12 1.51049
2.71296e+07 -2.0683e+12 -1.85093e+12 -3.10131e+09 0.807454 1.16894 0.513023 2.77558e+12 1.5105
2.7216e+07 -2.0683e+12 -1.85093e+12 -3.10128e+09 0.807454 1.16894 0.513024 2.77558e+12 1.5105
2.73024e+07 -2.0683e+12 -1.85093e+12 -3.10126e+09 0.807453 1.16894 0.513025 2.77558e+12 1.5105
2.73888e+07 -2.0683e+12 -1.85093e+12 -3.10124e+09 0.807453 1.16894 0.513026 2.77558e+12 1.5105
2.74752e+07 -2.0683e+12 -1.85093e+12 -3.10122e+09 0.807452 1.16894 0.513027 2.77558e+12 1.5105
2.75616e+07 -2.0683e+12 -1.85093e+12 -3.1012e+09 0.807452 1.16894 0.513028 2.77558e+12 1.5105
2.7648e+07 -2.0683e+12 -1.85093e+12 -3.10117e+09 0.807451 1.16894 0.513029 2.77558e+12 1.5105
2.77344e+07 -2.0683e+12 -1.85093e+12 -3.10115e+09 0.807451 1.16894 0.51303 2.77558e+12 1.5105
2.78208e+07 -2.0683e+12 -1.85093e+12 -3.10113e+09 0.80745 1.16894 0.513031 2.77558e+12 1.5105
2.79072e+07 -2.0683e+12 -1.85093e+12 -3.10111e+09 0.80745 1.16894 0.513032 2.77558e+12 1.5105
2.79936e+07 -2.0683e+12 -1.85093e+12 -3.10109e+09 0.807449 1.16894 0.513033 2.77558e+12 1.5105
2.808e+07 -2.0683e+12 -1.85093e+12 -3.10106e+09 0.807448 1.16894 0.513034 2.77557e+12 1.5105
2.81664e+07 -2.0683e+12 -1.85093e+12 -3.10104e+09 0.807448 1.16894 0.513035 2.77557e+12 1.5105
2.82528e+07 -2.0683e+12 -1.85093e+12 -3.10102e+09 0.807447 1.16894 0.513036 2.77557e+12 1.5105
2.83392e+07 -2.0683e+12 -1.85093e+12 -3.101e+09 0.807447 1.16894 0.513037 2.77557e+12 1.5105
2.84256e+07 -2.0683e+12 -1.85093e+12 -3.10097e+09 0.807446 1.16894 0.513038 2.77557e+12 1.5105
2.8512e+07 -2.0683e+12 -1.85093e+12 -3.10095e+09 0.807446 1.16895 0.513039 2.77557e+12 1.5105
2.85984e+07 -2.0683e+12 -1.85093e+12 -3.10093e+09 0.807445 1.16895 0.51304 2.77557e+12 1.5105
2.86848e+07 -2.0683e+12 -1.85093e+12 -3.10091e+09 0.807445 1.16895 0.513041 2.77557e+12 1.5105
2.87712e+07 -2.0683e+12 -1.85093e+12 -3.10089e+09 0.807444 1.16895 0.513042 2.77557e+12 1.5105
2.88576e+07 -2.0683e+12 -1.85093e+12 -3.10086e+09 0.807444 1.16895 0.513043 2.77557e+12 1.5105
2.8944e+07 -2.0683e+12 -1.85093e+12 -3.10084e+09 0.807443 1.16895 0.513044 2.77557e+12 1.5105
2.90304e+07 -2.0683e+12 -1.85093e+12 -3.10082e+09 0.807443 1.16895 0.513045 2.77557e+12 1.5105
2.91168e+07 -2.0683e+12 -1.85093e+12 -3.1008e+09 0.807442 1.16895 0.513046 2.77557e+12 1.5105
2.92032e+07 -2.0683e+12 -1.85093e+12 -3.10078e+09 0.807441 1.16895 0.513047 2.77557e+12 1.5105
2.92896e+07 -2.0683e+12 -1.85093e+12 -3.10075e+09 0.807441 1.16895 0.513048 2.77557e+12 1.5105
2.9376e+07 -2.0683e+12 -1.85093e+12 -3.10073e+09 0.80744 1.16895 0.513049 2.77557e+12 1.5105
2.94624e+07 -2.0683e+12 -1.85093e+12 -3.10071e+09 0.80744 1.16895 0.51305 2.77557e+12 1.5105
2.95488e+07 -2.0683e+12 -1.85093e+12 -3.10069e+09 0.807439 1.16895 0.513051 2.77557e+12 1.5105
2.96352e+07 -2.0683e+12 -1.85093e+12 -3.10066e+09 0.807439 1.16895 0.513052 2.77557e+12 1.5105
2.97216e+07 -2.0683e+12 -1.85093e+12 -3.10064e+09 0.807438 1.16895 0.513053 2.77557e+12 1.5105
2.9808e+07 -2.0683e+12 -1.85093e+12 -3.10062e+09 0.807438 1.16895 0.513054 2.77557e+12 1.5105
2.98944e+07 -2.0683e+12 -1.85093e+12 -3.1006e+09 0.807437 1.16895 0.513055 2.77557e+12 1.51051
2.99808e+07 -2.0683e+12 -1.85093e+12 -3.10058e+09 0.807437 1.16895 0.513055 2.77557e+12 1.51051
3.00672e+07 -2.0683e+12 -1.85093e+12 -3.10055e+09 0.807436 1.16895 0.513056 2.77557e+12 1.51051
3.01536e+07 -2.0683e+12 -1.85093e+12 -3.10053e+09 0.807435 1.16895 0.513057 2.77557e+12 1.51051
3.024e+07 -2.0683e+12 -1.85093e+12 -3.10051e+09 0.807435 1.16895 0.513058 2.77557e+12 1.51051
3.03264e+07 -2.0683e+12 -1.85093e+12 -3.10049e+09 0.807434 1.16895 0.513059 2.77557e+12 1.51051
3.04128e+07 -2.0683e+12 -1.85093e+12 -3.10047e+09 0.807434 1.16895 0.51306 2.77557e+12 1.51051
3.04992e+07 -2.0683e+12 -1.85093e+12 -3.10044e+09 0.807433 1.16895 0.513061 2.77557e+12 1.51051
3.05856e+07 -2.0683e+12 -1.85093e+12 -3.10042e+09 0.807433 1.16895 0.513062 2.77557e+12 1.51051
3.0672e+07 -2.0683e+12 -1.85093e+12 -3.1004e+09 0.807432 1.16895 0.513063 2.77557e+12 1.51051
3.07584e+07 -2.0683e+12 -1.85093e+12 -3.10038e+09 0.807432 1.16895 0.513064 2.77557e+12 1.51051
3.08448e+07 -2.0683e+12 -1.85093e+12 -3.10035e+09 0.807431 1.16896 0.513065 2.77557e+12 1.51051
3.09312e+07 -2.0683e+12 -1.85093e+12 -3.10033e+09 0.807431 1.16896 0.513066 2.77557e+12 1.51051
3.10176e+07 -2.0683e+12 -1.85093e+12 -3.10031e+09 0.80743 1.16896 0.513067 2.77557e+12 1.51051
3.1104e+07 -2.0683e+12 -1.85093e+12 -3.10029e+09 0.80743 1.16896 0.513068 2.77557e+12 1.51051
3.11904e+07 -2.0683e+12 -1.85093e+12 -3.10027e+09 0.807429 1.16896 0.513069 2.77557e+12 1.51051
3.12768e+07 -2.0683e+12 -1.85093e+12 -3.10024e+09 0.807428 1.16896 0.51307 2.77557e+12 1.51051
3.13632e+07 -2.0683e+12 -1.85093e+12 -3.10022e+09 0.807428 1.16896 0.513071 2.77557e+12 1.51051
3.14496e+07 -2.0683e+12 -1.85093e+12 -3.1002e+09 0.807427 1.16896 0.513072 2.77557e+12 1.51051
