0 1.28616e+11 -8.07814e+10 3.08016e+06 15994.9 24468.6 82.4714 1.5188e+11 29232.8
86400 1.29992e+11 -7.86389e+10 9.71004e+06 15721.5 24927.4 69.5275 1.51927e+11 29471.2
172800 1.29983e+11 -7.86121e+10 9.06953e+06 -248.817 551.323 -15.2582 1.51906e+11 605.062
259200 1.29971e+11 -7.85909e+10 8.36481e+06 -288.284 492.489 -16.5199 1.51884e+11 570.899
345600 1.29958e+11 -7.85691e+10 7.61042e+06 -278.305 509.134 -17.7057 1.51863e+11 580.504
432000 1.29947e+11 -7.85464e+10 6.79676e+06 -266.143 529.338 -19.1264 1.51841e+11 592.788
518400 1.29936e+11 -7.85227e+10 5.91082e+06 -251.214 554.077 -20.8671 1.5182e+11 608.725
604800 1.29926e+11 -7.84977e+10 4.93436e+06 -232.379 585.219 -23.0596 1.51798e+11 630.089
691200 1.29917e+11 -7.84711e+10 3.84059e+06 -207.739 625.87 -25.9232 1.51776e+11 659.955
777600 1.29909e+11 -7.84421e+10 2.58758e+06 -173.866 681.653 -29.8547 1.51755e+11 704.11
864000 1.29903e+11 -7.841e+10 1.10346e+06 -123.785 763.996 -35.6607 1.51733e+11 774.78
950400 1.299e+11 -7.83725e+10 -753038 -40.5228 900.711 -45.3038 1.51711e+11 902.76
1.0368e+06 1.29904e+11 -7.83247e+10 -3.33444e+06 132.948 1185.25 -65.3791 1.5169e+11 1194.47
1.1232e+06 1.29928e+11 -7.82441e+10 -8.2353e+06 888.43 2423.51 -152.761 1.51669e+11 2585.74
1.2096e+06 1.31725e+11 -7.52592e+10 -2.1812e+08 31694.4 52881.4 -3714.12 1.51708e+11 61763.8
1.296e+06 1.31714e+11 -7.5235e+10 -2.19046e+08 -343.267 404.253 -10.2744 1.51687e+11 530.432
1.3824e+06 1.31695e+11 -7.52243e+10 -2.19011e+08 -439.51 246.88 0.838157 1.51665e+11 504.103
1.4688e+06 1.31676e+11 -7.52137e+10 -2.18973e+08 -439.925 246.479 0.871735 1.51643e+11 504.269
1.5552e+06 1.31657e+11 -7.5203e+10 -2.18936e+08 -440.053 246.549 0.872074 1.51622e+11 504.414
1.6416e+06 1.31638e+11 -7.51924e+10 -2.18898e+08 -440.18 246.62 0.872313 1.516e+11 504.56
1.728e+06 1.31619e+11 -7.51817e+10 -2.1886e+08 -440.307 246.692 0.872552 1.51578e+11 504.705
1.8144e+06 1.316e+11 -7.51711e+10 -2.18823e+08 -440.434 246.763 0.872792 1.51556e+11 504.851
1.9008e+06 1.31581e+11 -7.51604e+10 -2.18785e+08 -440.561 246.834 0.873031 1.51534e+11 504.997
1.9872e+06 1.31562e+11 -7.51498e+10 -2.18747e+08 -440.688 246.906 0.873271 1.51513e+11 505.143
2.0736e+06 1.31543e+11 -7.51391e+10 -2.1871e+08 -440.815 246.977 0.873511 1.51491e+11 505.289
2.16e+06 1.31524e+11 -7.51285e+10 -2.18672e+08 -440.942 247.049 0.873751 1.51469e+11 505.435
2.2464e+06 1.31505e+11 -7.51178e+10 -2.18634e+08 -441.07 247.121 0.873991 1.51447e+11 505.581
2.3328e+06 1.31486e+11 -7.51071e+10 -2.18596e+08 -441.197 247.192 0.874231 1.51425e+11 505.727
2.4192e+06 1.31467e+11 -7.50965e+10 -2.18559e+08 -441.325 247.264 0.874472 1.51404e+11 505.874
2.5056e+06 1.31448e+11 -7.50858e+10 -2.18521e+08 -441.453 247.336 0.874712 1.51382e+11 506.02
2.592e+06 1.31429e+11 -7.50751e+10 -2.18483e+08 -441.581 247.408 0.874953 1.5136e+11 506.167
2.6784e+06 1.3141e+11 -7.50644e+10 -2.18445e+08 -441.708 247.48 0.875194 1.51338e+11 506.313
2.7648e+06 1.31391e+11 -7.50538e+10 -2.18408e+08 -441.836 247.552 0.875436 1.51316e+11 506.46
2.8512e+06 1.31372e+11 -7.50431e+10 -2.1837e+08 -441.965 247.624 0.875677 1.51294e+11 506.607
2.9376e+06 1.31352e+11 -7.50324e+10 -2.18332e+08 -442.093 247.696 0.875919 1.51273e+11 506.754
3.024e+06 1.31333e+11 -7.50217e+10 -2.18294e+08 -442.221 247.768 0.87616 1.51251e+11 506.901
3.1104e+06 1.31314e+11 -7.5011e+10 -2.18256e+08 -442.349 247.84 0.876402 1.51229e+11 507.049
3.1968e+06 1.31295e+11 -7.50003e+10 -2.18219e+08 -442.478 247.912 0.876644 1.51207e+11 507.196
3.2832e+06 1.31276e+11 -7.49896e+10 -2.18181e+08 -442.606 247.984 0.876886 1.51185e+11 507.344
3.3696e+06 1.31257e+11 -7.49789e+10 -2.18143e+08 -442.735 248.057 0.877129 1.51163e+11 507.491
3.456e+06 1.31238e+11 -7.49682e+10 -2.18105e+08 -442.864 248.129 0.877371 1.51141e+11 507.639
3.5424e+06 1.31219e+11 -7.49575e+10 -2.18067e+08 -442.993 248.201 0.877614 1.51119e+11 507.787
3.6288e+06 1.312e+11 -7.49468e+10 -2.18029e+08 -443.122 248.274 0.877857 1.51097e+11 507.934
3.7152e+06 1.31181e+11 -7.49361e+10 -2.17991e+08 -443.251 248.346 0.8781 1.51075e+11 508.082
3.8016e+06 1.31161e+11 -7.49253e+10 -2.17954e+08 -443.38 248.419 0.878344 1.51054e+11 508.231
3.888e+06 1.31142e+11 -7.49146e+10 -2.17916e+08 -443.509 248.492 0.878587 1.51032e+11 508.379
3.9744e+06 1.31123e+11 -7.49039e+10 -2.17878e+08 -443.638 248.564 0.878831 1.5101e+11 508.527
4.0608e+06 1.31104e+11 -7.48932e+10 -2.1784e+08 -443.768 248.637 0.879075 1.50988e+11 508.676
4.1472e+06 1.31085e+11 -7.48824e+10 -2.17802e+08 -443.897 248.71 0.879319 1.50966e+11 508.824
4.2336e+06 1.31066e+11 -7.48717e+10 -2.17764e+08 -444.027 248.783 0.879563 1.50944e+11 508.973
4.32e+06 1.31046e+11 -7.4861e+10 -2.17726e+08 -444.156 248.856 0.879807 1.50922e+11 509.122
4.4064e+06 1.31027e+11 -7.48502e+10 -2.17688e+08 -444.286 248.929 0.880052 1.509e+11 509.27
4.4928e+06 1.31008e+11 -7.48395e+10 -2.1765e+08 -444.416 249.002 0.880296 1.50878e+11 509.419
4.5792e+06 1.30989e+11 -7.48287e+10 -2.17612e+08 -444.546 249.075 0.880541 1.50856e+11 509.569
4.6656e+06 1.3097e+11 -7.4818e+10 -2.17574e+08 -444.676 249.148 0.880786 1.50834e+11 509.718
4.752e+06 1.30951e+11 -7.48072e+10 -2.17536e+08 -444.806 249.221 0.881031 1.50812e+11 509.867
4.8384e+06 1.30931e+11 -7.47965e+10 -2.17498e+08 -444.936 249.294 0.881277 1.5079e+11 510.016
4.9248e+06 1.30912e+11 -7.47857e+10 -2.1746e+08 -445.067 249.367 0.881522 1.50768e+11 510.166
5.0112e+06 1.30893e+11 -7.4775e+10 -2.17422e+08 -445.197 249.441 0.881768 1.50746e+11 510.316
5.0976e+06 1.30874e+11 -7.47642e+10 -2.17384e+08 -445.328 249.514 0.882014 1.50724e+11 510.465
5.184e+06 1.30855e+11 -7.47534e+10 -2.17346e+08 -445.458 249.588 0.88226 1.50702e+11 510.615
5.2704e+06 1.30835e+11 -7.47426e+10 -2.17308e+08 -445.589 249.661 0.882506 1.5068e+11 510.765
5.3568e+06 1.30816e+11 -7.47319e+10 -2.1727e+08 -445.72 249.735 0.882753 1.50658e+11 510.915
5.4432e+06 1.30797e+11 -7.47211e+10 -2.17231e+08 -445.851 249.808 0.882999 1.50636e+11 511.066
5.5296e+06 1.30778e+11 -7.47103e+10 -2.17193e+08 -445.982 249.882 0.883246 1.50614e+11 511.216
5.616e+06 1.30758e+11 -7.46995e+10 -2.17155e+08 -446.113 249.956 0.883493 1.50592e+11 511.366
5.7024e+06 1.30739e+11 -7.46887e+10 -2.17117e+08 -446.244 250.029 0.88374 1.50569e+11 511.517
5.7888e+06 1.3072e+11 -7.46779e+10 -2.17079e+08 -446.376 250.103 0.883988 1.50547e+11 511.667
5.8752e+06 1.30701e+11 -7.46671e+10 -2.17041e+08 -446.507 250.177 0.884235 1.50525e+11 511.818
5.9616e+06 1.30681e+11 -7.46564e+10 -2.17003e+08 -446.639 250.251 0.884483 1.50503e+11 511.969
6.048e+06 1.30662e+11 -7.46455e+10 -2.16964e+08 -446.77 250.325 0.884731 1.50481e+11 512.12
6.1344e+06 1.30643e+11 -7.46347e+10 -2.16926e+08 -446.902 250.399 0.884979 1.50459e+11 512.271
6.2208e+06 1.30623e+11 -7.46239e+10 -2.16888e+08 -447.034 250.473 0.885227 1.50437e+11 512.422
6.3072e+06 1.30604e+11 -7.46131e+10 -2.1685e+08 -447.165 250.547 0.885476 1.50415e+11 512.574
6.3936e+06 1.30585e+11 -7.46023e+10 -2.16812e+08 -447.297 250.621 0.885724 1.50393e+11 512.725
6.48e+06 1.30566e+11 -7.45915e+10 -2.16773e+08 -447.43 250.696 0.885973 1.50371e+11 512.877
6.5664e+06 1.30546e+11 -7.45807e+10 -2.16735e+08 -447.562 250.77 0.886222 1.50348e+11 513.028
6.6528e+06 1.30527e+11 -7.45699e+10 -2.16697e+08 -447.694 250.844 0.886471 1.50326e+11 513.18
6.7392e+06 1.30508e+11 -7.4559e+10 -2.16659e+08 -447.826 250.919 0.88672 1.50304e+11 513.332
6.8256e+06 1.30488e+11 -7.45482e+10 -2.1662e+08 -447.959 250.993 0.88697 1.50282e+11 513.484
6.912e+06 1.30469e+11 -7.45374e+10 -2.16582e+08 -448.091 251.068 0.88722 1.5026e+11 513.636
6.9984e+06 1.3045e+11 -7.45265e+10 -2.16544e+08 -448.224 251.142 0.887469 1.50238e+11 513.788
7.0848e+06 1.3043e+11 -7.45157e+10 -2.16506e+08 -448.357 251.217 0.887719 1.50215e+11 513.94
7.1712e+06 1.30411e+11 -7.45048e+10 -2.16467e+08 -448.49 251.292 0.88797 1.50193e+11 514.093
7.2576e+06 1.30392e+11 -7.4494e+10 -2.16429e+08 -448.623 251.366 0.88822 1.50171e+11 514.245
7.344e+06 1.30372e+11 -7.44831e+10 -2.16391e+08 -448.756 251.441 0.888471 1.50149e+11 514.398
7.4304e+06 1.30353e+11 -7.44723e+10 -2.16352e+08 -448.889 251.516 0.888721 1.50127e+11 514.551
7.5168e+06 1.30333e+11 -7.44614e+10 -2.16314e+08 -449.022 251.591 0.888972 1.50104e+11 514.704
7.6032e+06 1.30314e+11 -7.44506e+10 -2.16276e+08 -449.156 251.666 0.889224 1.50082e+11 514.857
7.6896e+06 1.30295e+11 -7.44397e+10 -2.16237e+08 -449.289 251.741 0.889475 1.5006e+11 515.01
7.776e+06 1.30275e+11 -7.44289e+10 -2.16199e+08 -449.423 251.816 0.889726 1.50038e+11 515.163
7.8624e+06 1.30256e+11 -7.4418e+10 -2.1616e+08 -449.556 251.891 0.889978 1.50016e+11 515.316
7.9488e+06 1.30236e+11 -7.44071e+10 -2.16122e+08 -449.69 251.966 0.89023 1.49993e+11 515.47
8.0352e+06 1.30217e+11 -7.43962e+10 -2.16084e+08 -449.824 252.042 0.890482 1.49971e+11 515.623
8.1216e+06 1.30198e+11 -7.43854e+10 -2.16045e+08 -449.958 252.117 0.890734 1.49949e+11 515.777
8.208e+06 1.30178e+11 -7.43745e+10 -2.16007e+08 -450.092 252.192 0.890987 1.49927e+11 515.931
8.2944e+06 1.30159e+11 -7.43636e+10 -2.15968e+08 -450.226 252.268 0.891239 1.49904e+11 516.085
8.3808e+06 1.30139e+11 -7.43527e+10 -2.1593e+08 -450.36 252.343 0.891492 1.49882e+11 516.239
8.4672e+06 1.3012e+11 -7.43418e+10 -2.15891e+08 -450.495 252.419 0.891745 1.4986e+11 516.393
8.5536e+06 1.301e+11 -7.43309e+10 -2.15853e+08 -450.629 252.494 0.891998 1.49837e+11 516.547
8.64e+06 1.30081e+11 -7.432e+10 -2.15814e+08 -450.764 252.57 0.892252 1.49815e+11 516.701
8.7264e+06 1.30062e+11 -7.43091e+10 -2.15776e+08 -450.898 252.646 0.892505 1.49793e+11 516.856
8.8128e+06 1.30042e+11 -7.42982e+10 -2.15737e+08 -451.033 252.721 0.892759 1.49771e+11 517.011
8.8992e+06 1.30023e+11 -7.42873e+10 -2.15699e+08 -451.168 252.797 0.893013 1.49748e+11 517.165
8.9856e+06 1.30003e+11 -7.42764e+10 -2.1566e+08 -451.303 252.873 0.893267 1.49726e+11 517.32
9.072e+06 1.29984e+11 -7.42655e+10 -2.15622e+08 -451.438 252.949 0.893521 1.49704e+11 517.475
9.1584e+06 1.29964e+11 -7.42546e+10 -2.15583e+08 -451.573 253.025 0.893776 1.49681e+11 517.63
9.2448e+06 1.29945e+11 -7.42436e+10 -2.15544e+08 -451.709 253.101 0.89403 1.49659e+11 517.785
9.3312e+06 1.29925e+11 -7.42327e+10 -2.15506e+08 -451.844 253.177 0.894285 1.49637e+11 517.941
9.4176e+06 1.29906e+11 -7.42218e+10 -2.15467e+08 -451.979 253.253 0.89454 1.49614e+11 518.096
9.504e+06 1.29886e+11 -7.42109e+10 -2.15429e+08 -452.115 253.33 0.894796 1.49592e+11 518.251
9.5904e+06 1.29867e+11 -7.41999e+10 -2.1539e+08 -452.251 253.406 0.895051 1.4957e+11 518.407
9.6768e+06 1.29847e+11 -7.4189e+10 -2.15351e+08 -452.386 253.482 0.895307 1.49547e+11 518.563
9.7632e+06 1.29828e+11 -7.41781e+10 -2.15313e+08 -452.522 253.559 0.895562 1.49525e+11 518.719
9.8496e+06 1.29808e+11 -7.41671e+10 -2.15274e+08 -452.658 253.635 0.895818 1.49502e+11 518.875
9.936e+06 1.29789e+11 -7.41562e+10 -2.15235e+08 -452.794 253.712 0.896074 1.4948e+11 519.031
1.00224e+07 1.29769e+11 -7.41452e+10 -2.15197e+08 -452.93 253.788 0.896331 1.49458e+11 519.187
1.01088e+07 1.2975e+11 -7.41343e+10 -2.15158e+08 -453.067 253.865 0.896587 1.49435e+11 519.343
1.01952e+07 1.2973e+11 -7.41233e+10 -2.15119e+08 -453.203 253.941 0.896844 1.49413e+11 519.5
1.02816e+07 1.2971e+11 -7.41123e+10 -2.15081e+08 -453.34 254.018 0.897101 1.4939e+11 519.656
1.0368e+07 1.29691e+11 -7.41014e+10 -2.15042e+08 -453.476 254.095 0.897358 1.49368e+11 519.813
1.04544e+07 1.29671e+11 -7.40904e+10 -2.15003e+08 -453.613 254.172 0.897615 1.49345e+11 519.97
1.05408e+07 1.29652e+11 -7.40794e+10 -2.14964e+08 -453.75 254.249 0.897873 1.49323e+11 520.127
1.06272e+07 1.29632e+11 -7.40685e+10 -2.14926e+08 -453.887 254.326 0.898131 1.49301e+11 520.284
1.07136e+07 1.29613e+11 -7.40575e+10 -2.14887e+08 -454.024 254.403 0.898389 1.49278e+11 520.441
1.08e+07 1.29593e+11 -7.40465e+10 -2.14848e+08 -454.161 254.48 0.898647 1.49256e+11 520.598
1.08864e+07 1.29573e+11 -7.40355e+10 -2.14809e+08 -454.298 254.557 0.898905 1.49233e+11 520.756
1.09728e+07 1.29554e+11 -7.40245e+10 -2.14771e+08 -454.435 254.634 0.899163 1.49211e+11 520.913
1.10592e+07 1.29534e+11 -7.40135e+10 -2.14732e+08 -454.573 254.711 0.899422 1.49188e+11 521.071
1.11456e+07 1.29514e+11 -7.40026e+10 -2.14693e+08 -454.71 254.789 0.899681 1.49166e+11 521.229
1.1232e+07 1.29495e+11 -7.39916e+10 -2.14654e+08 -454.848 254.866 0.89994 1.49143e+11 521.387
1.13184e+07 1.29475e+11 -7.39806e+10 -2.14615e+08 -454.986 254.943 0.900199 1.49121e+11 521.545
1.14048e+07 1.29456e+11 -7.39696e+10 -2.14576e+08 -455.123 255.021 0.900459 1.49098e+11 521.703
1.14912e+07 1.29436e+11 -7.39585e+10 -2.14538e+08 -455.261 255.099 0.900718 1.49076e+11 521.861
1.15776e+07 1.29416e+11 -7.39475e+10 -2.14499e+08 -455.399 255.176 0.900978 1.49053e+11 522.019
1.1664e+07 1.29397e+11 -7.39365e+10 -2.1446e+08 -455.538 255.254 0.901238 1.49031e+11 522.178
1.17504e+07 1.29377e+11 -7.39255e+10 -2.14421e+08 -455.676 255.332 0.901498 1.49008e+11 522.337
1.18368e+07 1.29357e+11 -7.39145e+10 -2.14382e+08 -455.814 255.409 0.901758 1.48986e+11 522.495
1.19232e+07 1.29338e+11 -7.39035e+10 -2.14343e+08 -455.953 255.487 0.902019 1.48963e+11 522.654
1.20096e+07 1.29318e+11 -7.38924e+10 -2.14304e+08 -456.091 255.565 0.90228 1.4894e+11 522.813
1.2096e+07 1.29298e+11 -7.38814e+10 -2.14265e+08 -456.23 255.643 0.902541 1.48918e+11 522.972
1.21824e+07 1.29279e+11 -7.38704e+10 -2.14226e+08 -456.369 255.721 0.902802 1.48895e+11 523.131
1.22688e+07 1.29259e+11 -7.38593e+10 -2.14187e+08 -456.508 255.799 0.903063 1.48873e+11 523.291
1.23552e+07 1.29239e+11 -7.38483e+10 -2.14148e+08 -456.647 255.877 0.903325 1.4885e+11 523.45
1.24416e+07 1.29219e+11 -7.38372e+10 -2.14109e+08 -456.786 255.955 0.903587 1.48828e+11 523.61
1.2528e+07 1.292e+11 -7.38262e+10 -2.1407e+08 -456.925 256.034 0.903849 1.48805e+11 523.77
1.26144e+07 1.2918e+11 -7.38151e+10 -2.14031e+08 -457.064 256.112 0.904111 1.48782e+11 523.929
1.27008e+07 1.2916e+11 -7.38041e+10 -2.13992e+08 -457.204 256.19 0.904373 1.4876e+11 524.089
1.27872e+07 1.29141e+11 -7.3793e+10 -2.13953e+08 -457.343 256.269 0.904636 1.48737e+11 524.249
1.28736e+07 1.29121e+11 -7.3782e+10 -2.13914e+08 -457.483 256.347 0.904898 1.48715e+11 524.41
1.296e+07 1.29101e+11 -7.37709e+10 -2.13875e+08 -457.623 256.426 0.905161 1.48692e+11 524.57
1.30464e+07 1.29081e+11 -7.37598e+10 -2.13836e+08 -457.762 256.505 0.905424 1.48669e+11 524.73
1.31328e+07 1.29062e+11 -7.37488e+10 -2.13797e+08 -457.902 256.583 0.905688 1.48647e+11 524.891
1.32192e+07 1.29042e+11 -7.37377e+10 -2.13758e+08 -458.042 256.662 0.905951 1.48624e+11 525.052
1.33056e+07 1.29022e+11 -7.37266e+10 -2.13719e+08 -458.183 256.741 0.906215 1.48601e+11 525.212
1.3392e+07 1.29002e+11 -7.37155e+10 -2.1368e+08 -458.323 256.82 0.906479 1.48579e+11 525.373
1.34784e+07 1.28982e+11 -7.37045e+10 -2.13641e+08 -458.463 256.899 0.906743 1.48556e+11 525.534
1.35648e+07 1.28963e+11 -7.36934e+10 -2.13601e+08 -458.604 256.978 0.907007 1.48533e+11 525.695
1.36512e+07 1.28943e+11 -7.36823e+10 -2.13562e+08 -458.744 257.057 0.907272 1.48511e+11 525.857
1.37376e+07 1.28923e+11 -7.36712e+10 -2.13523e+08 -458.885 257.136 0.907537 1.48488e+11 526.018
1.3824e+07 1.28903e+11 -7.36601e+10 -2.13484e+08 -459.026 257.215 0.907801 1.48465e+11 526.18
1.39104e+07 1.28883e+11 -7.3649e+10 -2.13445e+08 -459.167 257.294 0.908067 1.48442e+11 526.341
1.39968e+07 1.28864e+11 -7.36379e+10 -2.13406e+08 -459.308 257.373 0.908332 1.4842e+11 526.503
1.40832e+07 1.28844e+11 -7.36268e+10 -2.13366e+08 -459.449 257.453 0.908597 1.48397e+11 526.665
1.41696e+07 1.28824e+11 -7.36157e+10 -2.13327e+08 -459.59 257.532 0.908863 1.48374e+11 526.827
1.4256e+07 1.28804e+11 -7.36045e+10 -2.13288e+08 -459.732 257.612 0.909129 1.48352e+11 526.989
1.43424e+07 1.28784e+11 -7.35934e+10 -2.13249e+08 -459.873 257.691 0.909395 1.48329e+11 527.152
1.44288e+07 1.28764e+11 -7.35823e+10 -2.13209e+08 -460.015 257.771 0.909662 1.48306e+11 527.314
1.45152e+07 1.28745e+11 -7.35712e+10 -2.1317e+08 -460.156 257.85 0.909928 1.48283e+11 527.477
1.46016e+07 1.28725e+11 -7.356e+10 -2.13131e+08 -460.298 257.93 0.910195 1.48261e+11 527.639
1.4688e+07 1.28705e+11 -7.35489e+10 -2.13092e+08 -460.44 258.01 0.910462 1.48238e+11 527.802
1.47744e+07 1.28685e+11 -7.35378e+10 -2.13052e+08 -460.582 258.09 0.910729 1.48215e+11 527.965
1.48608e+07 1.28665e+11 -7.35266e+10 -2.13013e+08 -460.724 258.17 0.910996 1.48192e+11 528.128
1.49472e+07 1.28645e+11 -7.35155e+10 -2.12974e+08 -460.866 258.25 0.911264 1.48169e+11 528.291
1.50336e+07 1.28625e+11 -7.35043e+10 -2.12934e+08 -461.009 258.33 0.911531 1.48147e+11 528.454
1.512e+07 1.28605e+11 -7.34932e+10 -2.12895e+08 -461.151 258.41 0.911799 1.48124e+11 528.618
1.52064e+07 1.28586e+11 -7.3482e+10 -2.12856e+08 -461.294 258.49 0.912068 1.48101e+11 528.781
1.52928e+07 1.28566e+11 -7.34709e+10 -2.12816e+08 -461.436 258.57 0.912336 1.48078e+11 528.945
1.53792e+07 1.28546e+11 -7.34597e+10 -2.12777e+08 -461.579 258.65 0.912604 1.48055e+11 529.109
1.54656e+07 1.28526e+11 -7.34486e+10 -2.12738e+08 -461.722 258.731 0.912873 1.48032e+11 529.273
1.5552e+07 1.28506e+11 -7.34374e+10 -2.12698e+08 -461.865 258.811 0.913142 1.4801e+11 529.437
1.56384e+07 1.28486e+11 -7.34262e+10 -2.12659e+08 -462.008 258.892 0.913411 1.47987e+11 529.601
1.57248e+07 1.28466e+11 -7.34151e+10 -2.12619e+08 -462.151 258.972 0.913681 1.47964e+11 529.765
1.58112e+07 1.28446e+11 -7.34039e+10 -2.1258e+08 -462.295 259.053 0.91395 1.47941e+11 529.93
1.58976e+07 1.28426e+11 -7.33927e+10 -2.1254e+08 -462.438 259.133 0.91422 1.47918e+11 530.094
1.5984e+07 1.28406e+11 -7.33815e+10 -2.12501e+08 -462.582 259.214 0.91449 1.47895e+11 530.259
1.60704e+07 1.28386e+11 -7.33703e+10 -2.12462e+08 -462.725 259.295 0.91476 1.47872e+11 530.424
1.61568e+07 1.28366e+11 -7.33591e+10 -2.12422e+08 -462.869 259.376 0.915031 1.4785e+11 530.589
1.62432e+07 1.28346e+11 -7.33479e+10 -2.12383e+08 -463.013 259.457 0.915301 1.47827e+11 530.754
1.63296e+07 1.28326e+11 -7.33367e+10 -2.12343e+08 -463.157 259.537 0.915572 1.47804e+11 530.919
1.6416e+07 1.28306e+11 -7.33255e+10 -2.12304e+08 -463.301 259.619 0.915843 1.47781e+11 531.084
1.65024e+07 1.28286e+11 -7.33143e+10 -2.12264e+08 -463.445 259.7 0.916114 1.47758e+11 531.25
1.65888e+07 1.28266e+11 -7.33031e+10 -2.12224e+08 -463.59 259.781 0.916386 1.47735e+11 531.415
1.66752e+07 1.28246e+11 -7.32919e+10 -2.12185e+08 -463.734 259.862 0.916657 1.47712e+11 531.581
1.67616e+07 1.28226e+11 -7.32807e+10 -2.12145e+08 -463.879 259.943 0.916929 1.47689e+11 531.747
1.6848e+07 1.28206e+11 -7.32695e+10 -2.12106e+08 -464.024 260.025 0.917201 1.47666e+11 531.913
1.69344e+07 1.28186e+11 -7.32582e+10 -2.12066e+08 -464.168 260.106 0.917474 1.47643e+11 532.079
1.70208e+07 1.28166e+11 -7.3247e+10 -2.12027e+08 -464.313 260.187 0.917746 1.4762e+11 532.245
1.71072e+07 1.28146e+11 -7.32358e+10 -2.11987e+08 -464.458 260.269 0.918019 1.47597e+11 532.412
1.71936e+07 1.28126e+11 -7.32246e+10 -2.11947e+08 -464.603 260.351 0.918292 1.47574e+11 532.578
1.728e+07 1.28106e+11 -7.32133e+10 -2.11908e+08 -464.749 260.432 0.918565 1.47551e+11 532.745
1.73664e+07 1.28086e+11 -7.32021e+10 -2.11868e+08 -464.894 260.514 0.918838 1.47528e+11 532.912
1.74528e+07 1.28066e+11 -7.31908e+10 -2.11828e+08 -465.039 260.596 0.919112 1.47505e+11 533.078
1.75392e+07 1.28046e+11 -7.31796e+10 -2.11789e+08 -465.185 260.678 0.919385 1.47482e+11 533.246
1.76256e+07 1.28026e+11 -7.31683e+10 -2.11749e+08 -465.331 260.76 0.919658 1.47459e+11 533.413
1.7712e+07 1.28006e+11 -7.31571e+10 -2.11709e+08 -465.477 260.842 0.919933 1.47436e+11 533.58
1.77984e+07 1.27986e+11 -7.31458e+10 -2.1167e+08 -465.622 260.924 0.920207 1.47413e+11 533.747
1.78848e+07 1.27965e+11 -7.31346e+10 -2.1163e+08 -465.769 261.006 0.920481 1.4739e+11 533.915
1.79712e+07 1.27945e+11 -7.31233e+10 -2.1159e+08 -465.915 261.088 0.920756 1.47367e+11 534.083
1.80576e+07 1.27925e+11 -7.3112e+10 -2.11551e+08 -466.061 261.17 0.921031 1.47344e+11 534.25
1.8144e+07 1.27905e+11 -7.31008e+10 -2.11511e+08 -466.207 261.252 0.921306 1.47321e+11 534.418
1.82304e+07 1.27885e+11 -7.30895e+10 -2.11471e+08 -466.354 261.335 0.921582 1.47298e+11 534.586
1.83168e+07 1.27865e+11 -7.30782e+10 -2.11431e+08 -466.5 261.417 0.921857 1.47275e+11 534.755
1.84032e+07 1.27845e+11 -7.30669e+10 -2.11391e+08 -466.647 261.5 0.922133 1.47252e+11 534.923
1.84896e+07 1.27825e+11 -7.30556e+10 -2.11352e+08 -466.794 261.582 0.922409 1.47229e+11 535.091
1.8576e+07 1.27804e+11 -7.30443e+10 -2.11312e+08 -466.941 261.665 0.922686 1.47206e+11 535.26
1.86624e+07 1.27784e+11 -7.3033e+10 -2.11272e+08 -467.088 261.748 0.922962 1.47183e+11 535.429
1.87488e+07 1.27764e+11 -7.30217e+10 -2.11232e+08 -467.235 261.83 0.923239 1.47159e+11 535.598
1.88352e+07 1.27744e+11 -7.30104e+10 -2.11192e+08 -467.383 261.913 0.923516 1.47136e+11 535.767
1.89216e+07 1.27724e+11 -7.29991e+10 -2.11152e+08 -467.53 261.996 0.923793 1.47113e+11 535.936
1.9008e+07 1.27704e+11 -7.29878e+10 -2.11113e+08 -467.678 262.079 0.92407 1.4709e+11 536.105
1.90944e+07 1.27683e+11 -7.29765e+10 -2.11073e+08 -467.825 262.162 0.924348 1.47067e+11 536.274
1.91808e+07 1.27663e+11 -7.29652e+10 -2.11033e+08 -467.973 262.245 0.924625 1.47044e+11 536.444
1.92672e+07 1.27643e+11 -7.29539e+10 -2.10993e+08 -468.121 262.328 0.924903 1.47021e+11 536.614
1.93536e+07 1.27623e+11 -7.29426e+10 -2.10953e+08 -468.269 262.411 0.925181 1.46997e+11 536.783
1.944e+07 1.27603e+11 -7.29312e+10 -2.10913e+08 -468.417 262.495 0.92546 1.46974e+11 536.953
1.95264e+07 1.27582e+11 -7.29199e+10 -2.10873e+08 -468.565 262.578 0.925738 1.46951e+11 537.123
1.96128e+07 1.27562e+11 -7.29086e+10 -2.10833e+08 -468.714 262.662 0.926017 1.46928e+11 537.294
1.96992e+07 1.27542e+11 -7.28972e+10 -2.10793e+08 -468.862 262.745 0.926296 1.46905e+11 537.464
1.97856e+07 1.27522e+11 -7.28859e+10 -2.10753e+08 -469.011 262.829 0.926576 1.46882e+11 537.634
1.9872e+07 1.27501e+11 -7.28746e+10 -2.10713e+08 -469.159 262.912 0.926855 1.46858e+11 537.805
1.99584e+07 1.27481e+11 -7.28632e+10 -2.10673e+08 -469.308 262.996 0.927135 1.46835e+11 537.976
2.00448e+07 1.27461e+11 -7.28519e+10 -2.10633e+08 -469.457 263.08 0.927415 1.46812e+11 538.147
2.01312e+07 1.27441e+11 -7.28405e+10 -2.10593e+08 -469.606 263.163 0.927695 1.46789e+11 538.318
2.02176e+07 1.2742e+11 -7.28291e+10 -2.10553e+08 -469.756 263.247 0.927975 1.46765e+11 538.489
2.0304e+07 1.274e+11 -7.28178e+10 -2.10513e+08 -469.905 263.331 0.928256 1.46742e+11 538.66
2.03904e+07 1.2738e+11 -7.28064e+10 -2.10473e+08 -470.054 263.415 0.928537 1.46719e+11 538.832
2.04768e+07 1.2736e+11 -7.2795e+10 -2.10433e+08 -470.204 263.499 0.928817 1.46696e+11 539.003
2.05632e+07 1.27339e+11 -7.27837e+10 -2.10393e+08 -470.354 263.583 0.929098 1.46672e+11 539.175
2.06496e+07 1.27319e+11 -7.27723e+10 -2.10353e+08 -470.503 263.668 0.929379 1.46649e+11 539.347
2.0736e+07 1.27299e+11 -7.27609e+10 -2.10313e+08 -470.653 263.752 0.929661 1.46626e+11 539.519
2.08224e+07 1.27278e+11 -7.27495e+10 -2.10272e+08 -470.803 263.836 0.929943 1.46603e+11 539.691
2.09088e+07 1.27258e+11 -7.27381e+10 -2.10232e+08 -470.953 263.921 0.930225 1.46579e+11 539.863
2.09952e+07 1.27238e+11 -7.27268e+10 -2.10192e+08 -471.104 264.005 0.930507 1.46556e+11 540.035
2.10816e+07 1.27217e+11 -7.27154e+10 -2.10152e+08 -471.254 264.09 0.93079 1.46533e+11 540.208
2.1168e+07 1.27197e+11 -7.2704e+10 -2.10112e+08 -471.405 264.174 0.931073 1.46509e+11 540.381
2.12544e+07 1.27177e+11 -7.26926e+10 -2.10072e+08 -471.555 264.259 0.931356 1.46486e+11 540.553
2.13408e+07 1.27156e+11 -7.26812e+10 -2.10031e+08 -471.706 264.344 0.931639 1.46463e+11 540.726
2.14272e+07 1.27136e+11 -7.26697e+10 -2.09991e+08 -471.857 264.429 0.931922 1.46439e+11 540.899
2.15136e+07 1.27116e+11 -7.26583e+10 -2.09951e+08 -472.008 264.514 0.932206 1.46416e+11 541.073
2.16e+07 1.27095e+11 -7.26469e+10 -2.09911e+08 -472.159 264.599 0.93249 1.46393e+11 541.246
2.16864e+07 1.27075e+11 -7.26355e+10 -2.09871e+08 -472.31 264.684 0.932774 1.46369e+11 541.419
2.17728e+07 1.27054e+11 -7.26241e+10 -2.0983e+08 -472.461 264.769 0.933058 1.46346e+11 541.593
2.18592e+07 1.27034e+11 -7.26126e+10 -2.0979e+08 -472.613 264.854 0.933343 1.46323e+11 541.767
2.19456e+07 1.27014e+11 -7.26012e+10 -2.0975e+08 -472.765 264.939 0.933628 1.46299e+11 541.941
2.2032e+07 1.26993e+11 -7.25898e+10 -2.09709e+08 -472.916 265.024 0.933913 1.46276e+11 542.115
2.21184e+07 1.26973e+11 -7.25783e+10 -2.09669e+08 -473.068 265.11 0.934198 1.46252e+11 542.289
2.22048e+07 1.26952e+11 -7.25669e+10 -2.09629e+08 -473.22 265.195 0.934483 1.46229e+11 542.463
2.22912e+07 1.26932e+11 -7.25554e+10 -2.09588e+08 -473.372 265.281 0.934769 1.46206e+11 542.638
2.23776e+07 1.26912e+11 -7.2544e+10 -2.09548e+08 -473.524 265.366 0.935055 1.46182e+11 542.812
2.2464e+07 1.26891e+11 -7.25325e+10 -2.09508e+08 -473.677 265.452 0.935341 1.46159e+11 542.987
2.25504e+07 1.26871e+11 -7.25211e+10 -2.09467e+08 -473.829 265.538 0.935627 1.46135e+11 543.162
2.26368e+07 1.2685e+11 -7.25096e+10 -2.09427e+08 -473.982 265.623 0.935914 1.46112e+11 543.337
2.27232e+07 1.2683e+11 -7.24982e+10 -2.09387e+08 -474.134 265.709 0.936201 1.46088e+11 543.512
2.28096e+07 1.26809e+11 -7.24867e+10 -2.09346e+08 -474.287 265.795 0.936488 1.46065e+11 543.688
2.2896e+07 1.26789e+11 -7.24752e+10 -2.09306e+08 -474.44 265.881 0.936775 1.46042e+11 543.863
2.29824e+07 1.26768e+11 -7.24637e+10 -2.09265e+08 -474.593 265.967 0.937063 1.46018e+11 544.039
2.30688e+07 1.26748e+11 -7.24523e+10 -2.09225e+08 -474.746 266.053 0.93735 1.45995e+11 544.214
2.31552e+07 1.26727e+11 -7.24408e+10 -2.09184e+08 -474.9 266.14 0.937638 1.45971e+11 544.39
2.32416e+07 1.26707e+11 -7.24293e+10 -2.09144e+08 -475.053 266.226 0.937927 1.45948e+11 544.566
2.3328e+07 1.26686e+11 -7.24178e+10 -2.09104e+08 -475.207 266.312 0.938215 1.45924e+11 544.742
2.34144e+07 1.26666e+11 -7.24063e+10 -2.09063e+08 -475.36 266.399 0.938504 1.45901e+11 544.919
2.35008e+07 1.26645e+11 -7.23948e+10 -2.09023e+08 -475.514 266.485 0.938793 1.45877e+11 545.095
2.35872e+07 1.26625e+11 -7.23833e+10 -2.08982e+08 -475.668 266.572 0.939082 1.45854e+11 545.272
2.36736e+07 1.26604e+11 -7.23718e+10 -2.08941e+08 -475.822 266.658 0.939371 1.4583e+11 545.449
2.376e+07 1.26584e+11 -7.23603e+10 -2.08901e+08 -475.976 266.745 0.939661 1.45806e+11 545.625
2.38464e+07 1.26563e+11 -7.23488e+10 -2.0886e+08 -476.131 266.832 0.93995 1.45783e+11 545.803
2.39328e+07 1.26543e+11 -7.23373e+10 -2.0882e+08 -476.285 266.918 0.94024 1.45759e+11 545.98
2.40192e+07 1.26522e+11 -7.23257e+10 -2.08779e+08 -476.44 267.005 0.940531 1.45736e+11 546.157
2.41056e+07 1.26502e+11 -7.23142e+10 -2.08739e+08 -476.594 267.092 0.940821 1.45712e+11 546.334
2.4192e+07 1.26481e+11 -7.23027e+10 -2.08698e+08 -476.749 267.179 0.941112 1.45689e+11 546.512
2.42784e+07 1.2646e+11 -7.22912e+10 -2.08657e+08 -476.911 267.268 0.940952 1.45665e+11 546.696
2.43648e+07 1.2644e+11 -7.22796e+10 -2.08617e+08 -477.096 267.359 0.939355 1.45641e+11 546.902
2.44512e+07 1.26419e+11 -7.22681e+10 -2.08576e+08 -477.251 267.446 0.93963 1.45618e+11 547.08
2.45376e+07 1.26399e+11 -7.22565e+10 -2.08536e+08 -477.406 267.534 0.939921 1.45594e+11 547.259
2.4624e+07 1.26378e+11 -7.2245e+10 -2.08495e+08 -477.562 267.621 0.940212 1.45571e+11 547.437
2.47104e+07 1.26357e+11 -7.22334e+10 -2.08455e+08 -477.717 267.709 0.940504 1.45547e+11 547.615
2.47968e+07 1.26337e+11 -7.22219e+10 -2.08414e+08 -477.873 267.796 0.940795 1.45523e+11 547.794
2.48832e+07 1.26316e+11 -7.22103e+10 -2.08373e+08 -478.029 267.884 0.941087 1.455e+11 547.973
2.49696e+07 1.26296e+11 -7.21988e+10 -2.08333e+08 -478.185 267.971 0.941379 1.45476e+11 548.152
2.5056e+07 1.26275e+11 -7.21872e+10 -2.08292e+08 -478.341 268.059 0.941671 1.45452e+11 548.331
2.51424e+07 1.26254e+11 -7.21756e+10 -2.08252e+08 -478.497 268.147 0.941964 1.45429e+11 548.51
2.52288e+07 1.26234e+11 -7.21641e+10 -2.08211e+08 -478.654 268.235 0.942257 1.45405e+11 548.689
2.53152e+07 1.26213e+11 -7.21525e+10 -2.0817e+08 -478.81 268.323 0.94255 1.45381e+11 548.869
2.54016e+07 1.26192e+11 -7.21409e+10 -2.0813e+08 -478.967 268.411 0.942843 1.45358e+11 549.049
2.5488e+07 1.26172e+11 -7.21293e+10 -2.08089e+08 -479.123 268.499 0.943136 1.45334e+11 549.228
2.55744e+07 1.26151e+11 -7.21177e+10 -2.08048e+08 -479.28 268.587 0.94343 1.4531e+11 549.408
2.56608e+07 1.2613e+11 -7.21061e+10 -2.08007e+08 -479.437 268.676 0.943724 1.45287e+11 549.589
2.57472e+07 1.2611e+11 -7.20945e+10 -2.07967e+08 -479.594 268.764 0.944018 1.45263e+11 549.769
2.58336e+07 1.26089e+11 -7.20829e+10 -2.07926e+08 -479.752 268.852 0.944313 1.45239e+11 549.949
2.592e+07 1.26068e+11 -7.20713e+10 -2.07885e+08 -479.909 268.941 0.944607 1.45215e+11 550.13
2.60064e+07 1.26047e+11 -7.20597e+10 -2.07844e+08 -480.067 269.029 0.944902 1.45192e+11 550.31
2.60928e+07 1.26027e+11 -7.20481e+10 -2.07804e+08 -480.224 269.118 0.945197 1.45168e+11 550.491
2.61792e+07 1.26006e+11 -7.20365e+10 -2.07763e+08 -480.382 269.207 0.945493 1.45144e+11 550.672
2.62656e+07 1.25985e+11 -7.20249e+10 -2.07722e+08 -480.54 269.295 0.945788 1.4512e+11 550.853
2.6352e+07 1.25965e+11 -7.20132e+10 -2.07681e+08 -480.698 269.384 0.946084 1.45097e+11 551.035
2.64384e+07 1.25944e+11 -7.20016e+10 -2.0764e+08 -480.856 269.473 0.94638 1.45073e+11 551.216
2.65248e+07 1.25923e+11 -7.199e+10 -2.076e+08 -481.014 269.562 0.946676 1.45049e+11 551.398
2.66112e+07 1.25902e+11 -7.19784e+10 -2.07559e+08 -481.173 269.651 0.946973 1.45025e+11 551.58
2.66976e+07 1.25881e+11 -7.19667e+10 -2.07518e+08 -481.331 269.74 0.94727 1.45001e+11 551.761
2.6784e+07 1.25861e+11 -7.19551e+10 -2.07477e+08 -481.49 269.83 0.947567 1.44978e+11 551.943
2.68704e+07 1.2584e+11 -7.19434e+10 -2.07436e+08 -481.649 269.919 0.947864 1.44954e+11 552.126
2.69568e+07 1.25819e+11 -7.19318e+10 -2.07395e+08 -481.808 270.008 0.948161 1.4493e+11 552.308
2.70432e+07 1.25798e+11 -7.19201e+10 -2.07354e+08 -481.967 270.098 0.948459 1.44906e+11 552.491
2.71296e+07 1.25778e+11 -7.19085e+10 -2.07313e+08 -482.126 270.187 0.948757 1.44882e+11 552.673
2.7216e+07 1.25757e+11 -7.18968e+10 -2.07272e+08 -482.285 270.277 0.949055 1.44858e+11 552.856
2.73024e+07 1.25736e+11 -7.18851e+10 -2.07231e+08 -482.445 270.367 0.949354 1.44835e+11 553.039
2.73888e+07 1.25715e+11 -7.18735e+10 -2.0719e+08 -482.605 270.456 0.949653 1.44811e+11 553.222
2.74752e+07 1.25694e+11 -7.18618e+10 -2.07149e+08 -482.764 270.546 0.949952 1.44787e+11 553.405
2.75616e+07 1.25673e+11 -7.18501e+10 -2.07108e+08 -482.924 270.636 0.950251 1.44763e+11 553.589
2.7648e+07 1.25653e+11 -7.18384e+10 -2.07067e+08 -483.084 270.726 0.95055 1.44739e+11 553.772
2.77344e+07 1.25632e+11 -7.18268e+10 -2.07026e+08 -483.244 270.816 0.95085 1.44715e+11 553.956
2.78208e+07 1.25611e+11 -7.18151e+10 -2.06985e+08 -483.405 270.906 0.95115 1.44691e+11 554.14
2.79072e+07 1.2559e+11 -7.18034e+10 -2.06944e+08 -483.565 270.996 0.95145 1.44667e+11 554.324
2.79936e+07 1.25569e+11 -7.17917e+10 -2.06903e+08 -483.725 271.087 0.95175 1.44643e+11 554.508
2.808e+07 1.25548e+11 -7.178e+10 -2.06862e+08 -483.886 271.177 0.952051 1.44619e+11 554.692
2.81664e+07 1.25527e+11 -7.17683e+10 -2.06821e+08 -484.047 271.267 0.952352 1.44595e+11 554.877
2.82528e+07 1.25506e+11 -7.17566e+10 -2.0678e+08 -484.208 271.358 0.952653 1.44572e+11 555.061
2.83392e+07 1.25486e+11 -7.17448e+10 -2.06739e+08 -484.369 271.448 0.952955 1.44548e+11 555.246
2.84256e+07 1.25465e+11 -7.17331e+10 -2.06698e+08 -484.53 271.539 0.953256 1.44524e+11 555.431
2.8512e+07 1.25444e+11 -7.17214e+10 -2.06656e+08 -484.691 271.63 0.953558 1.445e+11 555.616
2.85984e+07 1.25423e+11 -7.17097e+10 -2.06615e+08 -484.853 271.72 0.95386 1.44476e+11 555.801
2.86848e+07 1.25402e+11 -7.1698e+10 -2.06574e+08 -485.015 271.811 0.954163 1.44452e+11 555.987
2.87712e+07 1.25381e+11 -7.16862e+10 -2.06533e+08 -485.176 271.902 0.954465 1.44428e+11 556.172
2.88576e+07 1.2536e+11 -7.16745e+10 -2.06492e+08 -485.338 271.993 0.954768 1.44404e+11 556.358
2.8944e+07 1.25339e+11 -7.16628e+10 -2.06451e+08 -485.5 272.084 0.955071 1.4438e+11 556.544
2.90304e+07 1.25318e+11 -7.1651e+10 -2.06409e+08 -485.662 272.176 0.955375 1.44356e+11 556.73
2.91168e+07 1.25297e+11 -7.16393e+10 -2.06368e+08 -485.825 272.267 0.955678 1.44332e+11 556.916
2.92032e+07 1.25276e+11 -7.16275e+10 -2.06327e+08 -485.987 272.358 0.955982 1.44308e+11 557.102
2.92896e+07 1.25255e+11 -7.16158e+10 -2.06286e+08 -486.15 272.449 0.956286 1.44284e+11 557.289
2.9376e+07 1.25234e+11 -7.1604e+10 -2.06244e+08 -486.312 272.541 0.956591 1.44259e+11 557.476
2.94624e+07 1.25213e+11 -7.15922e+10 -2.06203e+08 -486.475 272.632 0.956895 1.44235e+11 557.662
2.95488e+07 1.25192e+11 -7.15805e+10 -2.06162e+08 -486.638 272.724 0.9572 1.44211e+11 557.849
2.96352e+07 1.25171e+11 -7.15687e+10 -2.0612e+08 -486.801 272.816 0.957506 1.44187e+11 558.036
2.97216e+07 1.2515e+11 -7.15569e+10 -2.06079e+08 -486.964 272.908 0.957811 1.44163e+11 558.224
2.9808e+07 1.25129e+11 -7.15451e+10 -2.06038e+08 -487.128 272.999 0.958117 1.44139e+11 558.411
2.98944e+07 1.25108e+11 -7.15334e+10 -2.05996e+08 -487.291 273.091 0.958422 1.44115e+11 558.599
2.99808e+07 1.25087e+11 -7.15216e+10 -2.05955e+08 -487.455 273.183 0.958729 1.44091e+11 558.786
3.00672e+07 1.25066e+11 -7.15098e+10 -2.05914e+08 -487.619 273.275 0.959035 1.44067e+11 558.974
3.01536e+07 1.25045e+11 -7.1498e+10 -2.05872e+08 -487.783 273.368 0.959342 1.44043e+11 559.162
3.024e+07 1.25024e+11 -7.14862e+10 -2.05831e+08 -487.947 273.46 0.959649 1.44018e+11 559.351
3.03264e+07 1.25003e+11 -7.14744e+10 -2.05789e+08 -488.111 273.552 0.959956 1.43994e+11 559.539
3.04128e+07 1.24982e+11 -7.14626e+10 -2.05748e+08 -488.275 273.645 0.960263 1.4397e+11 559.728
3.04992e+07 1.24961e+11 -7.14508e+10 -2.05707e+08 -488.44 273.737 0.960571 1.43946e+11 559.916
3.05856e+07 1.2494e+11 -7.14389e+10 -2.05665e+08 -488.604 273.83 0.960879 1.43922e+11 560.105
3.0672e+07 1.24919e+11 -7.14271e+10 -2.05624e+08 -488.769 273.922 0.961187 1.43898e+11 560.294
3.07584e+07 1.24898e+11 -7.14153e+10 -2.05582e+08 -488.934 274.015 0.961495 1.43874e+11 560.483
3.08448e+07 1.24876e+11 -7.14035e+10 -2.05541e+08 -489.099 274.108 0.961804 1.43849e+11 560.673
3.09312e+07 1.24855e+11 -7.13916e+10 -2.05499e+08 -489.264 274.201 0.962113 1.43825e+11 560.862
3.10176e+07 1.24834e+11 -7.13798e+10 -2.05458e+08 -489.429 274.294 0.962422 1.43801e+11 561.052
3.1104e+07 1.24813e+11 -7.1368e+10 -2.05416e+08 -489.595 274.387 0.962732 1.43777e+11 561.242
3.11904e+07 1.24792e+11 -7.13561e+10 -2.05374e+08 -489.76 274.48 0.963041 1.43752e+11 561.432
3.12768e+07 1.24771e+11 -7.13443e+10 -2.05333e+08 -489.926 274.573 0.963351 1.43728e+11 561.622
3.13632e+07 1.2475e+11 -7.13324e+10 -2.05291e+08 -490.092 274.666 0.963661 1.43704e+11 561.812
3.14496e+07 1.24729e+11 -7.13206e+10 -2.0525e+08 -490.258 274.76 0.963972 1.4368e+11 562.002
