0 -2.0827e+12 -1.84253e+12 2.07572e+10 7542.71 -6056.66 138.412 2.78082e+12 9674.44
86400 -2.08205e+12 -1.84306e+12 2.07065e+10 7265.82 -6196.59 -1292.99 2.78069e+12 9636.48
172800 -2.08208e+12 -1.84306e+12 2.06439e+10 -893.086 -29.9429 -1600.39 2.78071e+12 1832.96
259200 -2.08218e+12 -1.84305e+12 2.05352e+10 -2693.99 260.4 -2956.14 2.78078e+12 4008.01
345600 -2.08701e+12 -1.84258e+12 1.5265e+10 -195954 19060.3 -213786 2.78405e+12 290630
432000 -2.08706e+12 -1.84258e+12 1.52099e+10 -579.746 57.4792 -633.72 2.78409e+12 860.82
518400 -2.08706e+12 -1.84258e+12 1.52101e+10 6.3031 0.478133 5.65361 2.78409e+12 8.48062
604800 -2.08706e+12 -1.84258e+12 1.52104e+10 8.06191 0.307066 7.57245 2.78409e+12 11.0648
691200 -2.08706e+12 -1.84258e+12 1.52107e+10 8.06807 0.306467 7.57917 2.78409e+12 11.0739
777600 -2.08706e+12 -1.84258e+12 1.52111e+10 8.06897 0.30638 7.58016 2.78409e+12 11.0752
864000 -2.08706e+12 -1.84258e+12 1.52114e+10 8.06986 0.306294 7.58112 2.78409e+12 11.0765
950400 -2.08706e+12 -1.84258e+12 1.52117e+10 8.07075 0.306208 7.58209 2.78409e+12 11.0779
1.0368e+06 -2.08706e+12 -1.84258e+12 1.5212e+10 8.07164 0.306122 7.58306 2.78409e+12 11.0792
1.1232e+06 -2.08706e+12 -1.84258e+12 1.52124e+10 8.07253 0.306037 7.58403 2.78409e+12 11.0805
1.2096e+06 -2.08706e+12 -1.84258e+12 1.52127e+10 8.07342 0.305951 7.585 2.78409e+12 11.0818
1.296e+06 -2.08706e+12 -1.84258e+12 1.5213e+10 8.07431 0.305865 7.58597 2.78409e+12 11.0831
1.3824e+06 -2.08706e+12 -1.84258e+12 1.52134e+10 8.0752 0.305779 7.58694 2.78409e+12 11.0844
1.4688e+06 -2.08706e+12 -1.84258e+12 1.52137e+10 8.07609 0.305693 7.58791 2.78409e+12 11.0857
1.5552e+06 -2.08706e+12 -1.84258e+12 1.5214e+10 8.07698 0.305607 7.58888 2.78409e+12 11.087
1.6416e+06 -2.08706e+12 -1.84258e+12 1.52143e+10 8.07787 0.305521 7.58986 2.78408e+12 11.0883
1.728e+06 -2.08706e+12 -1.84258e+12 1.52147e+10 8.07876 0.305434 7.59083 2.78408e+12 11.0896
1.8144e+06 -2.08705e+12 -1.84258e+12 1.5215e+10 8.07965 0.305348 7.5918 2.78408e+12 11.091
1.9008e+06 -2.08705e+12 -1.84258e+12 1.52153e+10 8.08054 0.305262 7.59277 2.78408e+12 11.0923
1.9872e+06 -2.08705e+12 -1.84258e+12 1.52156e+10 8.08143 0.305176 7.59374 2.78408e+12 11.0936
2.0736e+06 -2.08705e+12 -1.84258e+12 1.5216e+10 8.08232 0.30509 7.59472 2.78408e+12 11.0949
2.16e+06 -2.08705e+12 -1.84258e+12 1.52163e+10 8.08322 0.305004 7.59569 2.78408e+12 11.0962
2.2464e+06 -2.08705e+12 -1.84258e+12 1.52166e+10 8.08411 0.304917 7.59666 2.78408e+12 11.0975
2.3328e+06 -2.08705e+12 -1.84258e+12 1.5217e+10 8.085 0.304831 7.59764 2.78408e+12 11.0988
2.4192e+06 -2.08705e+12 -1.84258e+12 1.52173e+10 8.0859 0.304745 7.59861 2.78408e+12 11.1002
2.5056e+06 -2.08705e+12 -1.84258e+12 1.52176e+10 8.08679 0.304658 7.59959 2.78408e+12 11.1015
2.592e+06 -2.08705e+12 -1.84258e+12 1.52179e+10 8.08768 0.304572 7.60056 2.78408e+12 11.1028
2.6784e+06 -2.08705e+12 -1.84258e+12 1.52183e+10 8.08858 0.304486 7.60154 2.78408e+12 11.1041
2.7648e+06 -2.08705e+12 -1.84258e+12 1.52186e+10 8.08947 0.304399 7.60251 2.78408e+12 11.1054
2.8512e+06 -2.08705e+12 -1.84258e+12 1.52189e+10 8.09037 0.304313 7.60349 2.78408e+12 11.1067
2.9376e+06 -2.08705e+12 -1.84258e+12 1.52193e+10 8.09126 0.304226 7.60446 2.78408e+12 11.1081
3.024e+06 -2.08705e+12 -1.84258e+12 1.52196e+10 8.09216 0.30414 7.60544 2.78408e+12 11.1094
3.1104e+06 -2.08705e+12 -1.84258e+12 1.52199e+10 8.09305 0.304053 7.60642 2.78408e+12 11.1107
3.1968e+06 -2.08705e+12 -1.84258e+12 1.52202e+10 8.09395 0.303967 7.60739 2.78408e+12 11.112
3.2832e+06 -2.08705e+12 -1.84258e+12 1.52206e+10 8.09484 0.30388 7.60837 2.78408e+12 11.1133
3.3696e+06 -2.08705e+12 -1.84258e+12 1.52209e+10 8.09574 0.303793 7.60935 2.78408e+12 11.1147
3.456e+06 -2.08705e+12 -1.84258e+12 1.52212e+10 8.09664 0.303707 7.61033 2.78408e+12 11.116
3.5424e+06 -2.08705e+12 -1.84258e+12 1.52216e+10 8.09753 0.30362 7.6113 2.78408e+12 11.1173
3.6288e+06 -2.08705e+12 -1.84258e+12 1.52219e+10 8.09843 0.303533 7.61228 2.78408e+12 11.1186
3.7152e+06 -2.08705e+12 -1.84258e+12 1.52222e+10 8.09933 0.303447 7.61326 2.78408e+12 11.1199
3.8016e+06 -2.08705e+12 -1.84258e+12 1.52225e+10 8.10023 0.30336 7.61424 2.78408e+12 11.1213
3.888e+06 -2.08705e+12 -1.84258e+12 1.52229e+10 8.10113 0.303273 7.61522 2.78408e+12 11.1226
3.9744e+06 -2.08705e+12 -1.84258e+12 1.52232e+10 8.10202 0.303186 7.6162 2.78408e+12 11.1239
4.0608e+06 -2.08705e+12 -1.84258e+12 1.52235e+10 8.10292 0.303099 7.61718 2.78408e+12 11.1252
4.1472e+06 -2.08705e+12 -1.84258e+12 1.52239e+10 8.10382 0.303013 7.61816 2.78408e+12 11.1266
4.2336e+06 -2.08705e+12 -1.84258e+12 1.52242e+10 8.10472 0.302926 7.61914 2.78408e+12 11.1279
4.32e+06 -2.08704e+12 -1.84258e+12 1.52245e+10 8.10562 0.302839 7.62012 2.78408e+12 11.1292
4.4064e+06 -2.08704e+12 -1.84258e+12 1.52248e+10 8.10652 0.302752 7.62111 2.78408e+12 11.1305
4.4928e+06 -2.08704e+12 -1.84258e+12 1.52252e+10 8.10742 0.302665 7.62209 2.78408e+12 11.1319
4.5792e+06 -2.08704e+12 -1.84258e+12 1.52255e+10 8.10832 0.302578 7.62307 2.78408e+12 11.1332
4.6656e+06 -2.08704e+12 -1.84258e+12 1.52258e+10 8.10922 0.302491 7.62405 2.78408e+12 11.1345
4.752e+06 -2.08704e+12 -1.84258e+12 1.52262e+10 8.11012 0.302404 7.62504 2.78408e+12 11.1358
4.8384e+06 -2.08704e+12 -1.84258e+12 1.52265e+10 8.11103 0.302317 7.62602 2.78407e+12 11.1372
4.9248e+06 -2.08704e+12 -1.84258e+12 1.52268e+10 8.11193 0.302229 7.627 2.78407e+12 11.1385
5.0112e+06 -2.08704e+12 -1.84258e+12 1.52271e+10 8.11283 0.302142 7.62799 2.78407e+12 11.1398
5.0976e+06 -2.08704e+12 -1.84258e+12 1.52275e+10 8.11373 0.302055 7.62897 2.78407e+12 11.1411
5.184e+06 -2.08704e+12 -1.84258e+12 1.52278e+10 8.11463 0.301968 7.62995 2.78407e+12 11.1425
5.2704e+06 -2.08704e+12 -1.84258e+12 1.52281e+10 8.11554 0.301881 7.63094 2.78407e+12 11.1438
5.3568e+06 -2.08704e+12 -1.84258e+12 1.52285e+10 8.11644 0.301793 7.63192 2.78407e+12 11.1451
5.4432e+06 -2.08704e+12 -1.84258e+12 1.52288e+10 8.11734 0.301706 7.63291 2.78407e+12 11.1465
5.5296e+06 -2.08704e+12 -1.84258e+12 1.52291e+10 8.11825 0.301619 7.6339 2.78407e+12 11.1478
5.616e+06 -2.08704e+12 -1.84258e+12 1.52294e+10 8.11915 0.301531 7.63488 2.78407e+12 11.1491
5.7024e+06 -2.08704e+12 -1.84258e+12 1.52298e+10 8.12006 0.301444 7.63587 2.78407e+12 11.1505
5.7888e+06 -2.08704e+12 -1.84258e+12 1.52301e+10 8.12096 0.301357 7.63685 2.78407e+12 11.1518
5.8752e+06 -2.08704e+12 -1.84258e+12 1.52304e+10 8.12187 0.301269 7.63784 2.78407e+12 11.1531
5.9616e+06 -2.08704e+12 -1.84258e+12 1.52308e+10 8.12277 0.301182 7.63883 2.78407e+12 11.1545
6.048e+06 -2.08704e+12 -1.84258e+12 1.52311e+10 8.12368 0.301094 7.63982 2.78407e+12 11.1558
6.1344e+06 -2.08704e+12 -1.84258e+12 1.52314e+10 8.12458 0.301007 7.64081 2.78407e+12 11.1571
6.2208e+06 -2.08704e+12 -1.84258e+12 1.52318e+10 8.12549 0.300919 7.64179 2.78407e+12 11.1585
6.3072e+06 -2.08704e+12 -1.84258e+12 1.52321e+10 8.12639 0.300831 7.64278 2.78407e+12 11.1598
6.3936e+06 -2.08704e+12 -1.84258e+12 1.52324e+10 8.1273 0.300744 7.64377 2.78407e+12 11.1611
6.48e+06 -2.08704e+12 -1.84258e+12 1.52327e+10 8.12821 0.300656 7.64476 2.78407e+12 11.1625
6.5664e+06 -2.08704e+12 -1.84258e+12 1.52331e+10 8.12911 0.300568 7.64575 2.78407e+12 11.1638
6.6528e+06 -2.08704e+12 -1.84258e+12 1.52334e+10 8.13002 0.300481 7.64674 2.78407e+12 11.1651
6.7392e+06 -2.08704e+12 -1.84258e+12 1.52337e+10 8.13093 0.300393 7.64773 2.78407e+12 11.1665
6.8256e+06 -2.08703e+12 -1.84258e+12 1.52341e+10 8.13182 0.300308 7.6487 2.78407e+12 11.1678
6.912e+06 -2.08703e+12 -1.84258e+12 1.52344e+10 8.13258 0.300245 7.64961 2.78407e+12 11.169
6.9984e+06 -2.08703e+12 -1.84258e+12 1.52347e+10 8.13349 0.300157 7.6506 2.78407e+12 11.1703
7.0848e+06 -2.08703e+12 -1.84258e+12 1.52351e+10 8.1344 0.300069 7.65159 2.78407e+12 11.1716
7.1712e+06 -2.08703e+12 -1.84258e+12 1.52354e+10 8.13531 0.299982 7.65259 2.78407e+12 11.173
7.2576e+06 -2.08703e+12 -1.84258e+12 1.52357e+10 8.13622 0.299894 7.65358 2.78407e+12 11.1743
7.344e+06 -2.08703e+12 -1.84258e+12 1.5236e+10 8.13713 0.299806 7.65457 2.78407e+12 11.1757
7.4304e+06 -2.08703e+12 -1.84258e+12 1.52364e+10 8.13804 0.299718 7.65556 2.78407e+12 11.177
7.5168e+06 -2.08703e+12 -1.84258e+12 1.52367e+10 8.13895 0.29963 7.65655 2.78407e+12 11.1783
7.6032e+06 -2.08703e+12 -1.84258e+12 1.5237e+10 8.13986 0.299542 7.65755 2.78407e+12 11.1797
7.6896e+06 -2.08703e+12 -1.84258e+12 1.52374e+10 8.14077 0.299454 7.65854 2.78407e+12 11.181
7.776e+06 -2.08703e+12 -1.84258e+12 1.52377e+10 8.14168 0.299365 7.65953 2.78407e+12 11.1824
7.8624e+06 -2.08703e+12 -1.84258e+12 1.5238e+10 8.14259 0.299277 7.66053 2.78407e+12 11.1837
7.9488e+06 -2.08703e+12 -1.84258e+12 1.52384e+10 8.14351 0.299189 7.66152 2.78407e+12 11.185
8.0352e+06 -2.08703e+12 -1.84258e+12 1.52387e+10 8.14442 0.299101 7.66252 2.78406e+12 11.1864
8.1216e+06 -2.08703e+12 -1.84258e+12 1.5239e+10 8.14533 0.299013 7.66351 2.78406e+12 11.1877
8.208e+06 -2.08703e+12 -1.84258e+12 1.52394e+10 8.14624 0.298924 7.66451 2.78406e+12 11.1891
8.2944e+06 -2.08703e+12 -1.84258e+12 1.52397e+10 8.14716 0.298836 7.6655 2.78406e+12 11.1904
8.3808e+06 -2.08703e+12 -1.84258e+12 1.524e+10 8.14807 0.298748 7.6665 2.78406e+12 11.1918
8.4672e+06 -2.08703e+12 -1.84258e+12 1.52403e+10 8.14898 0.29866 7.66749 2.78406e+12 11.1931
8.5536e+06 -2.08703e+12 -1.84258e+12 1.52407e+10 8.1499 0.298571 7.66849 2.78406e+12 11.1944
8.64e+06 -2.08703e+12 -1.84258e+12 1.5241e+10 8.15081 0.298483 7.66949 2.78406e+12 11.1958
8.7264e+06 -2.08703e+12 -1.84258e+12 1.52413e+10 8.15173 0.298394 7.67048 2.78406e+12 11.1971
8.8128e+06 -2.08703e+12 -1.84258e+12 1.52417e+10 8.15264 0.298306 7.67148 2.78406e+12 11.1985
8.8992e+06 -2.08703e+12 -1.84258e+12 1.5242e+10 8.15356 0.298217 7.67248 2.78406e+12 11.1998
8.9856e+06 -2.08703e+12 -1.84258e+12 1.52423e+10 8.15447 0.298129 7.67348 2.78406e+12 11.2012
9.072e+06 -2.08703e+12 -1.84258e+12 1.52427e+10 8.15539 0.29804 7.67447 2.78406e+12 11.2025
9.1584e+06 -2.08703e+12 -1.84258e+12 1.5243e+10 8.1563 0.297952 7.67547 2.78406e+12 11.2039
9.2448e+06 -2.08702e+12 -1.84258e+12 1.52433e+10 8.15722 0.297863 7.67647 2.78406e+12 11.2052
9.3312e+06 -2.08702e+12 -1.84258e+12 1.52437e+10 8.15814 0.297775 7.67747 2.78406e+12 11.2066
9.4176e+06 -2.08702e+12 -1.84258e+12 1.5244e+10 8.15905 0.297686 7.67847 2.78406e+12 11.2079
9.504e+06 -2.08702e+12 -1.84258e+12 1.52443e+10 8.15997 0.297597 7.67947 2.78406e+12 11.2093
9.5904e+06 -2.08702e+12 -1.84258e+12 1.52446e+10 8.16089 0.297509 7.68047 2.78406e+12 11.2106
9.6768e+06 -2.08702e+12 -1.84258e+12 1.5245e+10 8.1618 0.29742 7.68147 2.78406e+12 11.212
9.7632e+06 -2.08702e+12 -1.84258e+12 1.52453e+10 8.16272 0.297331 7.68247 2.78406e+12 11.2133
9.8496e+06 -2.08702e+12 -1.84258e+12 1.52456e+10 8.16364 0.297242 7.68347 2.78406e+12 11.2147
9.936e+06 -2.08702e+12 -1.84258e+12 1.5246e+10 8.16456 0.297154 7.68448 2.78406e+12 11.216
1.00224e+07 -2.08702e+12 -1.84258e+12 1.52463e+10 8.16548 0.297065 7.68548 2.78406e+12 11.2174
1.01088e+07 -2.08702e+12 -1.84258e+12 1.52466e+10 8.1664 0.296976 7.68648 2.78406e+12 11.2187
1.01952e+07 -2.08702e+12 -1.84258e+12 1.5247e+10 8.16732 0.296887 7.68748 2.78406e+12 11.2201
1.02816e+07 -2.08702e+12 -1.84258e+12 1.52473e+10 8.16824 0.296798 7.68849 2.78406e+12 11.2215
1.0368e+07 -2.08702e+12 -1.84258e+12 1.52476e+10 8.16916 0.296709 7.68949 2.78406e+12 11.2228
1.04544e+07 -2.08702e+12 -1.84258e+12 1.5248e+10 8.17008 0.29662 7.69049 2.78406e+12 11.2242
1.05408e+07 -2.08702e+12 -1.84258e+12 1.52483e+10 8.171 0.296531 7.6915 2.78406e+12 11.2255
1.06272e+07 -2.08702e+12 -1.84258e+12 1.52486e+10 8.17192 0.296442 7.6925 2.78406e+12 11.2269
1.07136e+07 -2.08702e+12 -1.84258e+12 1.5249e+10 8.17284 0.296353 7.6935 2.78406e+12 11.2282
1.08e+07 -2.08702e+12 -1.84258e+12 1.52493e+10 8.17376 0.296264 7.69451 2.78406e+12 11.2296
1.08864e+07 -2.08702e+12 -1.84258e+12 1.52496e+10 8.17469 0.296175 7.69552 2.78406e+12 11.2309
1.09728e+07 -2.08702e+12 -1.84258e+12 1.525e+10 8.17561 0.296085 7.69652 2.78406e+12 11.2323
1.10592e+07 -2.08702e+12 -1.84258e+12 1.52503e+10 8.17653 0.295996 7.69753 2.78406e+12 11.2337
1.11456e+07 -2.08702e+12 -1.84258e+12 1.52506e+10 8.17745 0.295907 7.69853 2.78406e+12 11.235
1.1232e+07 -2.08702e+12 -1.84258e+12 1.5251e+10 8.17838 0.295818 7.69954 2.78405e+12 11.2364
1.13184e+07 -2.08702e+12 -1.84258e+12 1.52513e+10 8.1793 0.295728 7.70055 2.78405e+12 11.2377
1.14048e+07 -2.08702e+12 -1.84258e+12 1.52516e+10 8.18022 0.295639 7.70155 2.78405e+12 11.2391
1.14912e+07 -2.08702e+12 -1.84258e+12 1.5252e+10 8.18115 0.29555 7.70256 2.78405e+12 11.2405
1.15776e+07 -2.08702e+12 -1.84258e+12 1.52523e+10 8.18207 0.29546 7.70357 2.78405e+12 11.2418
1.1664e+07 -2.08701e+12 -1.84258e+12 1.52526e+10 8.183 0.295371 7.70458 2.78405e+12 11.2432
1.17504e+07 -2.08701e+12 -1.84258e+12 1.52529e+10 8.18392 0.295281 7.70559 2.78405e+12 11.2445
1.18368e+07 -2.08701e+12 -1.84258e+12 1.52533e+10 8.18485 0.295192 7.70659 2.78405e+12 11.2459
1.19232e+07 -2.08701e+12 -1.84258e+12 1.52536e+10 8.18577 0.295103 7.7076 2.78405e+12 11.2473
1.20096e+07 -2.08701e+12 -1.84258e+12 1.52539e+10 8.1867 0.295013 7.70861 2.78405e+12 11.2486
1.2096e+07 -2.08701e+12 -1.84258e+12 1.52543e+10 8.18762 0.294923 7.70962 2.78405e+12 11.25
1.21824e+07 -2.08701e+12 -1.84258e+12 1.52546e+10 8.18855 0.294834 7.71063 2.78405e+12 11.2514
1.22688e+07 -2.08701e+12 -1.84258e+12 1.52549e+10 8.18948 0.294744 7.71164 2.78405e+12 11.2527
1.23552e+07 -2.08701e+12 -1.84258e+12 1.52553e+10 8.1904 0.294655 7.71265 2.78405e+12 11.2541
1.24416e+07 -2.08701e+12 -1.84258e+12 1.52556e+10 8.19133 0.294565 7.71366 2.78405e+12 11.2555
1.2528e+07 -2.08701e+12 -1.84258e+12 1.52559e+10 8.19226 0.294475 7.71468 2.78405e+12 11.2568
1.26144e+07 -2.08701e+12 -1.84258e+12 1.52563e+10 8.19319 0.294386 7.71569 2.78405e+12 11.2582
1.27008e+07 -2.08701e+12 -1.84258e+12 1.52566e+10 8.19412 0.294296 7.7167 2.78405e+12 11.2596
1.27872e+07 -2.08701e+12 -1.84258e+12 1.52569e+10 8.19505 0.294206 7.71771 2.78405e+12 11.2609
1.28736e+07 -2.08701e+12 -1.84258e+12 1.52573e+10 8.19597 0.294116 7.71873 2.78405e+12 11.2623
1.296e+07 -2.08701e+12 -1.84258e+12 1.52576e+10 8.1969 0.294026 7.71974 2.78405e+12 11.2637
1.30464e+07 -2.08701e+12 -1.84258e+12 1.52579e+10 8.19783 0.293936 7.72075 2.78405e+12 11.265
1.31328e+07 -2.08701e+12 -1.84258e+12 1.52583e+10 8.19876 0.293846 7.72177 2.78405e+12 11.2664
1.32192e+07 -2.08701e+12 -1.84258e+12 1.52586e+10 8.19969 0.293757 7.72278 2.78405e+12 11.2678
1.33056e+07 -2.08701e+12 -1.84258e+12 1.52589e+10 8.20062 0.293667 7.72379 2.78405e+12 11.2691
1.3392e+07 -2.08701e+12 -1.84258e+12 1.52593e+10 8.20155 0.293577 7.72481 2.78405e+12 11.2705
1.34784e+07 -2.08701e+12 -1.84258e+12 1.52596e+10 8.20249 0.293487 7.72582 2.78405e+12 11.2719
1.35648e+07 -2.08701e+12 -1.84258e+12 1.52599e+10 8.20342 0.293397 7.72684 2.78405e+12 11.2733
1.36512e+07 -2.08701e+12 -1.84258e+12 1.52603e+10 8.20435 0.293306 7.72786 2.78405e+12 11.2746
1.37376e+07 -2.08701e+12 -1.84258e+12 1.52606e+10 8.20528 0.293216 7.72887 2.78405e+12 11.276
1.3824e+07 -2.08701e+12 -1.84258e+12 1.52609e+10 8.20621 0.293126 7.72989 2.78405e+12 11.2774
1.39104e+07 -2.08701e+12 -1.84258e+12 1.52613e+10 8.20715 0.293036 7.7309 2.78405e+12 11.2787
1.39968e+07 -2.08701e+12 -1.84258e+12 1.52616e+10 8.20808 0.292946 7.73192 2.78405e+12 11.2801
1.40832e+07 -2.08701e+12 -1.84258e+12 1.52619e+10 8.20901 0.292856 7.73294 2.78405e+12 11.2815
1.41696e+07 -2.087e+12 -1.84258e+12 1.52623e+10 8.20994 0.292765 7.73396 2.78405e+12 11.2829
1.4256e+07 -2.087e+12 -1.84258e+12 1.52626e+10 8.21088 0.292675 7.73498 2.78405e+12 11.2842
1.43424e+07 -2.087e+12 -1.84258e+12 1.52629e+10 8.21181 0.292585 7.73599 2.78405e+12 11.2856
1.44288e+07 -2.087e+12 -1.84258e+12 1.52633e+10 8.21275 0.292494 7.73701 2.78404e+12 11.287
1.45152e+07 -2.087e+12 -1.84258e+12 1.52636e+10 8.21368 0.292404 7.73803 2.78404e+12 11.2884
1.46016e+07 -2.087e+12 -1.84258e+12 1.52639e+10 8.21462 0.292314 7.73905 2.78404e+12 11.2897
1.4688e+07 -2.087e+12 -1.84258e+12 1.52643e+10 8.21555 0.292223 7.74007 2.78404e+12 11.2911
1.47744e+07 -2.087e+12 -1.84258e+12 1.52646e+10 8.21649 0.292133 7.74109 2.78404e+12 11.2925
1.48608e+07 -2.087e+12 -1.84258e+12 1.52649e+10 8.21742 0.292042 7.74211 2.78404e+12 11.2939
1.49472e+07 -2.087e+12 -1.84258e+12 1.52653e+10 8.21836 0.291952 7.74313 2.78404e+12 11.2953
1.50336e+07 -2.087e+12 -1.84258e+12 1.52656e+10 8.2193 0.291861 7.74415 2.78404e+12 11.2966
1.512e+07 -2.087e+12 -1.84258e+12 1.52659e+10 8.22023 0.29177 7.74518 2.78404e+12 11.298
1.52064e+07 -2.087e+12 -1.84258e+12 1.52663e+10 8.22117 0.29168 7.7462 2.78404e+12 11.2994
1.52928e+07 -2.087e+12 -1.84258e+12 1.52666e+10 8.22211 0.291589 7.74722 2.78404e+12 11.3008
1.53792e+07 -2.087e+12 -1.84258e+12 1.5267e+10 8.22305 0.291498 7.74824 2.78404e+12 11.3022
1.54656e+07 -2.087e+12 -1.84258e+12 1.52673e+10 8.22398 0.291408 7.74926 2.78404e+12 11.3035
1.5552e+07 -2.087e+12 -1.84258e+12 1.52676e+10 8.22492 0.291317 7.75029 2.78404e+12 11.3049
1.56384e+07 -2.087e+12 -1.84258e+12 1.5268e+10 8.22586 0.291226 7.75131 2.78404e+12 11.3063
1.57248e+07 -2.087e+12 -1.84258e+12 1.52683e+10 8.2268 0.291135 7.75234 2.78404e+12 11.3077
1.58112e+07 -2.087e+12 -1.84258e+12 1.52686e+10 8.22774 0.291045 7.75336 2.78404e+12 11.3091
1.58976e+07 -2.087e+12 -1.84258e+12 1.5269e+10 8.22868 0.290954 7.75438 2.78404e+12 11.3105
1.5984e+07 -2.087e+12 -1.84258e+12 1.52693e+10 8.22962 0.290863 7.75541 2.78404e+12 11.3118
1.60704e+07 -2.087e+12 -1.84258e+12 1.52696e+10 8.23056 0.290772 7.75643 2.78404e+12 11.3132
1.61568e+07 -2.087e+12 -1.84258e+12 1.527e+10 8.2315 0.290681 7.75746 2.78404e+12 11.3146
1.62432e+07 -2.087e+12 -1.84258e+12 1.52703e+10 8.23244 0.29059 7.75849 2.78404e+12 11.316
1.63296e+07 -2.087e+12 -1.84258e+12 1.52706e+10 8.23338 0.290499 7.75951 2.78404e+12 11.3174
1.6416e+07 -2.087e+12 -1.84258e+12 1.5271e+10 8.23432 0.290408 7.76054 2.78404e+12 11.3188
1.65024e+07 -2.087e+12 -1.84258e+12 1.52713e+10 8.23527 0.290317 7.76156 2.78404e+12 11.3201
1.65888e+07 -2.08699e+12 -1.84258e+12 1.52716e+10 8.23621 0.290226 7.76259 2.78404e+12 11.3215
1.66752e+07 -2.08699e+12 -1.84258e+12 1.5272e+10 8.23715 0.290135 7.76362 2.78404e+12 11.3229
1.67616e+07 -2.08699e+12 -1.84258e+12 1.52723e+10 8.23809 0.290043 7.76465 2.78404e+12 11.3243
1.6848e+07 -2.08699e+12 -1.84258e+12 1.52726e+10 8.23904 0.289952 7.76568 2.78404e+12 11.3257
1.69344e+07 -2.08699e+12 -1.84258e+12 1.5273e+10 8.23998 0.289861 7.7667 2.78404e+12 11.3271
1.70208e+07 -2.08699e+12 -1.84258e+12 1.52733e+10 8.24092 0.28977 7.76773 2.78404e+12 11.3285
1.71072e+07 -2.08699e+12 -1.84258e+12 1.52736e+10 8.24187 0.289679 7.76876 2.78404e+12 11.3299
1.71936e+07 -2.08699e+12 -1.84258e+12 1.5274e+10 8.24281 0.289587 7.76979 2.78404e+12 11.3313
1.728e+07 -2.08699e+12 -1.84258e+12 1.52743e+10 8.24376 0.289496 7.77082 2.78404e+12 11.3327
1.73664e+07 -2.08699e+12 -1.84258e+12 1.52747e+10 8.2447 0.289404 7.77185 2.78404e+12 11.334
1.74528e+07 -2.08699e+12 -1.84258e+12 1.5275e+10 8.24565 0.289313 7.77288 2.78404e+12 11.3354
1.75392e+07 -2.08699e+12 -1.84258e+12 1.52753e+10 8.24659 0.289222 7.77391 2.78404e+12 11.3368
1.76256e+07 -2.08699e+12 -1.84258e+12 1.52757e+10 8.24754 0.28913 7.77495 2.78403e+12 11.3382
1.7712e+07 -2.08699e+12 -1.84258e+12 1.5276e+10 8.24849 0.289039 7.77598 2.78403e+12 11.3396
1.77984e+07 -2.08699e+12 -1.84258e+12 1.52763e+10 8.24943 0.288947 7.77701 2.78403e+12 11.341
1.78848e+07 -2.08699e+12 -1.84258e+12 1.52767e+10 8.25038 0.288856 7.77804 2.78403e+12 11.3424
1.79712e+07 -2.08699e+12 -1.84258e+12 1.5277e+10 8.25133 0.288764 7.77907 2.78403e+12 11.3438
1.80576e+07 -2.08699e+12 -1.84258e+12 1.52773e+10 8.25227 0.288672 7.78011 2.78403e+12 11.3452
1.8144e+07 -2.08699e+12 -1.84258e+12 1.52777e+10 8.25322 0.288581 7.78114 2.78403e+12 11.3466
1.82304e+07 -2.08699e+12 -1.84258e+12 1.5278e+10 8.25417 0.288489 7.78217 2.78403e+12 11.348
1.83168e+07 -2.08699e+12 -1.84258e+12 1.52783e+10 8.25512 0.288397 7.78321 2.78403e+12 11.3494
1.84032e+07 -2.08699e+12 -1.84258e+12 1.52787e+10 8.25607 0.288306 7.78424 2.78403e+12 11.3508
1.84896e+07 -2.08699e+12 -1.84258e+12 1.5279e+10 8.25702 0.288214 7.78528 2.78403e+12 11.3522
1.8576e+07 -2.08699e+12 -1.84258e+12 1.52794e+10 8.25797 0.288122 7.78631 2.78403e+12 11.3536
1.86624e+07 -2.08699e+12 -1.84258e+12 1.52797e+10 8.25892 0.28803 7.78735 2.78403e+12 11.355
1.87488e+07 -2.08699e+12 -1.84258e+12 1.528e+10 8.25987 0.287938 7.78838 2.78403e+12 11.3564
1.88352e+07 -2.08699e+12 -1.84258e+12 1.52804e+10 8.26082 0.287846 7.78942 2.78403e+12 11.3578
1.89216e+07 -2.08699e+12 -1.84258e+12 1.52807e+10 8.26177 0.287755 7.79046 2.78403e+12 11.3592
1.9008e+07 -2.08698e+12 -1.84258e+12 1.5281e+10 8.26272 0.287663 7.79149 2.78403e+12 11.3606
1.90944e+07 -2.08698e+12 -1.84258e+12 1.52814e+10 8.26367 0.287571 7.79253 2.78403e+12 11.362
1.91808e+07 -2.08698e+12 -1.84258e+12 1.52817e+10 8.26462 0.287479 7.79357 2.78403e+12 11.3634
1.92672e+07 -2.08698e+12 -1.84258e+12 1.5282e+10 8.26557 0.287387 7.79461 2.78403e+12 11.3648
1.93536e+07 -2.08698e+12 -1.84258e+12 1.52824e+10 8.26652 0.287294 7.79564 2.78403e+12 11.3662
1.944e+07 -2.08698e+12 -1.84258e+12 1.52827e+10 8.26748 0.287202 7.79668 2.78403e+12 11.3676
1.95264e+07 -2.08698e+12 -1.84258e+12 1.52831e+10 8.26843 0.28711 7.79772 2.78403e+12 11.369
1.96128e+07 -2.08698e+12 -1.84258e+12 1.52834e+10 8.26938 0.287018 7.79876 2.78403e+12 11.3704
1.96992e+07 -2.08698e+12 -1.84258e+12 1.52837e+10 8.27034 0.286926 7.7998 2.78403e+12 11.3718
1.97856e+07 -2.08698e+12 -1.84258e+12 1.52841e+10 8.27129 0.286834 7.80084 2.78403e+12 11.3732
1.9872e+07 -2.08698e+12 -1.84258e+12 1.52844e+10 8.27224 0.286741 7.80188 2.78403e+12 11.3746
1.99584e+07 -2.08698e+12 -1.84258e+12 1.52847e+10 8.2732 0.286649 7.80292 2.78403e+12 11.376
2.00448e+07 -2.08698e+12 -1.84258e+12 1.52851e+10 8.27415 0.286557 7.80396 2.78403e+12 11.3774
2.01312e+07 -2.08698e+12 -1.84258e+12 1.52854e+10 8.27511 0.286464 7.805 2.78403e+12 11.3788
2.02176e+07 -2.08698e+12 -1.84258e+12 1.52857e+10 8.27606 0.286372 7.80604 2.78403e+12 11.3802
2.0304e+07 -2.08698e+12 -1.84258e+12 1.52861e+10 8.27702 0.28628 7.80709 2.78403e+12 11.3816
2.03904e+07 -2.08698e+12 -1.84258e+12 1.52864e+10 8.27798 0.286187 7.80813 2.78403e+12 11.383
2.04768e+07 -2.08698e+12 -1.84258e+12 1.52868e+10 8.27893 0.286095 7.80917 2.78403e+12 11.3845
2.05632e+07 -2.08698e+12 -1.84258e+12 1.52871e+10 8.27989 0.286002 7.81021 2.78403e+12 11.3859
2.06496e+07 -2.08698e+12 -1.84258e+12 1.52874e+10 8.28085 0.28591 7.81126 2.78403e+12 11.3873
2.0736e+07 -2.08698e+12 -1.84258e+12 1.52878e+10 8.2818 0.285817 7.8123 2.78402e+12 11.3887
2.08224e+07 -2.08698e+12 -1.84258e+12 1.52881e+10 8.28276 0.285724 7.81335 2.78402e+12 11.3901
2.09088e+07 -2.08698e+12 -1.84258e+12 1.52884e+10 8.28372 0.285632 7.81439 2.78402e+12 11.3915
2.09952e+07 -2.08698e+12 -1.84258e+12 1.52888e+10 8.28468 0.285539 7.81544 2.78402e+12 11.3929
2.10816e+07 -2.08698e+12 -1.84258e+12 1.52891e+10 8.28564 0.285446 7.81648 2.78402e+12 11.3943
2.1168e+07 -2.08698e+12 -1.84258e+12 1.52895e+10 8.28659 0.285354 7.81753 2.78402e+12 11.3957
2.12544e+07 -2.08698e+12 -1.84258e+12 1.52898e+10 8.28755 0.285261 7.81857 2.78402e+12 11.3971
2.13408e+07 -2.08698e+12 -1.84258e+12 1.52901e+10 8.28851 0.285168 7.81962 2.78402e+12 11.3986
2.14272e+07 -2.08697e+12 -1.84258e+12 1.52905e+10 8.28947 0.285075 7.82066 2.78402e+12 11.4
2.15136e+07 -2.08697e+12 -1.84258e+12 1.52908e+10 8.29043 0.284982 7.82171 2.78402e+12 11.4014
2.16e+07 -2.08697e+12 -1.84258e+12 1.52911e+10 8.29139 0.28489 7.82276 2.78402e+12 11.4028
2.16864e+07 -2.08697e+12 -1.84258e+12 1.52915e+10 8.29236 0.284797 7.82381 2.78402e+12 11.4042
2.17728e+07 -2.08697e+12 -1.84258e+12 1.52918e+10 8.29332 0.284704 7.82485 2.78402e+12 11.4056
2.18592e+07 -2.08697e+12 -1.84258e+12 1.52922e+10 8.29428 0.284611 7.8259 2.78402e+12 11.4071
2.19456e+07 -2.08697e+12 -1.84258e+12 1.52925e+10 8.29524 0.284518 7.82695 2.78402e+12 11.4085
2.2032e+07 -2.08697e+12 -1.84258e+12 1.52928e+10 8.2962 0.284425 7.828 2.78402e+12 11.4099
2.21184e+07 -2.08697e+12 -1.84258e+12 1.52932e+10 8.29716 0.284332 7.82905 2.78402e+12 11.4113
2.22048e+07 -2.08697e+12 -1.84258e+12 1.52935e+10 8.29813 0.284239 7.8301 2.78402e+12 11.4127
2.22912e+07 -2.08697e+12 -1.84258e+12 1.52938e+10 8.29909 0.284145 7.83115 2.78402e+12 11.4141
2.23776e+07 -2.08697e+12 -1.84258e+12 1.52942e+10 8.30005 0.284052 7.8322 2.78402e+12 11.4156
2.2464e+07 -2.08697e+12 -1.84258e+12 1.52945e+10 8.30102 0.283959 7.83325 2.78402e+12 11.417
2.25504e+07 -2.08697e+12 -1.84258e+12 1.52949e+10 8.30198 0.283866 7.8343 2.78402e+12 11.4184
2.26368e+07 -2.08697e+12 -1.84258e+12 1.52952e+10 8.30295 0.283773 7.83535 2.78402e+12 11.4198
2.27232e+07 -2.08697e+12 -1.84258e+12 1.52955e+10 8.30391 0.283679 7.8364 2.78402e+12 11.4212
2.28096e+07 -2.08697e+12 -1.84258e+12 1.52959e+10 8.30488 0.283586 7.83746 2.78402e+12 11.4227
2.2896e+07 -2.08697e+12 -1.84258e+12 1.52962e+10 8.30584 0.283493 7.83851 2.78402e+12 11.4241
2.29824e+07 -2.08697e+12 -1.84258e+12 1.52965e+10 8.30681 0.283399 7.83956 2.78402e+12 11.4255
2.30688e+07 -2.08697e+12 -1.84258e+12 1.52969e+10 8.30777 0.283306 7.84062 2.78402e+12 11.4269
2.31552e+07 -2.08697e+12 -1.84258e+12 1.52972e+10 8.30874 0.283212 7.84167 2.78402e+12 11.4283
2.32416e+07 -2.08697e+12 -1.84258e+12 1.52976e+10 8.30971 0.283119 7.84272 2.78402e+12 11.4298
2.3328e+07 -2.08697e+12 -1.84258e+12 1.52979e+10 8.31067 0.283025 7.84378 2.78402e+12 11.4312
2.34144e+07 -2.08697e+12 -1.84258e+12 1.52982e+10 8.31164 0.282932 7.84483 2.78402e+12 11.4326
2.35008e+07 -2.08697e+12 -1.84258e+12 1.52986e+10 8.31261 0.282838 7.84589 2.78402e+12 11.434
2.35872e+07 -2.08697e+12 -1.84258e+12 1.52989e+10 8.31358 0.282745 7.84694 2.78402e+12 11.4355
2.36736e+07 -2.08697e+12 -1.84258e+12 1.52993e+10 8.31454 0.282651 7.848 2.78402e+12 11.4369
2.376e+07 -2.08697e+12 -1.84258e+12 1.52996e+10 8.31551 0.282557 7.84905 2.78402e+12 11.4383
2.38464e+07 -2.08696e+12 -1.84258e+12 1.52999e+10 8.31648 0.282464 7.85011 2.78402e+12 11.4398
2.39328e+07 -2.08696e+12 -1.84258e+12 1.53003e+10 8.31745 0.28237 7.85117 2.78401e+12 11.4412
2.40192e+07 -2.08696e+12 -1.84258e+12 1.53006e+10 8.31842 0.282276 7.85222 2.78401e+12 11.4426
2.41056e+07 -2.08696e+12 -1.84258e+12 1.53009e+10 8.31939 0.282182 7.85328 2.78401e+12 11.444
2.4192e+07 -2.08696e+12 -1.84258e+12 1.53013e+10 8.32036 0.282089 7.85434 2.78401e+12 11.4455
2.42784e+07 -2.08696e+12 -1.84258e+12 1.53016e+10 8.32133 0.281994 7.8554 2.78401e+12 11.4469
2.43648e+07 -2.08696e+12 -1.84258e+12 1.5302e+10 8.32231 0.2819 7.85646 2.78401e+12 11.4483
2.44512e+07 -2.08696e+12 -1.84258e+12 1.53023e+10 8.32328 0.281806 7.85751 2.78401e+12 11.4498
2.45376e+07 -2.08696e+12 -1.84258e+12 1.53026e+10 8.32425 0.281712 7.85857 2.78401e+12 11.4512
2.4624e+07 -2.08696e+12 -1.84258e+12 1.5303e+10 8.32522 0.281618 7.85963 2.78401e+12 11.4526
2.47104e+07 -2.08696e+12 -1.84258e+12 1.53033e+10 8.32619 0.281524 7.86069 2.78401e+12 11.454
2.47968e+07 -2.08696e+12 -1.84258e+12 1.53037e+10 8.32716 0.28143 7.86175 2.78401e+12 11.4555
2.48832e+07 -2.08696e+12 -1.84258e+12 1.5304e+10 8.32814 0.281336 7.86281 2.78401e+12 11.4569
2.49696e+07 -2.08696e+12 -1.84258e+12 1.53043e+10 8.32911 0.281242 7.86388 2.78401e+12 11.4583
2.5056e+07 -2.08696e+12 -1.84258e+12 1.53047e+10 8.33008 0.281148 7.86494 2.78401e+12 11.4598
2.51424e+07 -2.08696e+12 -1.84258e+12 1.5305e+10 8.33106 0.281053 7.866 2.78401e+12 11.4612
2.52288e+07 -2.08696e+12 -1.84258e+12 1.53054e+10 8.33203 0.280959 7.86706 2.78401e+12 11.4627
2.53152e+07 -2.08696e+12 -1.84258e+12 1.53057e+10 8.33301 0.280865 7.86812 2.78401e+12 11.4641
2.54016e+07 -2.08696e+12 -1.84258e+12 1.5306e+10 8.33398 0.280771 7.86919 2.78401e+12 11.4655
2.5488e+07 -2.08696e+12 -1.84258e+12 1.53064e+10 8.33496 0.280676 7.87025 2.78401e+12 11.467
2.55744e+07 -2.08696e+12 -1.84258e+12 1.53067e+10 8.33593 0.280582 7.87131 2.78401e+12 11.4684
2.56608e+07 -2.08696e+12 -1.84257e+12 1.53071e+10 8.33691 0.280488 7.87238 2.78401e+12 11.4698
2.57472e+07 -2.08696e+12 -1.84257e+12 1.53074e+10 8.33788 0.280393 7.87344 2.78401e+12 11.4713
2.58336e+07 -2.08696e+12 -1.84257e+12 1.53077e+10 8.33886 0.280299 7.87451 2.78401e+12 11.4727
2.592e+07 -2.08696e+12 -1.84257e+12 1.53081e+10 8.33984 0.280204 7.87557 2.78401e+12 11.4741
2.60064e+07 -2.08696e+12 -1.84257e+12 1.53084e+10 8.34081 0.28011 7.87664 2.78401e+12 11.4756
2.60928e+07 -2.08696e+12 -1.84257e+12 1.53088e+10 8.34179 0.280015 7.8777 2.78401e+12 11.477
2.61792e+07 -2.08696e+12 -1.84257e+12 1.53091e+10 8.34277 0.279921 7.87877 2.78401e+12 11.4785
2.62656e+07 -2.08695e+12 -1.84257e+12 1.53094e+10 8.34375 0.279826 7.87983 2.78401e+12 11.4799
2.6352e+07 -2.08695e+12 -1.84257e+12 1.53098e+10 8.34473 0.279732 7.8809 2.78401e+12 11.4813
2.64384e+07 -2.08695e+12 -1.84257e+12 1.53101e+10 8.34571 0.279637 7.88197 2.78401e+12 11.4828
2.65248e+07 -2.08695e+12 -1.84257e+12 1.53105e+10 8.34668 0.279542 7.88304 2.78401e+12 11.4842
2.66112e+07 -2.08695e+12 -1.84257e+12 1.53108e+10 8.34766 0.279448 7.8841 2.78401e+12 11.4857
2.66976e+07 -2.08695e+12 -1.84257e+12 1.53111e+10 8.34864 0.279353 7.88517 2.78401e+12 11.4871
2.6784e+07 -2.08695e+12 -1.84257e+12 1.53115e+10 8.34962 0.279258 7.88624 2.78401e+12 11.4886
2.68704e+07 -2.08695e+12 -1.84257e+12 1.53118e+10 8.3506 0.279163 7.88731 2.78401e+12 11.49
2.69568e+07 -2.08695e+12 -1.84257e+12 1.53122e+10 8.35159 0.279068 7.88838 2.78401e+12 11.4914
2.70432e+07 -2.08695e+12 -1.84257e+12 1.53125e+10 8.35257 0.278973 7.88945 2.784e+12 11.4929
2.71296e+07 -2.08695e+12 -1.84257e+12 1.53128e+10 8.35355 0.278879 7.89052 2.784e+12 11.4943
2.7216e+07 -2.08695e+12 -1.84257e+12 1.53132e+10 8.35453 0.278784 7.89159 2.784e+12 11.4958
2.73024e+07 -2.08695e+12 -1.84257e+12 1.53135e+10 8.35551 0.278689 7.89266 2.784e+12 11.4972
2.73888e+07 -2.08695e+12 -1.84257e+12 1.53139e+10 8.35649 0.278594 7.89373 2.784e+12 11.4987
2.74752e+07 -2.08695e+12 -1.84257e+12 1.53142e+10 8.35748 0.278499 7.8948 2.784e+12 11.5001
2.75616e+07 -2.08695e+12 -1.84257e+12 1.53145e+10 8.35846 0.278404 7.89587 2.784e+12 11.5016
2.7648e+07 -2.08695e+12 -1.84257e+12 1.53149e+10 8.35944 0.278308 7.89695 2.784e+12 11.503
2.77344e+07 -2.08695e+12 -1.84257e+12 1.53152e+10 8.36043 0.278213 7.89802 2.784e+12 11.5045
2.78208e+07 -2.08695e+12 -1.84257e+12 1.53156e+10 8.36141 0.278118 7.89909 2.784e+12 11.5059
2.79072e+07 -2.08695e+12 -1.84257e+12 1.53159e+10 8.3624 0.278023 7.90017 2.784e+12 11.5074
2.79936e+07 -2.08695e+12 -1.84257e+12 1.53162e+10 8.36338 0.277928 7.90124 2.784e+12 11.5088
2.808e+07 -2.08695e+12 -1.84257e+12 1.53166e+10 8.36437 0.277832 7.90231 2.784e+12 11.5103
2.81664e+07 -2.08695e+12 -1.84257e+12 1.53169e+10 8.36535 0.277737 7.90339 2.784e+12 11.5117
2.82528e+07 -2.08695e+12 -1.84257e+12 1.53173e+10 8.36634 0.277642 7.90446 2.784e+12 11.5132
2.83392e+07 -2.08695e+12 -1.84257e+12 1.53176e+10 8.36732 0.277546 7.90554 2.784e+12 11.5146
2.84256e+07 -2.08695e+12 -1.84257e+12 1.5318e+10 8.36831 0.277451 7.90661 2.784e+12 11.5161
2.8512e+07 -2.08695e+12 -1.84257e+12 1.53183e+10 8.3693 0.277356 7.90769 2.784e+12 11.5175
2.85984e+07 -2.08694e+12 -1.84257e+12 1.53186e+10 8.37028 0.27726 7.90877 2.784e+12 11.519
2.86848e+07 -2.08694e+12 -1.84257e+12 1.5319e+10 8.37127 0.277165 7.90984 2.784e+12 11.5204
2.87712e+07 -2.08694e+12 -1.84257e+12 1.53193e+10 8.37226 0.277069 7.91092 2.784e+12 11.5219
2.88576e+07 -2.08694e+12 -1.84257e+12 1.53197e+10 8.37325 0.276974 7.912 2.784e+12 11.5234
2.8944e+07 -2.08694e+12 -1.84257e+12 1.532e+10 8.37424 0.276878 7.91307 2.784e+12 11.5248
2.90304e+07 -2.08694e+12 -1.84257e+12 1.53203e+10 8.37522 0.276782 7.91415 2.784e+12 11.5263
2.91168e+07 -2.08694e+12 -1.84257e+12 1.53207e+10 8.37621 0.276687 7.91523 2.784e+12 11.5277
2.92032e+07 -2.08694e+12 -1.84257e+12 1.5321e+10 8.3772 0.276591 7.91631 2.784e+12 11.5292
2.92896e+07 -2.08694e+12 -1.84257e+12 1.53214e+10 8.37819 0.276495 7.91739 2.784e+12 11.5306
2.9376e+07 -2.08694e+12 -1.84257e+12 1.53217e+10 8.37918 0.276399 7.91847 2.784e+12 11.5321
2.94624e+07 -2.08694e+12 -1.84257e+12 1.5322e+10 8.38017 0.276304 7.91955 2.784e+12 11.5336
2.95488e+07 -2.08694e+12 -1.84257e+12 1.53224e+10 8.38116 0.276208 7.92063 2.784e+12 11.535
2.96352e+07 -2.08694e+12 -1.84257e+12 1.53227e+10 8.38216 0.276112 7.92171 2.784e+12 11.5365
2.97216e+07 -2.08694e+12 -1.84257e+12 1.53231e+10 8.38315 0.276016 7.92279 2.784e+12 11.5379
2.9808e+07 -2.08694e+12 -1.84257e+12 1.53234e+10 8.38414 0.27592 7.92387 2.784e+12 11.5394
2.98944e+07 -2.08694e+12 -1.84257e+12 1.53238e+10 8.38513 0.275824 7.92495 2.784e+12 11.5409
2.99808e+07 -2.08694e+12 -1.84257e+12 1.53241e+10 8.38612 0.275728 7.92603 2.784e+12 11.5423
3.00672e+07 -2.08694e+12 -1.84257e+12 1.53244e+10 8.38712 0.275632 7.92712 2.784e+12 11.5438
3.01536e+07 -2.08694e+12 -1.84257e+12 1.53248e+10 8.38811 0.275536 7.9282 2.78399e+12 11.5452
3.024e+07 -2.08694e+12 -1.84257e+12 1.53251e+10 8.3891 0.27544 7.92928 2.78399e+12 11.5467
3.03264e+07 -2.08694e+12 -1.84257e+12 1.53255e+10 8.3901 0.275344 7.93037 2.78399e+12 11.5482
3.04128e+07 -2.08694e+12 -1.84257e+12 1.53258e+10 8.39109 0.275248 7.93145 2.78399e+12 11.5496
3.04992e+07 -2.08694e+12 -1.84257e+12 1.53262e+10 8.39209 0.275152 7.93254 2.78399e+12 11.5511
3.05856e+07 -2.08694e+12 -1.84257e+12 1.53265e+10 8.39308 0.275055 7.93362 2.78399e+12 11.5526
3.0672e+07 -2.08694e+12 -1.84257e+12 1.53268e+10 8.39408 0.274959 7.93471 2.78399e+12 11.554
3.07584e+07 -2.08694e+12 -1.84257e+12 1.53272e+10 8.39507 0.274863 7.93579 2.78399e+12 11.5555
3.08448e+07 -2.08694e+12 -1.84257e+12 1.53275e+10 8.39607 0.274767 7.93688 2.78399e+12 11.557
3.09312e+07 -2.08694e+12 -1.84257e+12 1.53279e+10 8.39706 0.27467 7.93796 2.78399e+12 11.5584
3.10176e+07 -2.08693e+12 -1.84257e+12 1.53282e+10 8.39806 0.274574 7.93905 2.78399e+12 11.5599
3.1104e+07 -2.08693e+12 -1.84257e+12 1.53285e+10 8.39906 0.274478 7.94014 2.78399e+12 11.5614
3.11904e+07 -2.08693e+12 -1.84257e+12 1.53289e+10 8.40005 0.274381 7.94122 2.78399e+12 11.5628
3.12768e+07 -2.08693e+12 -1.84257e+12 1.53292e+10 8.40105 0.274285 7.94231 2.78399e+12 11.5643
3.13632e+07 -2.08693e+12 -1.84257e+12 1.53296e+10 8.40205 0.274188 7.9434 2.78399e+12 11.5658
3.14496e+07 -2.08693e+12 -1.84257e+12 1.53299e+10 8.40305 0.274092 7.94449 2.78399e+12 11.5672
