0 1.23334e+11 7.50794e+11 -5.86183e+09 2236.82 11013.3 806.865 7.60879e+11 11267.1
86400 1.21672e+11 7.51664e+11 -5.82269e+09 -23721.7 -10898.2 -364.782 7.6147e+11 26107.9
172800 3.21735e+11 6.13024e+11 -7.77352e+09 3.38308e+06 -2.34377e+06 -32966.2 6.92367e+11 4.11577e+06
259200 3.22611e+11 6.12416e+11 -7.78205e+09 10138 -7052.37 -98.629 6.92237e+11 12350.1
345600 3.22613e+11 6.12413e+11 -7.78207e+09 19.1411 -42.2065 -0.0261666 6.92235e+11 46.3441
432000 3.22613e+11 6.12412e+11 -7.78206e+09 -11.2155 -21.1761 0.269643 6.92234e+11 23.9643
518400 3.22612e+11 6.12411e+11 -7.78204e+09 -11.3066 -21.1131 0.270532 6.92233e+11 23.9515
604800 3.22612e+11 6.12411e+11 -7.78203e+09 -11.3069 -21.1129 0.270535 6.92232e+11 23.9515
691200 3.22611e+11 6.1241e+11 -7.78202e+09 -11.3069 -21.113 0.270536 6.92231e+11 23.9516
777600 3.22611e+11 6.12409e+11 -7.78201e+09 -11.307 -21.1131 0.270537 6.9223e+11 23.9517
864000 3.2261e+11 6.12408e+11 -7.782e+09 -11.307 -21.1131 0.270538 6.92229e+11 23.9517
950400 3.2261e+11 6.12407e+11 -7.78199e+09 -11.307 -21.1132 0.270538 6.92228e+11 23.9518
1.0368e+06 3.22609e+11 6.12406e+11 -7.78197e+09 -11.3071 -21.1133 0.270539 6.92227e+11 23.9519
1.1232e+06 3.22609e+11 6.12405e+11 -7.78196e+09 -11.3071 -21.1133 0.27054 6.92226e+11 23.952
1.2096e+06 3.22608e+11 6.12404e+11 -7.78195e+09 -11.3071 -21.1134 0.270541 6.92225e+11 23.952
1.296e+06 3.22608e+11 6.12403e+11 -7.78194e+09 -11.3072 -21.1134 0.270542 6.92224e+11 23.9521
1.3824e+06 3.22607e+11 6.12402e+11 -7.78193e+09 -11.3072 -21.1135 0.270542 6.92223e+11 23.9522
1.4688e+06 3.22607e+11 6.12401e+11 -7.78192e+09 -11.3072 -21.1136 0.270543 6.92222e+11 23.9522
1.5552e+06 3.22606e+11 6.12401e+11 -7.7819e+09 -11.3073 -21.1136 0.270544 6.92221e+11 23.9523
1.6416e+06 3.22606e+11 6.124e+11 -7.78189e+09 -11.3073 -21.1137 0.270545 6.9222e+11 23.9524
1.728e+06 3.22605e+11 6.12399e+11 -7.78188e+09 -11.3073 -21.1138 0.270546 6.92219e+11 23.9525
1.8144e+06 3.22605e+11 6.12398e+11 -7.78187e+09 -11.3074 -21.1138 0.270546 6.92218e+11 23.9525
1.9008e+06 3.22604e+11 6.12397e+11 -7.78186e+09 -11.3074 -21.1139 0.270547 6.92217e+11 23.9526
1.9872e+06 3.22604e+11 6.12396e+11 -7.78185e+09 -11.3074 -21.114 0.270548 6.92216e+11 23.9527
2.0736e+06 3.22603e+11 6.12395e+11 -7.78183e+09 -11.3075 -21.114 0.270549 6.92215e+11 23.9527
2.16e+06 3.22603e+11 6.12394e+11 -7.78182e+09 -11.3075 -21.1141 0.27055 6.92214e+11 23.9528
2.2464e+06 3.22602e+11 6.12393e+11 -7.78181e+09 -11.3075 -21.1141 0.27055 6.92213e+11 23.9529
2.3328e+06 3.22602e+11 6.12392e+11 -7.7818e+09 -11.3076 -21.1142 0.270551 6.92212e+11 23.953
2.4192e+06 3.22601e+11 6.12391e+11 -7.78179e+09 -11.3076 -21.1143 0.270552 6.92211e+11 23.953
2.5056e+06 3.22601e+11 6.1239e+11 -7.78178e+09 -11.3076 -21.1143 0.270553 6.9221e+11 23.9531
2.592e+06 3.226e+11 6.1239e+11 -7.78176e+09 -11.3077 -21.1144 0.270554 6.92208e+11 23.9532
2.6784e+06 3.226e+11 6.12389e+11 -7.78175e+09 -11.3077 -21.1145 0.270554 6.92207e+11 23.9532
2.7648e+06 3.22599e+11 6.12388e+11 -7.78174e+09 -11.3077 -21.1145 0.270555 6.92206e+11 23.9533
2.8512e+06 3.22599e+11 6.12387e+11 -7.78173e+09 -11.3078 -21.1146 0.270556 6.92205e+11 23.9534
2.9376e+06 3.22598e+11 6.12386e+11 -7.78172e+09 -11.3078 -21.1146 0.270557 6.92204e+11 23.9535
3.024e+06 3.22598e+11 6.12385e+11 -7.78171e+09 -11.3078 -21.1147 0.270558 6.92203e+11 23.9535
3.1104e+06 3.22597e+11 6.12384e+11 -7.78169e+09 -11.3079 -21.1148 0.270558 6.92202e+11 23.9536
3.1968e+06 3.22597e+11 6.12383e+11 -7.78168e+09 -11.3079 -21.1148 0.270559 6.92201e+11 23.9537
3.2832e+06 3.22597e+11 6.12382e+11 -7.78167e+09 -11.3079 -21.1149 0.27056 6.922e+11 23.9537
3.3696e+06 3.22596e+11 6.12381e+11 -7.78166e+09 -11.308 -21.115 0.270561 6.92199e+11 23.9538
3.456e+06 3.22596e+11 6.1238e+11 -7.78165e+09 -11.308 -21.115 0.270562 6.92198e+11 23.9539
3.5424e+06 3.22595e+11 6.1238e+11 -7.78164e+09 -11.308 -21.1151 0.270562 6.92197e+11 23.954
3.6288e+06 3.22595e+11 6.12379e+11 -7.78162e+09 -11.3081 -21.1152 0.270563 6.92196e+11 23.954
3.7152e+06 3.22594e+11 6.12378e+11 -7.78161e+09 -11.3081 -21.1152 0.270564 6.92195e+11 23.9541
3.8016e+06 3.22594e+11 6.12377e+11 -7.7816e+09 -11.3081 -21.1153 0.270565 6.92194e+11 23.9542
3.888e+06 3.22593e+11 6.12376e+11 -7.78159e+09 -11.3082 -21.1153 0.270566 6.92193e+11 23.9542
3.9744e+06 3.22593e+11 6.12375e+11 -7.78158e+09 -11.3082 -21.1154 0.270566 6.92192e+11 23.9543
4.0608e+06 3.22592e+11 6.12374e+11 -7.78157e+09 -11.3082 -21.1155 0.270567 6.92191e+11 23.9544
4.1472e+06 3.22592e+11 6.12373e+11 -7.78155e+09 -11.3083 -21.1155 0.270568 6.9219e+11 23.9545
4.2336e+06 3.22591e+11 6.12372e+11 -7.78154e+09 -11.3083 -21.1156 0.270569 6.92189e+11 23.9545
4.32e+06 3.22591e+11 6.12371e+11 -7.78153e+09 -11.3083 -21.1157 0.27057 6.92188e+11 23.9546
4.4064e+06 3.2259e+11 6.1237e+11 -7.78152e+09 -11.3084 -21.1157 0.27057 6.92187e+11 23.9547
4.4928e+06 3.2259e+11 6.1237e+11 -7.78151e+09 -11.3084 -21.1158 0.270571 6.92186e+11 23.9547
4.5792e+06 3.22589e+11 6.12369e+11 -7.7815e+09 -11.3084 -21.1158 0.270572 6.92185e+11 23.9548
4.6656e+06 3.22589e+11 6.12368e+11 -7.78148e+09 -11.3085 -21.1159 0.270573 6.92184e+11 23.9549
4.752e+06 3.22588e+11 6.12367e+11 -7.78147e+09 -11.3085 -21.116 0.270574 6.92183e+11 23.955
4.8384e+06 3.22588e+11 6.12366e+11 -7.78146e+09 -11.3085 -21.116 0.270574 6.92182e+11 23.955
4.9248e+06 3.22587e+11 6.12365e+11 -7.78145e+09 -11.3086 -21.1161 0.270575 6.92181e+11 23.9551
5.0112e+06 3.22587e+11 6.12364e+11 -7.78144e+09 -11.3086 -21.1162 0.270576 6.9218e+11 23.9552
5.0976e+06 3.22586e+11 6.12363e+11 -7.78143e+09 -11.3086 -21.1162 0.270577 6.92179e+11 23.9552
5.184e+06 3.22586e+11 6.12362e+11 -7.78141e+09 -11.3087 -21.1163 0.270578 6.92177e+11 23.9553
5.2704e+06 3.22585e+11 6.12361e+11 -7.7814e+09 -11.3087 -21.1164 0.270578 6.92176e+11 23.9554
5.3568e+06 3.22585e+11 6.1236e+11 -7.78139e+09 -11.3087 -21.1164 0.270579 6.92175e+11 23.9555
5.4432e+06 3.22584e+11 6.1236e+11 -7.78138e+09 -11.3088 -21.1165 0.27058 6.92174e+11 23.9555
5.5296e+06 3.22584e+11 6.12359e+11 -7.78137e+09 -11.3088 -21.1165 0.270581 6.92173e+11 23.9556
5.616e+06 3.22583e+11 6.12358e+11 -7.78136e+09 -11.3088 -21.1166 0.270582 6.92172e+11 23.9557
5.7024e+06 3.22583e+11 6.12357e+11 -7.78134e+09 -11.3089 -21.1167 0.270582 6.92171e+11 23.9557
5.7888e+06 3.22582e+11 6.12356e+11 -7.78133e+09 -11.3089 -21.1167 0.270583 6.9217e+11 23.9558
5.8752e+06 3.22582e+11 6.12355e+11 -7.78132e+09 -11.3089 -21.1168 0.270584 6.92169e+11 23.9559
5.9616e+06 3.22581e+11 6.12354e+11 -7.78131e+09 -11.309 -21.1169 0.270585 6.92168e+11 23.956
6.048e+06 3.22581e+11 6.12353e+11 -7.7813e+09 -11.309 -21.1169 0.270586 6.92167e+11 23.956
6.1344e+06 3.2258e+11 6.12352e+11 -7.78129e+09 -11.309 -21.117 0.270586 6.92166e+11 23.9561
6.2208e+06 3.2258e+11 6.12351e+11 -7.78127e+09 -11.3091 -21.117 0.270587 6.92165e+11 23.9562
6.3072e+06 3.22579e+11 6.1235e+11 -7.78126e+09 -11.3091 -21.1171 0.270588 6.92164e+11 23.9562
6.3936e+06 3.22579e+11 6.12349e+11 -7.78125e+09 -11.3091 -21.1172 0.270589 6.92163e+11 23.9563
6.48e+06 3.22578e+11 6.12349e+11 -7.78124e+09 -11.3092 -21.1172 0.27059 6.92162e+11 23.9564
6.5664e+06 3.22578e+11 6.12348e+11 -7.78123e+09 -11.3092 -21.1173 0.27059 6.92161e+11 23.9565
6.6528e+06 3.22577e+11 6.12347e+11 -7.78122e+09 -11.3092 -21.1174 0.270591 6.9216e+11 23.9565
6.7392e+06 3.22577e+11 6.12346e+11 -7.7812e+09 -11.3093 -21.1174 0.270592 6.92159e+11 23.9566
6.8256e+06 3.22577e+11 6.12345e+11 -7.78119e+09 -11.3093 -21.1175 0.270593 6.92158e+11 23.9567
6.912e+06 3.22576e+11 6.12344e+11 -7.78118e+09 -11.3093 -21.1176 0.270594 6.92157e+11 23.9567
6.9984e+06 3.22576e+11 6.12343e+11 -7.78117e+09 -11.3094 -21.1176 0.270594 6.92156e+11 23.9568
7.0848e+06 3.22575e+11 6.12342e+11 -7.78116e+09 -11.3094 -21.1177 0.270595 6.92155e+11 23.9569
7.1712e+06 3.22575e+11 6.12341e+11 -7.78115e+09 -11.3094 -21.1177 0.270596 6.92154e+11 23.957
7.2576e+06 3.22574e+11 6.1234e+11 -7.78113e+09 -11.3095 -21.1178 0.270597 6.92153e+11 23.957
7.344e+06 3.22574e+11 6.12339e+11 -7.78112e+09 -11.3095 -21.1179 0.270598 6.92152e+11 23.9571
7.4304e+06 3.22573e+11 6.12339e+11 -7.78111e+09 -11.3095 -21.1179 0.270599 6.92151e+11 23.9572
7.5168e+06 3.22573e+11 6.12338e+11 -7.7811e+09 -11.3096 -21.118 0.270599 6.9215e+11 23.9572
7.6032e+06 3.22572e+11 6.12337e+11 -7.78109e+09 -11.3096 -21.1181 0.2706 6.92149e+11 23.9573
7.6896e+06 3.22572e+11 6.12336e+11 -7.78108e+09 -11.3096 -21.1181 0.270601 6.92148e+11 23.9574
7.776e+06 3.22571e+11 6.12335e+11 -7.78106e+09 -11.3097 -21.1182 0.270602 6.92146e+11 23.9575
7.8624e+06 3.22571e+11 6.12334e+11 -7.78105e+09 -11.3097 -21.1182 0.270603 6.92145e+11 23.9575
7.9488e+06 3.2257e+11 6.12333e+11 -7.78104e+09 -11.3097 -21.1183 0.270603 6.92144e+11 23.9576
8.0352e+06 3.2257e+11 6.12332e+11 -7.78103e+09 -11.3098 -21.1184 0.270604 6.92143e+11 23.9577
8.1216e+06 3.22569e+11 6.12331e+11 -7.78102e+09 -11.3098 -21.1184 0.270605 6.92142e+11 23.9577
8.208e+06 3.22569e+11 6.1233e+11 -7.78101e+09 -11.3098 -21.1185 0.270606 6.92141e+11 23.9578
8.2944e+06 3.22568e+11 6.12329e+11 -7.78099e+09 -11.3099 -21.1186 0.270607 6.9214e+11 23.9579
8.3808e+06 3.22568e+11 6.12329e+11 -7.78098e+09 -11.3099 -21.1186 0.270607 6.92139e+11 23.958
8.4672e+06 3.22567e+11 6.12328e+11 -7.78097e+09 -11.3099 -21.1187 0.270608 6.92138e+11 23.958
8.5536e+06 3.22567e+11 6.12327e+11 -7.78096e+09 -11.31 -21.1188 0.270609 6.92137e+11 23.9581
8.64e+06 3.22566e+11 6.12326e+11 -7.78095e+09 -11.31 -21.1188 0.27061 6.92136e+11 23.9582
8.7264e+06 3.22566e+11 6.12325e+11 -7.78094e+09 -11.31 -21.1189 0.270611 6.92135e+11 23.9582
8.8128e+06 3.22565e+11 6.12324e+11 -7.78092e+09 -11.3101 -21.1189 0.270611 6.92134e+11 23.9583
8.8992e+06 3.22565e+11 6.12323e+11 -7.78091e+09 -11.3101 -21.119 0.270612 6.92133e+11 23.9584
8.9856e+06 3.22564e+11 6.12322e+11 -7.7809e+09 -11.3101 -21.1191 0.270613 6.92132e+11 23.9585
9.072e+06 3.22564e+11 6.12321e+11 -7.78089e+09 -11.3102 -21.1191 0.270614 6.92131e+11 23.9585
9.1584e+06 3.22563e+11 6.1232e+11 -7.78088e+09 -11.3102 -21.1192 0.270615 6.9213e+11 23.9586
9.2448e+06 3.22563e+11 6.12319e+11 -7.78087e+09 -11.3102 -21.1193 0.270615 6.92129e+11 23.9587
9.3312e+06 3.22562e+11 6.12319e+11 -7.78085e+09 -11.3103 -21.1193 0.270616 6.92128e+11 23.9587
9.4176e+06 3.22562e+11 6.12318e+11 -7.78084e+09 -11.3103 -21.1194 0.270617 6.92127e+11 23.9588
9.504e+06 3.22561e+11 6.12317e+11 -7.78083e+09 -11.3103 -21.1194 0.270618 6.92126e+11 23.9589
9.5904e+06 3.22561e+11 6.12316e+11 -7.78082e+09 -11.3104 -21.1195 0.270619 6.92125e+11 23.959
9.6768e+06 3.2256e+11 6.12315e+11 -7.78081e+09 -11.3104 -21.1196 0.270619 6.92124e+11 23.959
9.7632e+06 3.2256e+11 6.12314e+11 -7.7808e+09 -11.3104 -21.1196 0.27062 6.92123e+11 23.9591
9.8496e+06 3.22559e+11 6.12313e+11 -7.78078e+09 -11.3105 -21.1197 0.270621 6.92122e+11 23.9592
9.936e+06 3.22559e+11 6.12312e+11 -7.78077e+09 -11.3105 -21.1198 0.270622 6.92121e+11 23.9592
1.00224e+07 3.22558e+11 6.12311e+11 -7.78076e+09 -11.3105 -21.1198 0.270623 6.9212e+11 23.9593
1.01088e+07 3.22558e+11 6.1231e+11 -7.78075e+09 -11.3106 -21.1199 0.270623 6.92119e+11 23.9594
1.01952e+07 3.22557e+11 6.12309e+11 -7.78074e+09 -11.3106 -21.12 0.270624 6.92118e+11 23.9595
1.02816e+07 3.22557e+11 6.12308e+11 -7.78073e+09 -11.3106 -21.12 0.270625 6.92116e+11 23.9595
1.0368e+07 3.22557e+11 6.12308e+11 -7.78071e+09 -11.3107 -21.1201 0.270626 6.92115e+11 23.9596
1.04544e+07 3.22556e+11 6.12307e+11 -7.7807e+09 -11.3107 -21.1201 0.270627 6.92114e+11 23.9597
1.05408e+07 3.22556e+11 6.12306e+11 -7.78069e+09 -11.3107 -21.1202 0.270627 6.92113e+11 23.9597
1.06272e+07 3.22555e+11 6.12305e+11 -7.78068e+09 -11.3108 -21.1203 0.270628 6.92112e+11 23.9598
1.07136e+07 3.22555e+11 6.12304e+11 -7.78067e+09 -11.3108 -21.1203 0.270629 6.92111e+11 23.9599
1.08e+07 3.22554e+11 6.12303e+11 -7.78066e+09 -11.3108 -21.1204 0.27063 6.9211e+11 23.96
1.08864e+07 3.22554e+11 6.12302e+11 -7.78064e+09 -11.3109 -21.1205 0.270631 6.92109e+11 23.96
1.09728e+07 3.22553e+11 6.12301e+11 -7.78063e+09 -11.3109 -21.1205 0.270631 6.92108e+11 23.9601
1.10592e+07 3.22553e+11 6.123e+11 -7.78062e+09 -11.3109 -21.1206 0.270632 6.92107e+11 23.9602
1.11456e+07 3.22552e+11 6.12299e+11 -7.78061e+09 -11.311 -21.1206 0.270633 6.92106e+11 23.9602
1.1232e+07 3.22552e+11 6.12298e+11 -7.7806e+09 -11.311 -21.1207 0.270634 6.92105e+11 23.9603
1.13184e+07 3.22551e+11 6.12298e+11 -7.78058e+09 -11.311 -21.1208 0.270635 6.92104e+11 23.9604
1.14048e+07 3.22551e+11 6.12297e+11 -7.78057e+09 -11.3111 -21.1208 0.270635 6.92103e+11 23.9605
1.14912e+07 3.2255e+11 6.12296e+11 -7.78056e+09 -11.3111 -21.1209 0.270636 6.92102e+11 23.9605
1.15776e+07 3.2255e+11 6.12295e+11 -7.78055e+09 -11.3111 -21.121 0.270637 6.92101e+11 23.9606
1.1664e+07 3.22549e+11 6.12294e+11 -7.78054e+09 -11.3112 -21.121 0.270638 6.921e+11 23.9607
1.17504e+07 3.22549e+11 6.12293e+11 -7.78053e+09 -11.3112 -21.1211 0.270639 6.92099e+11 23.9607
1.18368e+07 3.22548e+11 6.12292e+11 -7.78051e+09 -11.3112 -21.1212 0.270639 6.92098e+11 23.9608
1.19232e+07 3.22548e+11 6.12291e+11 -7.7805e+09 -11.3113 -21.1212 0.27064 6.92097e+11 23.9609
1.20096e+07 3.22547e+11 6.1229e+11 -7.78049e+09 -11.3113 -21.1213 0.270641 6.92096e+11 23.961
1.2096e+07 3.22547e+11 6.12289e+11 -7.78048e+09 -11.3113 -21.1213 0.270642 6.92095e+11 23.961
1.21824e+07 3.22546e+11 6.12288e+11 -7.78047e+09 -11.3114 -21.1214 0.270643 6.92094e+11 23.9611
1.22688e+07 3.22546e+11 6.12288e+11 -7.78046e+09 -11.3114 -21.1215 0.270643 6.92093e+11 23.9612
1.23552e+07 3.22545e+11 6.12287e+11 -7.78044e+09 -11.3114 -21.1215 0.270644 6.92092e+11 23.9612
1.24416e+07 3.22545e+11 6.12286e+11 -7.78043e+09 -11.3115 -21.1216 0.270645 6.92091e+11 23.9613
1.2528e+07 3.22544e+11 6.12285e+11 -7.78042e+09 -11.3115 -21.1217 0.270646 6.9209e+11 23.9614
1.26144e+07 3.22544e+11 6.12284e+11 -7.78041e+09 -11.3115 -21.1217 0.270647 6.92089e+11 23.9615
1.27008e+07 3.22543e+11 6.12283e+11 -7.7804e+09 -11.3116 -21.1218 0.270647 6.92088e+11 23.9615
1.27872e+07 3.22543e+11 6.12282e+11 -7.78039e+09 -11.3116 -21.1218 0.270648 6.92087e+11 23.9616
1.28736e+07 3.22542e+11 6.12281e+11 -7.78037e+09 -11.3116 -21.1219 0.270649 6.92085e+11 23.9617
1.296e+07 3.22542e+11 6.1228e+11 -7.78036e+09 -11.3117 -21.122 0.27065 6.92084e+11 23.9617
1.30464e+07 3.22541e+11 6.12279e+11 -7.78035e+09 -11.3117 -21.122 0.270651 6.92083e+11 23.9618
1.31328e+07 3.22541e+11 6.12278e+11 -7.78034e+09 -11.3117 -21.1221 0.270651 6.92082e+11 23.9619
1.32192e+07 3.2254e+11 6.12278e+11 -7.78033e+09 -11.3118 -21.1222 0.270652 6.92081e+11 23.962
1.33056e+07 3.2254e+11 6.12277e+11 -7.78032e+09 -11.3118 -21.1222 0.270653 6.9208e+11 23.962
1.3392e+07 3.22539e+11 6.12276e+11 -7.7803e+09 -11.3118 -21.1223 0.270654 6.92079e+11 23.9621
1.34784e+07 3.22539e+11 6.12275e+11 -7.78029e+09 -11.3119 -21.1224 0.270655 6.92078e+11 23.9622
1.35648e+07 3.22538e+11 6.12274e+11 -7.78028e+09 -11.3119 -21.1224 0.270655 6.92077e+11 23.9622
1.36512e+07 3.22538e+11 6.12273e+11 -7.78027e+09 -11.3119 -21.1225 0.270656 6.92076e+11 23.9623
1.37376e+07 3.22537e+11 6.12272e+11 -7.78026e+09 -11.312 -21.1225 0.270657 6.92075e+11 23.9624
1.3824e+07 3.22537e+11 6.12271e+11 -7.78025e+09 -11.312 -21.1226 0.270658 6.92074e+11 23.9625
1.39104e+07 3.22536e+11 6.1227e+11 -7.78023e+09 -11.312 -21.1227 0.270659 6.92073e+11 23.9625
1.39968e+07 3.22536e+11 6.12269e+11 -7.78022e+09 -11.3121 -21.1227 0.270659 6.92072e+11 23.9626
1.40832e+07 3.22536e+11 6.12268e+11 -7.78021e+09 -11.3121 -21.1228 0.27066 6.92071e+11 23.9627
1.41696e+07 3.22535e+11 6.12267e+11 -7.7802e+09 -11.3121 -21.1229 0.270661 6.9207e+11 23.9627
1.4256e+07 3.22535e+11 6.12267e+11 -7.78019e+09 -11.3122 -21.1229 0.270662 6.92069e+11 23.9628
1.43424e+07 3.22534e+11 6.12266e+11 -7.78018e+09 -11.3122 -21.123 0.270663 6.92068e+11 23.9629
1.44288e+07 3.22534e+11 6.12265e+11 -7.78016e+09 -11.3122 -21.123 0.270663 6.92067e+11 23.963
1.45152e+07 3.22533e+11 6.12264e+11 -7.78015e+09 -11.3123 -21.1231 0.270664 6.92066e+11 23.963
1.46016e+07 3.22533e+11 6.12263e+11 -7.78014e+09 -11.3123 -21.1232 0.270665 6.92065e+11 23.9631
1.4688e+07 3.22532e+11 6.12262e+11 -7.78013e+09 -11.3123 -21.1232 0.270666 6.92064e+11 23.9632
1.47744e+07 3.22532e+11 6.12261e+11 -7.78012e+09 -11.3124 -21.1233 0.270667 6.92063e+11 23.9632
1.48608e+07 3.22531e+11 6.1226e+11 -7.78011e+09 -11.3124 -21.1234 0.270668 6.92062e+11 23.9633
1.49472e+07 3.22531e+11 6.12259e+11 -7.78009e+09 -11.3124 -21.1234 0.270668 6.92061e+11 23.9634
1.50336e+07 3.2253e+11 6.12258e+11 -7.78008e+09 -11.3125 -21.1235 0.270669 6.9206e+11 23.9635
1.512e+07 3.2253e+11 6.12257e+11 -7.78007e+09 -11.3125 -21.1236 0.27067 6.92059e+11 23.9635
1.52064e+07 3.22529e+11 6.12257e+11 -7.78006e+09 -11.3125 -21.1236 0.270671 6.92058e+11 23.9636
1.52928e+07 3.22529e+11 6.12256e+11 -7.78005e+09 -11.3126 -21.1237 0.270672 6.92057e+11 23.9637
1.53792e+07 3.22528e+11 6.12255e+11 -7.78004e+09 -11.3126 -21.1237 0.270672 6.92055e+11 23.9637
1.54656e+07 3.22528e+11 6.12254e+11 -7.78002e+09 -11.3126 -21.1238 0.270673 6.92054e+11 23.9638
1.5552e+07 3.22527e+11 6.12253e+11 -7.78001e+09 -11.3127 -21.1239 0.270674 6.92053e+11 23.9639
1.56384e+07 3.22527e+11 6.12252e+11 -7.78e+09 -11.3127 -21.1239 0.270675 6.92052e+11 23.964
1.57248e+07 3.22526e+11 6.12251e+11 -7.77999e+09 -11.3127 -21.124 0.270676 6.92051e+11 23.964
1.58112e+07 3.22526e+11 6.1225e+11 -7.77998e+09 -11.3128 -21.1241 0.270676 6.9205e+11 23.9641
1.58976e+07 3.22525e+11 6.12249e+11 -7.77997e+09 -11.3128 -21.1241 0.270677 6.92049e+11 23.9642
1.5984e+07 3.22525e+11 6.12248e+11 -7.77995e+09 -11.3128 -21.1242 0.270678 6.92048e+11 23.9642
1.60704e+07 3.22524e+11 6.12247e+11 -7.77994e+09 -11.3129 -21.1242 0.270679 6.92047e+11 23.9643
1.61568e+07 3.22524e+11 6.12247e+11 -7.77993e+09 -11.3129 -21.1243 0.27068 6.92046e+11 23.9644
1.62432e+07 3.22523e+11 6.12246e+11 -7.77992e+09 -11.3129 -21.1244 0.27068 6.92045e+11 23.9645
1.63296e+07 3.22523e+11 6.12245e+11 -7.77991e+09 -11.313 -21.1244 0.270681 6.92044e+11 23.9645
1.6416e+07 3.22522e+11 6.12244e+11 -7.7799e+09 -11.313 -21.1245 0.270682 6.92043e+11 23.9646
1.65024e+07 3.22522e+11 6.12243e+11 -7.77988e+09 -11.313 -21.1246 0.270683 6.92042e+11 23.9647
1.65888e+07 3.22521e+11 6.12242e+11 -7.77987e+09 -11.3131 -21.1246 0.270684 6.92041e+11 23.9647
1.66752e+07 3.22521e+11 6.12241e+11 -7.77986e+09 -11.3131 -21.1247 0.270684 6.9204e+11 23.9648
1.67616e+07 3.2252e+11 6.1224e+11 -7.77985e+09 -11.3131 -21.1248 0.270685 6.92039e+11 23.9649
1.6848e+07 3.2252e+11 6.12239e+11 -7.77984e+09 -11.3132 -21.1248 0.270686 6.92038e+11 23.965
1.69344e+07 3.22519e+11 6.12238e+11 -7.77983e+09 -11.3132 -21.1249 0.270687 6.92037e+11 23.965
1.70208e+07 3.22519e+11 6.12237e+11 -7.77981e+09 -11.3132 -21.1249 0.270688 6.92036e+11 23.9651
1.71072e+07 3.22518e+11 6.12236e+11 -7.7798e+09 -11.3133 -21.125 0.270688 6.92035e+11 23.9652
1.71936e+07 3.22518e+11 6.12236e+11 -7.77979e+09 -11.3133 -21.1251 0.270689 6.92034e+11 23.9652
1.728e+07 3.22517e+11 6.12235e+11 -7.77978e+09 -11.3133 -21.1251 0.27069 6.92033e+11 23.9653
1.73664e+07 3.22517e+11 6.12234e+11 -7.77977e+09 -11.3134 -21.1252 0.270691 6.92032e+11 23.9654
1.74528e+07 3.22516e+11 6.12233e+11 -7.77976e+09 -11.3134 -21.1253 0.270692 6.92031e+11 23.9655
1.75392e+07 3.22516e+11 6.12232e+11 -7.77974e+09 -11.3134 -21.1253 0.270692 6.9203e+11 23.9655
1.76256e+07 3.22516e+11 6.12231e+11 -7.77973e+09 -11.3135 -21.1254 0.270693 6.92029e+11 23.9656
1.7712e+07 3.22515e+11 6.1223e+11 -7.77972e+09 -11.3135 -21.1254 0.270694 6.92028e+11 23.9657
1.77984e+07 3.22515e+11 6.12229e+11 -7.77971e+09 -11.3135 -21.1255 0.270695 6.92027e+11 23.9657
1.78848e+07 3.22514e+11 6.12228e+11 -7.7797e+09 -11.3136 -21.1256 0.270696 6.92026e+11 23.9658
1.79712e+07 3.22514e+11 6.12227e+11 -7.77969e+09 -11.3136 -21.1256 0.270696 6.92024e+11 23.9659
1.80576e+07 3.22513e+11 6.12226e+11 -7.77967e+09 -11.3136 -21.1257 0.270697 6.92023e+11 23.966
1.8144e+07 3.22513e+11 6.12226e+11 -7.77966e+09 -11.3137 -21.1258 0.270698 6.92022e+11 23.966
1.82304e+07 3.22512e+11 6.12225e+11 -7.77965e+09 -11.3137 -21.1258 0.270699 6.92021e+11 23.9661
1.83168e+07 3.22512e+11 6.12224e+11 -7.77964e+09 -11.3137 -21.1259 0.2707 6.9202e+11 23.9662
1.84032e+07 3.22511e+11 6.12223e+11 -7.77963e+09 -11.3138 -21.126 0.2707 6.92019e+11 23.9662
1.84896e+07 3.22511e+11 6.12222e+11 -7.77962e+09 -11.3138 -21.126 0.270701 6.92018e+11 23.9663
1.8576e+07 3.2251e+11 6.12221e+11 -7.7796e+09 -11.3138 -21.1261 0.270702 6.92017e+11 23.9664
1.86624e+07 3.2251e+11 6.1222e+11 -7.77959e+09 -11.3139 -21.1261 0.270703 6.92016e+11 23.9665
1.87488e+07 3.22509e+11 6.12219e+11 -7.77958e+09 -11.3139 -21.1262 0.270704 6.92015e+11 23.9665
1.88352e+07 3.22509e+11 6.12218e+11 -7.77957e+09 -11.3139 -21.1263 0.270704 6.92014e+11 23.9666
1.89216e+07 3.22508e+11 6.12217e+11 -7.77956e+09 -11.314 -21.1263 0.270705 6.92013e+11 23.9667
1.9008e+07 3.22508e+11 6.12216e+11 -7.77955e+09 -11.314 -21.1264 0.270706 6.92012e+11 23.9667
1.90944e+07 3.22507e+11 6.12216e+11 -7.77953e+09 -11.314 -21.1265 0.270707 6.92011e+11 23.9668
1.91808e+07 3.22507e+11 6.12215e+11 -7.77952e+09 -11.3141 -21.1265 0.270708 6.9201e+11 23.9669
1.92672e+07 3.22506e+11 6.12214e+11 -7.77951e+09 -11.3141 -21.1266 0.270708 6.92009e+11 23.967
1.93536e+07 3.22506e+11 6.12213e+11 -7.7795e+09 -11.3141 -21.1266 0.270709 6.92008e+11 23.967
1.944e+07 3.22505e+11 6.12212e+11 -7.77949e+09 -11.3142 -21.1267 0.27071 6.92007e+11 23.9671
1.95264e+07 3.22505e+11 6.12211e+11 -7.77948e+09 -11.3142 -21.1268 0.270711 6.92006e+11 23.9672
1.96128e+07 3.22504e+11 6.1221e+11 -7.77946e+09 -11.3142 -21.1268 0.270712 6.92005e+11 23.9672
1.96992e+07 3.22504e+11 6.12209e+11 -7.77945e+09 -11.3143 -21.1269 0.270712 6.92004e+11 23.9673
1.97856e+07 3.22503e+11 6.12208e+11 -7.77944e+09 -11.3143 -21.127 0.270713 6.92003e+11 23.9674
1.9872e+07 3.22503e+11 6.12207e+11 -7.77943e+09 -11.3143 -21.127 0.270714 6.92002e+11 23.9675
1.99584e+07 3.22502e+11 6.12206e+11 -7.77942e+09 -11.3144 -21.1271 0.270715 6.92001e+11 23.9675
2.00448e+07 3.22502e+11 6.12205e+11 -7.77941e+09 -11.3144 -21.1272 0.270716 6.92e+11 23.9676
2.01312e+07 3.22501e+11 6.12205e+11 -7.77939e+09 -11.3144 -21.1272 0.270716 6.91999e+11 23.9677
2.02176e+07 3.22501e+11 6.12204e+11 -7.77938e+09 -11.3145 -21.1273 0.270717 6.91998e+11 23.9677
2.0304e+07 3.225e+11 6.12203e+11 -7.77937e+09 -11.3145 -21.1273 0.270718 6.91997e+11 23.9678
2.03904e+07 3.225e+11 6.12202e+11 -7.77936e+09 -11.3145 -21.1274 0.270719 6.91996e+11 23.9679
2.04768e+07 3.22499e+11 6.12201e+11 -7.77935e+09 -11.3146 -21.1275 0.27072 6.91994e+11 23.968
2.05632e+07 3.22499e+11 6.122e+11 -7.77934e+09 -11.3146 -21.1275 0.27072 6.91993e+11 23.968
2.06496e+07 3.22498e+11 6.12199e+11 -7.77932e+09 -11.3146 -21.1276 0.270721 6.91992e+11 23.9681
2.0736e+07 3.22498e+11 6.12198e+11 -7.77931e+09 -11.3147 -21.1277 0.270722 6.91991e+11 23.9682
2.08224e+07 3.22497e+11 6.12197e+11 -7.7793e+09 -11.3147 -21.1277 0.270723 6.9199e+11 23.9682
2.09088e+07 3.22497e+11 6.12196e+11 -7.77929e+09 -11.3147 -21.1278 0.270724 6.91989e+11 23.9683
2.09952e+07 3.22496e+11 6.12195e+11 -7.77928e+09 -11.3148 -21.1279 0.270725 6.91988e+11 23.9684
2.10816e+07 3.22496e+11 6.12195e+11 -7.77927e+09 -11.3148 -21.1279 0.270725 6.91987e+11 23.9685
2.1168e+07 3.22495e+11 6.12194e+11 -7.77925e+09 -11.3148 -21.128 0.270726 6.91986e+11 23.9685
2.12544e+07 3.22495e+11 6.12193e+11 -7.77924e+09 -11.3149 -21.128 0.270727 6.91985e+11 23.9686
2.13408e+07 3.22495e+11 6.12192e+11 -7.77923e+09 -11.3149 -21.1281 0.270728 6.91984e+11 23.9687
2.14272e+07 3.22494e+11 6.12191e+11 -7.77922e+09 -11.3149 -21.1282 0.270729 6.91983e+11 23.9687
2.15136e+07 3.22494e+11 6.1219e+11 -7.77921e+09 -11.315 -21.1282 0.270729 6.91982e+11 23.9688
2.16e+07 3.22493e+11 6.12189e+11 -7.7792e+09 -11.315 -21.1283 0.27073 6.91981e+11 23.9689
2.16864e+07 3.22493e+11 6.12188e+11 -7.77918e+09 -11.315 -21.1284 0.270731 6.9198e+11 23.969
2.17728e+07 3.22492e+11 6.12187e+11 -7.77917e+09 -11.3151 -21.1284 0.270732 6.91979e+11 23.969
2.18592e+07 3.22492e+11 6.12186e+11 -7.77916e+09 -11.3151 -21.1285 0.270733 6.91978e+11 23.9691
2.19456e+07 3.22491e+11 6.12185e+11 -7.77915e+09 -11.3151 -21.1285 0.270733 6.91977e+11 23.9692
2.2032e+07 3.22491e+11 6.12185e+11 -7.77914e+09 -11.3152 -21.1286 0.270734 6.91976e+11 23.9692
2.21184e+07 3.2249e+11 6.12184e+11 -7.77912e+09 -11.3152 -21.1287 0.270735 6.91975e+11 23.9693
2.22048e+07 3.2249e+11 6.12183e+11 -7.77911e+09 -11.3152 -21.1287 0.270736 6.91974e+11 23.9694
2.22912e+07 3.22489e+11 6.12182e+11 -7.7791e+09 -11.3153 -21.1288 0.270737 6.91973e+11 23.9695
2.23776e+07 3.22489e+11 6.12181e+11 -7.77909e+09 -11.3153 -21.1289 0.270737 6.91972e+11 23.9695
2.2464e+07 3.22488e+11 6.1218e+11 -7.77908e+09 -11.3153 -21.1289 0.270738 6.91971e+11 23.9696
2.25504e+07 3.22488e+11 6.12179e+11 -7.77907e+09 -11.3154 -21.129 0.270739 6.9197e+11 23.9697
2.26368e+07 3.22487e+11 6.12178e+11 -7.77905e+09 -11.3154 -21.1291 0.27074 6.91969e+11 23.9697
2.27232e+07 3.22487e+11 6.12177e+11 -7.77904e+09 -11.3154 -21.1291 0.270741 6.91968e+11 23.9698
2.28096e+07 3.22486e+11 6.12176e+11 -7.77903e+09 -11.3155 -21.1292 0.270741 6.91967e+11 23.9699
2.2896e+07 3.22486e+11 6.12175e+11 -7.77902e+09 -11.3155 -21.1292 0.270742 6.91966e+11 23.97
2.29824e+07 3.22485e+11 6.12174e+11 -7.77901e+09 -11.3155 -21.1293 0.270743 6.91964e+11 23.97
2.30688e+07 3.22485e+11 6.12174e+11 -7.779e+09 -11.3156 -21.1294 0.270744 6.91963e+11 23.9701
2.31552e+07 3.22484e+11 6.12173e+11 -7.77898e+09 -11.3156 -21.1294 0.270745 6.91962e+11 23.9702
2.32416e+07 3.22484e+11 6.12172e+11 -7.77897e+09 -11.3156 -21.1295 0.270745 6.91961e+11 23.9702
2.3328e+07 3.22483e+11 6.12171e+11 -7.77896e+09 -11.3157 -21.1296 0.270746 6.9196e+11 23.9703
2.34144e+07 3.22483e+11 6.1217e+11 -7.77895e+09 -11.3157 -21.1296 0.270747 6.91959e+11 23.9704
2.35008e+07 3.22482e+11 6.12169e+11 -7.77894e+09 -11.3157 -21.1297 0.270748 6.91958e+11 23.9705
2.35872e+07 3.22482e+11 6.12168e+11 -7.77893e+09 -11.3158 -21.1297 0.270749 6.91957e+11 23.9705
2.36736e+07 3.22481e+11 6.12167e+11 -7.77891e+09 -11.3158 -21.1298 0.270749 6.91956e+11 23.9706
2.376e+07 3.22481e+11 6.12166e+11 -7.7789e+09 -11.3158 -21.1299 0.27075 6.91955e+11 23.9707
2.38464e+07 3.2248e+11 6.12165e+11 -7.77889e+09 -11.3159 -21.1299 0.270751 6.91954e+11 23.9707
2.39328e+07 3.2248e+11 6.12164e+11 -7.77888e+09 -11.3159 -21.13 0.270752 6.91953e+11 23.9708
2.40192e+07 3.22479e+11 6.12164e+11 -7.77887e+09 -11.3159 -21.1301 0.270753 6.91952e+11 23.9709
2.41056e+07 3.22479e+11 6.12163e+11 -7.77886e+09 -11.316 -21.1301 0.270753 6.91951e+11 23.971
2.4192e+07 3.22478e+11 6.12162e+11 -7.77884e+09 -11.316 -21.1302 0.270754 6.9195e+11 23.971
2.42784e+07 3.22478e+11 6.12161e+11 -7.77883e+09 -11.316 -21.1302 0.27075 6.91949e+11 23.971
2.43648e+07 3.22477e+11 6.1216e+11 -7.77882e+09 -11.3158 -21.1302 0.270729 6.91948e+11 23.9709
2.44512e+07 3.22477e+11 6.12159e+11 -7.77881e+09 -11.3158 -21.1302 0.27073 6.91947e+11 23.971
2.45376e+07 3.22476e+11 6.12158e+11 -7.7788e+09 -11.3159 -21.1303 0.270731 6.91946e+11 23.9711
2.4624e+07 3.22476e+11 6.12157e+11 -7.77879e+09 -11.3159 -21.1303 0.270732 6.91945e+11 23.9711
2.47104e+07 3.22475e+11 6.12156e+11 -7.77877e+09 -11.3159 -21.1304 0.270732 6.91944e+11 23.9712
2.47968e+07 3.22475e+11 6.12155e+11 -7.77876e+09 -11.316 -21.1305 0.270733 6.91943e+11 23.9713
2.48832e+07 3.22474e+11 6.12154e+11 -7.77875e+09 -11.316 -21.1305 0.270734 6.91942e+11 23.9713
2.49696e+07 3.22474e+11 6.12154e+11 -7.77874e+09 -11.316 -21.1306 0.270735 6.91941e+11 23.9714
2.5056e+07 3.22474e+11 6.12153e+11 -7.77873e+09 -11.3161 -21.1307 0.270736 6.9194e+11 23.9715
2.51424e+07 3.22473e+11 6.12152e+11 -7.77872e+09 -11.3161 -21.1307 0.270736 6.91939e+11 23.9716
2.52288e+07 3.22473e+11 6.12151e+11 -7.7787e+09 -11.3161 -21.1308 0.270737 6.91938e+11 23.9716
2.53152e+07 3.22472e+11 6.1215e+11 -7.77869e+09 -11.3162 -21.1309 0.270738 6.91937e+11 23.9717
2.54016e+07 3.22472e+11 6.12149e+11 -7.77868e+09 -11.3162 -21.1309 0.270739 6.91936e+11 23.9718
2.5488e+07 3.22471e+11 6.12148e+11 -7.77867e+09 -11.3162 -21.131 0.27074 6.91934e+11 23.9718
2.55744e+07 3.22471e+11 6.12147e+11 -7.77866e+09 -11.3163 -21.131 0.27074 6.91933e+11 23.9719
2.56608e+07 3.2247e+11 6.12146e+11 -7.77865e+09 -11.3163 -21.1311 0.270741 6.91932e+11 23.972
2.57472e+07 3.2247e+11 6.12145e+11 -7.77863e+09 -11.3163 -21.1312 0.270742 6.91931e+11 23.9721
2.58336e+07 3.22469e+11 6.12144e+11 -7.77862e+09 -11.3164 -21.1312 0.270743 6.9193e+11 23.9721
2.592e+07 3.22469e+11 6.12143e+11 -7.77861e+09 -11.3164 -21.1313 0.270744 6.91929e+11 23.9722
2.60064e+07 3.22468e+11 6.12143e+11 -7.7786e+09 -11.3164 -21.1314 0.270744 6.91928e+11 23.9723
2.60928e+07 3.22468e+11 6.12142e+11 -7.77859e+09 -11.3165 -21.1314 0.270745 6.91927e+11 23.9723
2.61792e+07 3.22467e+11 6.12141e+11 -7.77858e+09 -11.3165 -21.1315 0.270746 6.91926e+11 23.9724
2.62656e+07 3.22467e+11 6.1214e+11 -7.77856e+09 -11.3165 -21.1315 0.270747 6.91925e+11 23.9725
2.6352e+07 3.22466e+11 6.12139e+11 -7.77855e+09 -11.3166 -21.1316 0.270748 6.91924e+11 23.9726
2.64384e+07 3.22466e+11 6.12138e+11 -7.77854e+09 -11.3166 -21.1317 0.270748 6.91923e+11 23.9726
2.65248e+07 3.22465e+11 6.12137e+11 -7.77853e+09 -11.3166 -21.1317 0.270749 6.91922e+11 23.9727
2.66112e+07 3.22465e+11 6.12136e+11 -7.77852e+09 -11.3167 -21.1318 0.27075 6.91921e+11 23.9728
2.66976e+07 3.22464e+11 6.12135e+11 -7.77851e+09 -11.3167 -21.1319 0.270751 6.9192e+11 23.9728
2.6784e+07 3.22464e+11 6.12134e+11 -7.77849e+09 -11.3167 -21.1319 0.270752 6.91919e+11 23.9729
2.68704e+07 3.22463e+11 6.12133e+11 -7.77848e+09 -11.3168 -21.132 0.270752 6.91918e+11 23.973
2.69568e+07 3.22463e+11 6.12133e+11 -7.77847e+09 -11.3168 -21.1321 0.270753 6.91917e+11 23.9731
2.70432e+07 3.22462e+11 6.12132e+11 -7.77846e+09 -11.3168 -21.1321 0.270754 6.91916e+11 23.9731
2.71296e+07 3.22462e+11 6.12131e+11 -7.77845e+09 -11.3169 -21.1322 0.270755 6.91915e+11 23.9732
2.7216e+07 3.22461e+11 6.1213e+11 -7.77844e+09 -11.3169 -21.1322 0.270756 6.91914e+11 23.9733
2.73024e+07 3.22461e+11 6.12129e+11 -7.77842e+09 -11.3169 -21.1323 0.270756 6.91913e+11 23.9733
2.73888e+07 3.2246e+11 6.12128e+11 -7.77841e+09 -11.317 -21.1324 0.270757 6.91912e+11 23.9734
2.74752e+07 3.2246e+11 6.12127e+11 -7.7784e+09 -11.317 -21.1324 0.270758 6.91911e+11 23.9735
2.75616e+07 3.22459e+11 6.12126e+11 -7.77839e+09 -11.317 -21.1325 0.270759 6.9191e+11 23.9736
2.7648e+07 3.22459e+11 6.12125e+11 -7.77838e+09 -11.3171 -21.1326 0.27076 6.91909e+11 23.9736
2.77344e+07 3.22458e+11 6.12124e+11 -7.77837e+09 -11.3171 -21.1326 0.27076 6.91908e+11 23.9737
2.78208e+07 3.22458e+11 6.12123e+11 -7.77835e+09 -11.3171 -21.1327 0.270761 6.91907e+11 23.9738
2.79072e+07 3.22457e+11 6.12123e+11 -7.77834e+09 -11.3172 -21.1328 0.270762 6.91906e+11 23.9738
2.79936e+07 3.22457e+11 6.12122e+11 -7.77833e+09 -11.3172 -21.1328 0.270763 6.91904e+11 23.9739
2.808e+07 3.22456e+11 6.12121e+11 -7.77832e+09 -11.3172 -21.1329 0.270764 6.91903e+11 23.974
2.81664e+07 3.22456e+11 6.1212e+11 -7.77831e+09 -11.3173 -21.1329 0.270764 6.91902e+11 23.9741
2.82528e+07 3.22455e+11 6.12119e+11 -7.7783e+09 -11.3173 -21.133 0.270765 6.91901e+11 23.9741
2.83392e+07 3.22455e+11 6.12118e+11 -7.77828e+09 -11.3173 -21.1331 0.270766 6.919e+11 23.9742
2.84256e+07 3.22454e+11 6.12117e+11 -7.77827e+09 -11.3174 -21.1331 0.270767 6.91899e+11 23.9743
2.8512e+07 3.22454e+11 6.12116e+11 -7.77826e+09 -11.3174 -21.1332 0.270768 6.91898e+11 23.9743
2.85984e+07 3.22453e+11 6.12115e+11 -7.77825e+09 -11.3174 -21.1333 0.270769 6.91897e+11 23.9744
2.86848e+07 3.22453e+11 6.12114e+11 -7.77824e+09 -11.3175 -21.1333 0.270769 6.91896e+11 23.9745
2.87712e+07 3.22453e+11 6.12113e+11 -7.77823e+09 -11.3175 -21.1334 0.27077 6.91895e+11 23.9746
2.88576e+07 3.22452e+11 6.12112e+11 -7.77821e+09 -11.3175 -21.1334 0.270771 6.91894e+11 23.9746
2.8944e+07 3.22452e+11 6.12112e+11 -7.7782e+09 -11.3176 -21.1335 0.270772 6.91893e+11 23.9747
2.90304e+07 3.22451e+11 6.12111e+11 -7.77819e+09 -11.3176 -21.1336 0.270773 6.91892e+11 23.9748
2.91168e+07 3.22451e+11 6.1211e+11 -7.77818e+09 -11.3176 -21.1336 0.270773 6.91891e+11 23.9748
2.92032e+07 3.2245e+11 6.12109e+11 -7.77817e+09 -11.3177 -21.1337 0.270774 6.9189e+11 23.9749
2.92896e+07 3.2245e+11 6.12108e+11 -7.77816e+09 -11.3177 -21.1338 0.270775 6.91889e+11 23.975
2.9376e+07 3.22449e+11 6.12107e+11 -7.77814e+09 -11.3177 -21.1338 0.270776 6.91888e+11 23.9751
2.94624e+07 3.22449e+11 6.12106e+11 -7.77813e+09 -11.3178 -21.1339 0.270777 6.91887e+11 23.9751
2.95488e+07 3.22448e+11 6.12105e+11 -7.77812e+09 -11.3178 -21.134 0.270777 6.91886e+11 23.9752
2.96352e+07 3.22448e+11 6.12104e+11 -7.77811e+09 -11.3178 -21.134 0.270778 6.91885e+11 23.9753
2.97216e+07 3.22447e+11 6.12103e+11 -7.7781e+09 -11.3179 -21.1341 0.270779 6.91884e+11 23.9753
2.9808e+07 3.22447e+11 6.12102e+11 -7.77809e+09 -11.3179 -21.1341 0.27078 6.91883e+11 23.9754
2.98944e+07 3.22446e+11 6.12102e+11 -7.77807e+09 -11.3179 -21.1342 0.270781 6.91882e+11 23.9755
2.99808e+07 3.22446e+11 6.12101e+11 -7.77806e+09 -11.318 -21.1343 0.270781 6.91881e+11 23.9756
3.00672e+07 3.22445e+11 6.121e+11 -7.77805e+09 -11.318 -21.1343 0.270782 6.9188e+11 23.9756
3.01536e+07 3.22445e+11 6.12099e+11 -7.77804e+09 -11.318 -21.1344 0.270783 6.91879e+11 23.9757
3.024e+07 3.22444e+11 6.12098e+11 -7.77803e+09 -11.3181 -21.1345 0.270784 6.91878e+11 23.9758
3.03264e+07 3.22444e+11 6.12097e+11 -7.77802e+09 -11.3181 -21.1345 0.270785 6.91877e+11 23.9758
3.04128e+07 3.22443e+11 6.12096e+11 -7.778e+09 -11.3181 -21.1346 0.270785 6.91876e+11 23.9759
3.04992e+07 3.22443e+11 6.12095e+11 -7.77799e+09 -11.3182 -21.1346 0.270786 6.91874e+11 23.976
3.05856e+07 3.22442e+11 6.12094e+11 -7.77798e+09 -11.3182 -21.1347 0.270787 6.91873e+11 23.9761
3.0672e+07 3.22442e+11 6.12093e+11 -7.77797e+09 -11.3182 -21.1348 0.270788 6.91872e+11 23.9761
3.07584e+07 3.22441e+11 6.12092e+11 -7.77796e+09 -11.3183 -21.1348 0.270789 6.91871e+11 23.9762
3.08448e+07 3.22441e+11 6.12092e+11 -7.77794e+09 -11.3183 -21.1349 0.270789 6.9187e+11 23.9763
3.09312e+07 3.2244e+11 6.12091e+11 -7.77793e+09 -11.3183 -21.135 0.27079 6.91869e+11 23.9763
3.10176e+07 3.2244e+11 6.1209e+11 -7.77792e+09 -11.3184 -21.135 0.270791 6.91868e+11 23.9764
3.1104e+07 3.22439e+11 6.12089e+11 -7.77791e+09 -11.3184 -21.1351 0.270792 6.91867e+11 23.9765
3.11904e+07 3.22439e+11 6.12088e+11 -7.7779e+09 -11.3184 -21.1352 0.270793 6.91866e+11 23.9766
3.12768e+07 3.22438e+11 6.12087e+11 -7.77789e+09 -11.3185 -21.1352 0.270793 6.91865e+11 23.9766
3.13632e+07 3.22438e+11 6.12086e+11 -7.77787e+09 -11.3185 -21.1353 0.270794 6.91864e+11 23.9767
3.14496e+07 3.22437e+11 6.12085e+11 -7.77786e+09 -11.3185 -21.1353 0.270795 6.91863e+11 23.9768
