0 -1.06911e+12 8.61096e+11 2.83802e+10 -4218.92 -9665.44 433.732 1.37306e+12 10555
86400 -1.06947e+12 8.60265e+11 2.84145e+10 -4058.36 -9489.65 358.347 1.37282e+12 10327.3
172800 -1.06946e+12 8.6027e+11 2.84114e+10 140.945 153.267 -74.2581 1.37281e+12 221.066
259200 -1.06945e+12 8.60278e+11 2.84081e+10 154.26 183.065 -75.9213 1.37281e+12 251.143
345600 -1.06945e+12 8.60286e+11 2.84048e+10 155.196 184.274 -76.3807 1.37281e+12 252.739
432000 -1.06944e+12 8.60294e+11 2.84015e+10 156.063 185.265 -76.7935 1.37281e+12 254.118
518400 -1.06943e+12 8.60302e+11 2.83982e+10 156.878 186.058 -77.1424 1.37281e+12 255.302
604800 -1.06943e+12 8.6031e+11 2.83949e+10 157.665 186.999 -77.5033 1.37281e+12 256.581
691200 -1.06942e+12 8.60318e+11 2.83915e+10 158.259 187.871 -77.9236 1.37281e+12 257.708
777600 -1.06941e+12 8.60326e+11 2.83881e+10 159.218 189.069 -78.41 1.37281e+12 259.317
864000 -1.06941e+12 8.60335e+11 2.83847e+10 160.194 190.287 -78.9047 1.37281e+12 260.954
950400 -1.0694e+12 8.60343e+11 2.83813e+10 161.185 191.526 -79.4072 1.37281e+12 262.618
1.0368e+06 -1.06939e+12 8.60351e+11 2.83779e+10 162.193 192.784 -79.9178 1.37281e+12 264.308
1.1232e+06 -1.06939e+12 8.6036e+11 2.83744e+10 163.216 194.062 -80.4367 1.37281e+12 266.026
1.2096e+06 -1.06938e+12 8.60368e+11 2.83709e+10 164.257 195.362 -80.9641 1.37281e+12 267.772
1.296e+06 -1.06937e+12 8.60376e+11 2.83674e+10 165.315 196.683 -81.5002 1.37281e+12 269.547
1.3824e+06 -1.06936e+12 8.60385e+11 2.83638e+10 166.39 198.026 -82.0453 1.37281e+12 271.351
1.4688e+06 -1.06936e+12 8.60394e+11 2.83603e+10 167.484 199.392 -82.5997 1.37281e+12 273.186
1.5552e+06 -1.06935e+12 8.60402e+11 2.83567e+10 168.596 200.781 -83.1634 1.37281e+12 275.052
1.6416e+06 -1.06934e+12 8.60411e+11 2.83531e+10 169.728 202.194 -83.7369 1.37281e+12 276.951
1.728e+06 -1.06933e+12 8.6042e+11 2.83495e+10 170.879 203.632 -84.3204 1.37281e+12 278.883
1.8144e+06 -1.06933e+12 8.60429e+11 2.83458e+10 172.051 205.095 -84.9142 1.37281e+12 280.848
1.9008e+06 -1.06932e+12 8.60438e+11 2.83421e+10 173.243 206.584 -85.5185 1.37281e+12 282.849
1.9872e+06 -1.06931e+12 8.60446e+11 2.83384e+10 174.457 208.099 -86.1337 1.37281e+12 284.885
2.0736e+06 -1.0693e+12 8.60456e+11 2.83347e+10 175.693 209.643 -86.76 1.37281e+12 286.959
2.16e+06 -1.0693e+12 8.60465e+11 2.83309e+10 176.951 211.215 -87.3979 1.37281e+12 289.071
2.2464e+06 -1.06929e+12 8.60474e+11 2.83271e+10 178.233 212.816 -88.0477 1.37281e+12 291.222
2.3328e+06 -1.06928e+12 8.60483e+11 2.83233e+10 179.539 214.447 -88.7096 1.37281e+12 293.413
2.4192e+06 -1.06927e+12 8.60492e+11 2.83194e+10 180.87 216.109 -89.3842 1.37281e+12 295.646
2.5056e+06 -1.06927e+12 8.60502e+11 2.83155e+10 182.227 217.803 -90.0717 1.37281e+12 297.922
2.592e+06 -1.06926e+12 8.60511e+11 2.83116e+10 183.61 219.53 -90.7725 1.37281e+12 300.242
2.6784e+06 -1.06925e+12 8.60521e+11 2.83077e+10 185.02 221.291 -91.4872 1.3728e+12 302.608
2.7648e+06 -1.06924e+12 8.6053e+11 2.83037e+10 186.458 223.087 -92.2161 1.3728e+12 305.021
2.8512e+06 -1.06923e+12 8.6054e+11 2.82997e+10 187.925 224.919 -92.9597 1.3728e+12 307.483
2.9376e+06 -1.06923e+12 8.6055e+11 2.82957e+10 189.422 226.788 -93.7185 1.3728e+12 309.995
3.024e+06 -1.06922e+12 8.6056e+11 2.82916e+10 190.95 228.696 -94.4929 1.3728e+12 312.559
3.1104e+06 -1.06921e+12 8.6057e+11 2.82875e+10 192.51 230.645 -95.2835 1.3728e+12 315.176
3.1968e+06 -1.0692e+12 8.6058e+11 2.82834e+10 194.103 232.634 -96.0909 1.3728e+12 317.849
3.2832e+06 -1.06919e+12 8.6059e+11 2.82792e+10 195.73 234.666 -96.9156 1.3728e+12 320.579
3.3696e+06 -1.06918e+12 8.606e+11 2.8275e+10 197.393 236.742 -97.7582 1.3728e+12 323.369
3.456e+06 -1.06918e+12 8.6061e+11 2.82707e+10 199.092 238.864 -98.6193 1.3728e+12 326.22
3.5424e+06 -1.06917e+12 8.60621e+11 2.82664e+10 200.829 241.033 -99.4997 1.3728e+12 329.134
3.6288e+06 -1.06916e+12 8.60631e+11 2.82621e+10 202.605 243.251 -100.4 1.3728e+12 332.115
3.7152e+06 -1.06915e+12 8.60642e+11 2.82577e+10 204.422 245.52 -101.321 1.3728e+12 335.164
3.8016e+06 -1.06914e+12 8.60652e+11 2.82533e+10 206.282 247.842 -102.263 1.3728e+12 338.283
3.888e+06 -1.06913e+12 8.60663e+11 2.82489e+10 208.185 250.219 -103.228 1.3728e+12 341.476
3.9744e+06 -1.06912e+12 8.60674e+11 2.82444e+10 210.133 252.652 -104.215 1.3728e+12 344.746
4.0608e+06 -1.06911e+12 8.60685e+11 2.82399e+10 212.129 255.144 -105.227 1.3728e+12 348.095
4.1472e+06 -1.0691e+12 8.60696e+11 2.82353e+10 214.174 257.698 -106.263 1.3728e+12 351.526
4.2336e+06 -1.06909e+12 8.60707e+11 2.82307e+10 216.27 260.315 -107.325 1.3728e+12 355.043
4.32e+06 -1.06909e+12 8.60719e+11 2.8226e+10 218.419 262.999 -108.415 1.3728e+12 358.649
4.4064e+06 -1.06908e+12 8.6073e+11 2.82213e+10 220.623 265.752 -109.532 1.3728e+12 362.348
4.4928e+06 -1.06907e+12 8.60742e+11 2.82165e+10 222.885 268.577 -110.678 1.3728e+12 366.143
4.5792e+06 -1.06906e+12 8.60753e+11 2.82117e+10 225.207 271.477 -111.855 1.3728e+12 370.04
4.6656e+06 -1.06905e+12 8.60765e+11 2.82068e+10 227.592 274.455 -113.064 1.3728e+12 374.041
4.752e+06 -1.06904e+12 8.60777e+11 2.82019e+10 230.042 277.514 -114.306 1.3728e+12 378.153
4.8384e+06 -1.06903e+12 8.60789e+11 2.81969e+10 232.561 280.66 -115.582 1.3728e+12 382.379
4.9248e+06 -1.06902e+12 8.60801e+11 2.81919e+10 235.151 283.894 -116.895 1.3728e+12 386.724
5.0112e+06 -1.06901e+12 8.60814e+11 2.81868e+10 237.815 287.221 -118.245 1.3728e+12 391.196
5.0976e+06 -1.069e+12 8.60826e+11 2.81816e+10 240.558 290.647 -119.635 1.3728e+12 395.798
5.184e+06 -1.06899e+12 8.60839e+11 2.81764e+10 243.383 294.174 -121.067 1.3728e+12 400.538
5.2704e+06 -1.06898e+12 8.60852e+11 2.81712e+10 246.294 297.809 -122.542 1.3728e+12 405.423
5.3568e+06 -1.06896e+12 8.60865e+11 2.81658e+10 249.294 301.557 -124.063 1.3728e+12 410.458
5.4432e+06 -1.06895e+12 8.60878e+11 2.81604e+10 252.39 305.423 -125.632 1.37279e+12 415.653
5.5296e+06 -1.06894e+12 8.60891e+11 2.81549e+10 255.585 309.413 -127.251 1.37279e+12 421.015
5.616e+06 -1.06893e+12 8.60905e+11 2.81494e+10 258.886 313.534 -128.924 1.37279e+12 426.552
5.7024e+06 -1.06892e+12 8.60918e+11 2.81437e+10 262.296 317.793 -130.653 1.37279e+12 432.275
5.7888e+06 -1.06891e+12 8.60932e+11 2.8138e+10 265.823 322.198 -132.44 1.37279e+12 438.194
5.8752e+06 -1.0689e+12 8.60946e+11 2.81323e+10 269.473 326.756 -134.29 1.37279e+12 444.319
5.9616e+06 -1.06889e+12 8.60961e+11 2.81264e+10 273.253 331.476 -136.206 1.37279e+12 450.661
6.048e+06 -1.06887e+12 8.60975e+11 2.81205e+10 277.17 336.368 -138.191 1.37279e+12 457.235
6.1344e+06 -1.06886e+12 8.6099e+11 2.81144e+10 281.233 341.442 -140.25 1.37279e+12 464.053
6.2208e+06 -1.06885e+12 8.61005e+11 2.81083e+10 285.451 346.709 -142.388 1.37279e+12 471.13
6.3072e+06 -1.06884e+12 8.6102e+11 2.81021e+10 289.833 352.181 -144.609 1.37279e+12 478.483
6.3936e+06 -1.06882e+12 8.61035e+11 2.80957e+10 294.389 357.871 -146.918 1.37279e+12 486.129
6.48e+06 -1.06881e+12 8.61051e+11 2.80893e+10 299.131 363.793 -149.321 1.37279e+12 494.086
6.5664e+06 -1.0688e+12 8.61067e+11 2.80828e+10 304.071 369.962 -151.825 1.37279e+12 502.377
6.6528e+06 -1.06878e+12 8.61083e+11 2.80761e+10 309.223 376.396 -154.436 1.37279e+12 511.023
6.7392e+06 -1.06877e+12 8.611e+11 2.80694e+10 314.603 383.114 -157.163 1.37279e+12 520.049
6.8256e+06 -1.06876e+12 8.61116e+11 2.80625e+10 320.225 390.135 -160.012 1.37279e+12 529.484
6.912e+06 -1.06874e+12 8.61133e+11 2.80555e+10 326.108 397.482 -162.994 1.37279e+12 539.357
6.9984e+06 -1.06873e+12 8.61151e+11 2.80483e+10 332.273 405.181 -166.118 1.37279e+12 549.702
7.0848e+06 -1.06871e+12 8.61169e+11 2.80411e+10 338.741 413.258 -169.397 1.37279e+12 560.556
7.1712e+06 -1.0687e+12 8.61187e+11 2.80336e+10 345.536 421.744 -172.841 1.37279e+12 571.959
7.2576e+06 -1.06868e+12 8.61205e+11 2.8026e+10 352.687 430.674 -176.465 1.37279e+12 583.959
7.344e+06 -1.06867e+12 8.61224e+11 2.80183e+10 360.223 440.085 -180.284 1.37279e+12 596.606
7.4304e+06 -1.06865e+12 8.61244e+11 2.80104e+10 368.18 450.021 -184.317 1.37279e+12 609.957
7.5168e+06 -1.06864e+12 8.61263e+11 2.80023e+10 376.594 460.529 -188.582 1.37279e+12 624.078
7.6032e+06 -1.06862e+12 8.61284e+11 2.7994e+10 385.512 471.665 -193.101 1.37279e+12 639.042
7.6896e+06 -1.0686e+12 8.61304e+11 2.79855e+10 394.98 483.49 -197.9 1.37279e+12 654.932
7.776e+06 -1.06859e+12 8.61326e+11 2.79767e+10 405.058 496.074 -203.007 1.37279e+12 671.843
7.8624e+06 -1.06857e+12 8.61348e+11 2.79678e+10 415.808 509.5 -208.456 1.37279e+12 689.884
7.9488e+06 -1.06855e+12 8.6137e+11 2.79586e+10 427.307 523.859 -214.284 1.37278e+12 709.18
8.0352e+06 -1.06853e+12 8.61393e+11 2.79491e+10 439.64 539.261 -220.534 1.37278e+12 729.877
8.1216e+06 -1.06851e+12 8.61417e+11 2.79394e+10 452.908 555.831 -227.259 1.37278e+12 752.144
8.208e+06 -1.06849e+12 8.61442e+11 2.79293e+10 467.231 573.717 -234.518 1.37278e+12 776.179
8.2944e+06 -1.06847e+12 8.61467e+11 2.79189e+10 482.748 593.094 -242.382 1.37278e+12 802.219
8.3808e+06 -1.06845e+12 8.61493e+11 2.79081e+10 499.625 614.171 -250.937 1.37278e+12 830.543
8.4672e+06 -1.06843e+12 8.61521e+11 2.7897e+10 518.065 637.199 -260.282 1.37278e+12 861.487
8.5536e+06 -1.0684e+12 8.61549e+11 2.78854e+10 538.31 662.481 -270.543 1.37278e+12 895.462
8.64e+06 -1.06838e+12 8.61579e+11 2.78733e+10 560.66 690.391 -281.87 1.37278e+12 932.969
8.7264e+06 -1.06835e+12 8.6161e+11 2.78607e+10 585.486 721.394 -294.453 1.37278e+12 974.631
8.8128e+06 -1.06833e+12 8.61642e+11 2.78475e+10 613.256 756.073 -308.527 1.37278e+12 1021.23
8.8992e+06 -1.0683e+12 8.61676e+11 2.78336e+10 644.566 795.174 -324.396 1.37278e+12 1073.78
8.9856e+06 -1.06827e+12 8.61712e+11 2.7819e+10 680.195 839.667 -342.453 1.37278e+12 1133.57
9.072e+06 -1.06824e+12 8.6175e+11 2.78035e+10 721.175 890.843 -363.223 1.37278e+12 1202.34
9.1584e+06 -1.06821e+12 8.6179e+11 2.7787e+10 768.908 950.452 -387.415 1.37278e+12 1282.45
9.2448e+06 -1.06817e+12 8.61834e+11 2.77692e+10 825.353 1020.94 -416.023 1.37278e+12 1377.17
9.3312e+06 -1.06814e+12 8.61881e+11 2.77501e+10 893.343 1105.85 -450.481 1.37278e+12 1491.27
9.4176e+06 -1.06809e+12 8.61932e+11 2.77292e+10 977.14 1210.49 -492.952 1.37278e+12 1631.9
9.504e+06 -1.06805e+12 8.61989e+11 2.7706e+10 1083.5 1343.32 -546.858 1.37278e+12 1810.4
9.5904e+06 -1.068e+12 8.62053e+11 2.768e+10 1223.87 1518.62 -618.002 1.37278e+12 2045.97
9.6768e+06 -1.06794e+12 8.62127e+11 2.76499e+10 1419.47 1762.87 -717.134 1.37278e+12 2374.22
9.7632e+06 -1.06787e+12 8.62215e+11 2.7614e+10 1714.99 2131.92 -866.911 1.37278e+12 2870.16
9.8496e+06 -1.06777e+12 8.62328e+11 2.75681e+10 2225.88 2769.93 -1125.84 1.37278e+12 3727.54
9.936e+06 -1.06764e+12 8.62492e+11 2.75015e+10 3391.58 4225.66 -1716.65 1.37278e+12 5683.83
1.00224e+07 -1.06732e+12 8.62898e+11 2.73368e+10 18648.9 23279 -9449.38 1.37277e+12 31288.7
1.01088e+07 -1.08038e+12 8.46584e+11 3.39577e+10 -159014 -198587 80594.3 1.37298e+12 266867
1.01952e+07 -1.08042e+12 8.46533e+11 3.39785e+10 -468.205 -594.488 239.61 1.37298e+12 793.754
1.02816e+07 -1.08042e+12 8.46532e+11 3.39784e+10 7.42077 -0.523918 -1.44761 1.37298e+12 7.57878
1.0368e+07 -1.08042e+12 8.46532e+11 3.39783e+10 8.84772 1.25806 -2.17082 1.37298e+12 9.19659
1.04544e+07 -1.08042e+12 8.46533e+11 3.39782e+10 8.85211 1.26354 -2.17304 1.37298e+12 9.20209
1.05408e+07 -1.08042e+12 8.46533e+11 3.39781e+10 8.85223 1.26369 -2.1731 1.37298e+12 9.20224
1.06272e+07 -1.08042e+12 8.46533e+11 3.3978e+10 8.85234 1.26382 -2.17315 1.37298e+12 9.20238
1.07136e+07 -1.08042e+12 8.46533e+11 3.3978e+10 8.85245 1.26395 -2.17321 1.37298e+12 9.20252
1.08e+07 -1.08042e+12 8.46533e+11 3.39779e+10 8.85256 1.26408 -2.17326 1.37298e+12 9.20265
1.08864e+07 -1.08042e+12 8.46533e+11 3.39778e+10 8.85267 1.26422 -2.17332 1.37298e+12 9.20279
1.09728e+07 -1.08042e+12 8.46533e+11 3.39777e+10 8.85278 1.26435 -2.17337 1.37298e+12 9.20293
1.10592e+07 -1.08042e+12 8.46533e+11 3.39776e+10 8.85289 1.26448 -2.17343 1.37298e+12 9.20306
1.11456e+07 -1.08042e+12 8.46533e+11 3.39775e+10 8.853 1.26461 -2.17348 1.37298e+12 9.2032
1.1232e+07 -1.08042e+12 8.46533e+11 3.39774e+10 8.85311 1.26475 -2.17353 1.37298e+12 9.20334
1.13184e+07 -1.08042e+12 8.46533e+11 3.39773e+10 8.85322 1.26488 -2.17359 1.37298e+12 9.20347
1.14048e+07 -1.08042e+12 8.46533e+11 3.39772e+10 8.85333 1.26501 -2.17364 1.37298e+12 9.20361
1.14912e+07 -1.08042e+12 8.46533e+11 3.39771e+10 8.85344 1.26515 -2.1737 1.37298e+12 9.20375
1.15776e+07 -1.08042e+12 8.46533e+11 3.3977e+10 8.85355 1.26528 -2.17375 1.37298e+12 9.20388
1.1664e+07 -1.08042e+12 8.46533e+11 3.39769e+10 8.85366 1.26541 -2.17381 1.37298e+12 9.20402
1.17504e+07 -1.08042e+12 8.46533e+11 3.39768e+10 8.85377 1.26554 -2.17386 1.37298e+12 9.20416
1.18368e+07 -1.08042e+12 8.46533e+11 3.39767e+10 8.85388 1.26568 -2.17392 1.37298e+12 9.20429
1.19232e+07 -1.08041e+12 8.46533e+11 3.39766e+10 8.85399 1.26581 -2.17397 1.37298e+12 9.20443
1.20096e+07 -1.08041e+12 8.46534e+11 3.39765e+10 8.8541 1.26594 -2.17402 1.37298e+12 9.20457
1.2096e+07 -1.08041e+12 8.46534e+11 3.39765e+10 8.85421 1.26607 -2.17408 1.37298e+12 9.2047
1.21824e+07 -1.08041e+12 8.46534e+11 3.39764e+10 8.85432 1.26621 -2.17413 1.37298e+12 9.20484
1.22688e+07 -1.08041e+12 8.46534e+11 3.39763e+10 8.85443 1.26634 -2.17419 1.37298e+12 9.20498
1.23552e+07 -1.08041e+12 8.46534e+11 3.39762e+10 8.85454 1.26647 -2.17424 1.37298e+12 9.20511
1.24416e+07 -1.08041e+12 8.46534e+11 3.39761e+10 8.85465 1.26661 -2.1743 1.37298e+12 9.20525
1.2528e+07 -1.08041e+12 8.46534e+11 3.3976e+10 8.85476 1.26674 -2.17435 1.37298e+12 9.20539
1.26144e+07 -1.08041e+12 8.46534e+11 3.39759e+10 8.85487 1.26687 -2.17441 1.37298e+12 9.20552
1.27008e+07 -1.08041e+12 8.46534e+11 3.39758e+10 8.85498 1.267 -2.17446 1.37298e+12 9.20566
1.27872e+07 -1.08041e+12 8.46534e+11 3.39757e+10 8.85509 1.26714 -2.17451 1.37298e+12 9.2058
1.28736e+07 -1.08041e+12 8.46534e+11 3.39756e+10 8.8552 1.26727 -2.17457 1.37298e+12 9.20593
1.296e+07 -1.08041e+12 8.46534e+11 3.39755e+10 8.85531 1.2674 -2.17462 1.37298e+12 9.20607
1.30464e+07 -1.08041e+12 8.46534e+11 3.39754e+10 8.85542 1.26754 -2.17468 1.37297e+12 9.20621
1.31328e+07 -1.08041e+12 8.46534e+11 3.39753e+10 8.85552 1.26767 -2.17473 1.37297e+12 9.20634
1.32192e+07 -1.08041e+12 8.46534e+11 3.39752e+10 8.85563 1.2678 -2.17479 1.37297e+12 9.20648
1.33056e+07 -1.08041e+12 8.46534e+11 3.39751e+10 8.85574 1.26793 -2.17484 1.37297e+12 9.20662
1.3392e+07 -1.08041e+12 8.46534e+11 3.3975e+10 8.85585 1.26807 -2.1749 1.37297e+12 9.20675
1.34784e+07 -1.08041e+12 8.46534e+11 3.3975e+10 8.85596 1.2682 -2.17495 1.37297e+12 9.20689
1.35648e+07 -1.08041e+12 8.46534e+11 3.39749e+10 8.85607 1.26833 -2.17501 1.37297e+12 9.20703
1.36512e+07 -1.08041e+12 8.46535e+11 3.39748e+10 8.85618 1.26847 -2.17506 1.37297e+12 9.20716
1.37376e+07 -1.08041e+12 8.46535e+11 3.39747e+10 8.85629 1.2686 -2.17511 1.37297e+12 9.2073
1.3824e+07 -1.08041e+12 8.46535e+11 3.39746e+10 8.8564 1.26873 -2.17517 1.37297e+12 9.20744
1.39104e+07 -1.08041e+12 8.46535e+11 3.39745e+10 8.85651 1.26887 -2.17522 1.37297e+12 9.20758
1.39968e+07 -1.08041e+12 8.46535e+11 3.39744e+10 8.85662 1.269 -2.17528 1.37297e+12 9.20771
1.40832e+07 -1.08041e+12 8.46535e+11 3.39743e+10 8.85673 1.26913 -2.17533 1.37297e+12 9.20785
1.41696e+07 -1.0804e+12 8.46535e+11 3.39742e+10 8.85684 1.26926 -2.17539 1.37297e+12 9.20799
1.4256e+07 -1.0804e+12 8.46535e+11 3.39741e+10 8.85695 1.2694 -2.17544 1.37297e+12 9.20812
1.43424e+07 -1.0804e+12 8.46535e+11 3.3974e+10 8.85706 1.26953 -2.1755 1.37297e+12 9.20826
1.44288e+07 -1.0804e+12 8.46535e+11 3.39739e+10 8.85717 1.26966 -2.17555 1.37297e+12 9.2084
1.45152e+07 -1.0804e+12 8.46535e+11 3.39738e+10 8.85728 1.2698 -2.1756 1.37297e+12 9.20853
1.46016e+07 -1.0804e+12 8.46535e+11 3.39737e+10 8.85739 1.26993 -2.17566 1.37297e+12 9.20867
1.4688e+07 -1.0804e+12 8.46535e+11 3.39736e+10 8.8575 1.27006 -2.17571 1.37297e+12 9.20881
1.47744e+07 -1.0804e+12 8.46535e+11 3.39735e+10 8.85761 1.2702 -2.17577 1.37297e+12 9.20895
1.48608e+07 -1.0804e+12 8.46535e+11 3.39734e+10 8.85772 1.27033 -2.17582 1.37297e+12 9.20908
1.49472e+07 -1.0804e+12 8.46535e+11 3.39734e+10 8.85783 1.27046 -2.17588 1.37297e+12 9.20922
1.50336e+07 -1.0804e+12 8.46535e+11 3.39733e+10 8.85794 1.2706 -2.17593 1.37297e+12 9.20936
1.512e+07 -1.0804e+12 8.46535e+11 3.39732e+10 8.85805 1.27073 -2.17599 1.37297e+12 9.20949
1.52064e+07 -1.0804e+12 8.46536e+11 3.39731e+10 8.85816 1.27086 -2.17604 1.37297e+12 9.20963
1.52928e+07 -1.0804e+12 8.46536e+11 3.3973e+10 8.85827 1.27099 -2.1761 1.37297e+12 9.20977
1.53792e+07 -1.0804e+12 8.46536e+11 3.39729e+10 8.85838 1.27113 -2.17615 1.37297e+12 9.2099
1.54656e+07 -1.0804e+12 8.46536e+11 3.39728e+10 8.85849 1.27126 -2.17621 1.37297e+12 9.21004
1.5552e+07 -1.0804e+12 8.46536e+11 3.39727e+10 8.8586 1.27139 -2.17626 1.37297e+12 9.21018
1.56384e+07 -1.0804e+12 8.46536e+11 3.39726e+10 8.85871 1.27153 -2.17631 1.37297e+12 9.21032
1.57248e+07 -1.0804e+12 8.46536e+11 3.39725e+10 8.85882 1.27166 -2.17637 1.37297e+12 9.21045
1.58112e+07 -1.0804e+12 8.46536e+11 3.39724e+10 8.85893 1.27179 -2.17642 1.37297e+12 9.21059
1.58976e+07 -1.0804e+12 8.46536e+11 3.39723e+10 8.85904 1.27193 -2.17648 1.37297e+12 9.21073
1.5984e+07 -1.0804e+12 8.46536e+11 3.39722e+10 8.85915 1.27206 -2.17653 1.37297e+12 9.21086
1.60704e+07 -1.0804e+12 8.46536e+11 3.39721e+10 8.85926 1.27219 -2.17659 1.37297e+12 9.211
1.61568e+07 -1.0804e+12 8.46536e+11 3.3972e+10 8.85937 1.27233 -2.17664 1.37297e+12 9.21114
1.62432e+07 -1.0804e+12 8.46536e+11 3.39719e+10 8.85948 1.27246 -2.1767 1.37296e+12 9.21128
1.63296e+07 -1.0804e+12 8.46536e+11 3.39719e+10 8.85959 1.27259 -2.17675 1.37296e+12 9.21141
1.6416e+07 -1.08039e+12 8.46536e+11 3.39718e+10 8.8597 1.27273 -2.17681 1.37296e+12 9.21155
1.65024e+07 -1.08039e+12 8.46536e+11 3.39717e+10 8.85981 1.27286 -2.17686 1.37296e+12 9.21169
1.65888e+07 -1.08039e+12 8.46536e+11 3.39716e+10 8.85992 1.27299 -2.17691 1.37296e+12 9.21182
1.66752e+07 -1.08039e+12 8.46536e+11 3.39715e+10 8.86003 1.27313 -2.17697 1.37296e+12 9.21196
1.67616e+07 -1.08039e+12 8.46537e+11 3.39714e+10 8.86014 1.27326 -2.17702 1.37296e+12 9.2121
1.6848e+07 -1.08039e+12 8.46537e+11 3.39713e+10 8.86025 1.27339 -2.17708 1.37296e+12 9.21224
1.69344e+07 -1.08039e+12 8.46537e+11 3.39712e+10 8.86036 1.27353 -2.17713 1.37296e+12 9.21237
1.70208e+07 -1.08039e+12 8.46537e+11 3.39711e+10 8.86047 1.27366 -2.17719 1.37296e+12 9.21251
1.71072e+07 -1.08039e+12 8.46537e+11 3.3971e+10 8.86058 1.27379 -2.17724 1.37296e+12 9.21265
1.71936e+07 -1.08039e+12 8.46537e+11 3.39709e+10 8.86069 1.27393 -2.1773 1.37296e+12 9.21279
1.728e+07 -1.08039e+12 8.46537e+11 3.39708e+10 8.8608 1.27406 -2.17735 1.37296e+12 9.21292
1.73664e+07 -1.08039e+12 8.46537e+11 3.39707e+10 8.86091 1.27419 -2.17741 1.37296e+12 9.21306
1.74528e+07 -1.08039e+12 8.46537e+11 3.39706e+10 8.86103 1.27433 -2.17746 1.37296e+12 9.2132
1.75392e+07 -1.08039e+12 8.46537e+11 3.39705e+10 8.86114 1.27446 -2.17752 1.37296e+12 9.21334
1.76256e+07 -1.08039e+12 8.46537e+11 3.39704e+10 8.86125 1.27459 -2.17757 1.37296e+12 9.21347
1.7712e+07 -1.08039e+12 8.46537e+11 3.39704e+10 8.86136 1.27473 -2.17763 1.37296e+12 9.21361
1.77984e+07 -1.08039e+12 8.46537e+11 3.39703e+10 8.86147 1.27486 -2.17768 1.37296e+12 9.21375
1.78848e+07 -1.08039e+12 8.46537e+11 3.39702e+10 8.86158 1.27499 -2.17773 1.37296e+12 9.21388
1.79712e+07 -1.08039e+12 8.46537e+11 3.39701e+10 8.86169 1.27513 -2.17779 1.37296e+12 9.21402
1.80576e+07 -1.08039e+12 8.46537e+11 3.397e+10 8.8618 1.27526 -2.17784 1.37296e+12 9.21416
1.8144e+07 -1.08039e+12 8.46537e+11 3.39699e+10 8.86191 1.27539 -2.1779 1.37296e+12 9.2143
1.82304e+07 -1.08039e+12 8.46537e+11 3.39698e+10 8.86202 1.27553 -2.17795 1.37296e+12 9.21443
1.83168e+07 -1.08039e+12 8.46538e+11 3.39697e+10 8.86213 1.27566 -2.17801 1.37296e+12 9.21457
1.84032e+07 -1.08039e+12 8.46538e+11 3.39696e+10 8.86224 1.27579 -2.17806 1.37296e+12 9.21471
1.84896e+07 -1.08039e+12 8.46538e+11 3.39695e+10 8.86235 1.27593 -2.17812 1.37296e+12 9.21485
1.8576e+07 -1.08039e+12 8.46538e+11 3.39694e+10 8.86246 1.27606 -2.17817 1.37296e+12 9.21498
1.86624e+07 -1.08038e+12 8.46538e+11 3.39693e+10 8.86257 1.27619 -2.17823 1.37296e+12 9.21512
1.87488e+07 -1.08038e+12 8.46538e+11 3.39692e+10 8.86268 1.27633 -2.17828 1.37296e+12 9.21526
1.88352e+07 -1.08038e+12 8.46538e+11 3.39691e+10 8.86279 1.27646 -2.17834 1.37296e+12 9.2154
1.89216e+07 -1.08038e+12 8.46538e+11 3.3969e+10 8.8629 1.27659 -2.17839 1.37296e+12 9.21553
1.9008e+07 -1.08038e+12 8.46538e+11 3.39689e+10 8.86301 1.27673 -2.17845 1.37296e+12 9.21567
1.90944e+07 -1.08038e+12 8.46538e+11 3.39688e+10 8.86312 1.27686 -2.1785 1.37296e+12 9.21581
1.91808e+07 -1.08038e+12 8.46538e+11 3.39688e+10 8.86323 1.27699 -2.17856 1.37296e+12 9.21595
1.92672e+07 -1.08038e+12 8.46538e+11 3.39687e+10 8.86334 1.27713 -2.17861 1.37296e+12 9.21608
1.93536e+07 -1.08038e+12 8.46538e+11 3.39686e+10 8.86345 1.27726 -2.17867 1.37296e+12 9.21622
1.944e+07 -1.08038e+12 8.46538e+11 3.39685e+10 8.86356 1.2774 -2.17872 1.37295e+12 9.21636
1.95264e+07 -1.08038e+12 8.46538e+11 3.39684e+10 8.86367 1.27753 -2.17877 1.37295e+12 9.2165
1.96128e+07 -1.08038e+12 8.46538e+11 3.39683e+10 8.86378 1.27766 -2.17883 1.37295e+12 9.21663
1.96992e+07 -1.08038e+12 8.46538e+11 3.39682e+10 8.86389 1.2778 -2.17888 1.37295e+12 9.21677
1.97856e+07 -1.08038e+12 8.46538e+11 3.39681e+10 8.864 1.27793 -2.17894 1.37295e+12 9.21691
1.9872e+07 -1.08038e+12 8.46539e+11 3.3968e+10 8.86411 1.27806 -2.17899 1.37295e+12 9.21705
1.99584e+07 -1.08038e+12 8.46539e+11 3.39679e+10 8.86422 1.2782 -2.17905 1.37295e+12 9.21719
2.00448e+07 -1.08038e+12 8.46539e+11 3.39678e+10 8.86433 1.27833 -2.1791 1.37295e+12 9.21732
2.01312e+07 -1.08038e+12 8.46539e+11 3.39677e+10 8.86444 1.27846 -2.17916 1.37295e+12 9.21746
2.02176e+07 -1.08038e+12 8.46539e+11 3.39676e+10 8.86455 1.2786 -2.17921 1.37295e+12 9.2176
2.0304e+07 -1.08038e+12 8.46539e+11 3.39675e+10 8.86467 1.27873 -2.17927 1.37295e+12 9.21774
2.03904e+07 -1.08038e+12 8.46539e+11 3.39674e+10 8.86478 1.27887 -2.17932 1.37295e+12 9.21787
2.04768e+07 -1.08038e+12 8.46539e+11 3.39673e+10 8.86489 1.279 -2.17938 1.37295e+12 9.21801
2.05632e+07 -1.08038e+12 8.46539e+11 3.39672e+10 8.865 1.27913 -2.17943 1.37295e+12 9.21815
2.06496e+07 -1.08038e+12 8.46539e+11 3.39672e+10 8.86511 1.27927 -2.17949 1.37295e+12 9.21829
2.0736e+07 -1.08038e+12 8.46539e+11 3.39671e+10 8.86522 1.2794 -2.17954 1.37295e+12 9.21842
2.08224e+07 -1.08038e+12 8.46539e+11 3.3967e+10 8.86533 1.27953 -2.1796 1.37295e+12 9.21856
2.09088e+07 -1.08038e+12 8.46539e+11 3.39669e+10 8.86544 1.27967 -2.17965 1.37295e+12 9.2187
2.09952e+07 -1.08037e+12 8.46539e+11 3.39668e+10 8.86555 1.2798 -2.17971 1.37295e+12 9.21884
2.10816e+07 -1.08037e+12 8.46539e+11 3.39667e+10 8.86566 1.27994 -2.17976 1.37295e+12 9.21898
2.1168e+07 -1.08037e+12 8.46539e+11 3.39666e+10 8.86577 1.28007 -2.17982 1.37295e+12 9.21911
2.12544e+07 -1.08037e+12 8.46539e+11 3.39665e+10 8.86588 1.2802 -2.17987 1.37295e+12 9.21925
2.13408e+07 -1.08037e+12 8.46539e+11 3.39664e+10 8.86599 1.28034 -2.17993 1.37295e+12 9.21939
2.14272e+07 -1.08037e+12 8.46539e+11 3.39663e+10 8.8661 1.28047 -2.17998 1.37295e+12 9.21953
2.15136e+07 -1.08037e+12 8.4654e+11 3.39662e+10 8.86621 1.2806 -2.18003 1.37295e+12 9.21966
2.16e+07 -1.08037e+12 8.4654e+11 3.39661e+10 8.86632 1.28074 -2.18009 1.37295e+12 9.2198
2.16864e+07 -1.08037e+12 8.4654e+11 3.3966e+10 8.86643 1.28087 -2.18014 1.37295e+12 9.21994
2.17728e+07 -1.08037e+12 8.4654e+11 3.39659e+10 8.86654 1.28101 -2.1802 1.37295e+12 9.22008
2.18592e+07 -1.08037e+12 8.4654e+11 3.39658e+10 8.86665 1.28114 -2.18025 1.37295e+12 9.22022
2.19456e+07 -1.08037e+12 8.4654e+11 3.39657e+10 8.86676 1.28127 -2.18031 1.37295e+12 9.22035
2.2032e+07 -1.08037e+12 8.4654e+11 3.39656e+10 8.86688 1.28141 -2.18036 1.37295e+12 9.22049
2.21184e+07 -1.08037e+12 8.4654e+11 3.39656e+10 8.86699 1.28154 -2.18042 1.37295e+12 9.22063
2.22048e+07 -1.08037e+12 8.4654e+11 3.39655e+10 8.8671 1.28167 -2.18047 1.37295e+12 9.22077
2.22912e+07 -1.08037e+12 8.4654e+11 3.39654e+10 8.86721 1.28181 -2.18053 1.37295e+12 9.22091
2.23776e+07 -1.08037e+12 8.4654e+11 3.39653e+10 8.86732 1.28194 -2.18058 1.37295e+12 9.22104
2.2464e+07 -1.08037e+12 8.4654e+11 3.39652e+10 8.86743 1.28208 -2.18064 1.37295e+12 9.22118
2.25504e+07 -1.08037e+12 8.4654e+11 3.39651e+10 8.86754 1.28221 -2.18069 1.37295e+12 9.22132
2.26368e+07 -1.08037e+12 8.4654e+11 3.3965e+10 8.86765 1.28234 -2.18075 1.37294e+12 9.22146
2.27232e+07 -1.08037e+12 8.4654e+11 3.39649e+10 8.86776 1.28248 -2.1808 1.37294e+12 9.2216
2.28096e+07 -1.08037e+12 8.4654e+11 3.39648e+10 8.86787 1.28261 -2.18086 1.37294e+12 9.22173
2.2896e+07 -1.08037e+12 8.4654e+11 3.39647e+10 8.86798 1.28275 -2.18091 1.37294e+12 9.22187
2.29824e+07 -1.08037e+12 8.4654e+11 3.39646e+10 8.86809 1.28288 -2.18097 1.37294e+12 9.22201
2.30688e+07 -1.08037e+12 8.46541e+11 3.39645e+10 8.8682 1.28301 -2.18102 1.37294e+12 9.22215
2.31552e+07 -1.08037e+12 8.46541e+11 3.39644e+10 8.86831 1.28315 -2.18108 1.37294e+12 9.22229
2.32416e+07 -1.08036e+12 8.46541e+11 3.39643e+10 8.86842 1.28328 -2.18113 1.37294e+12 9.22242
2.3328e+07 -1.08036e+12 8.46541e+11 3.39642e+10 8.86853 1.28342 -2.18119 1.37294e+12 9.22256
2.34144e+07 -1.08036e+12 8.46541e+11 3.39641e+10 8.86865 1.28355 -2.18124 1.37294e+12 9.2227
2.35008e+07 -1.08036e+12 8.46541e+11 3.3964e+10 8.86876 1.28368 -2.1813 1.37294e+12 9.22284
2.35872e+07 -1.08036e+12 8.46541e+11 3.3964e+10 8.86887 1.28382 -2.18135 1.37294e+12 9.22298
2.36736e+07 -1.08036e+12 8.46541e+11 3.39639e+10 8.86898 1.28395 -2.18141 1.37294e+12 9.22311
2.376e+07 -1.08036e+12 8.46541e+11 3.39638e+10 8.86909 1.28409 -2.18146 1.37294e+12 9.22325
2.38464e+07 -1.08036e+12 8.46541e+11 3.39637e+10 8.8692 1.28422 -2.18152 1.37294e+12 9.22339
2.39328e+07 -1.08036e+12 8.46541e+11 3.39636e+10 8.86931 1.28435 -2.18157 1.37294e+12 9.22353
2.40192e+07 -1.08036e+12 8.46541e+11 3.39635e+10 8.86942 1.28449 -2.18163 1.37294e+12 9.22367
2.41056e+07 -1.08036e+12 8.46541e+11 3.39634e+10 8.86953 1.28462 -2.18168 1.37294e+12 9.2238
2.4192e+07 -1.08036e+12 8.46541e+11 3.39633e+10 8.86964 1.28476 -2.18174 1.37294e+12 9.22394
2.42784e+07 -1.08036e+12 8.46541e+11 3.39632e+10 8.86974 1.28489 -2.18179 1.37294e+12 9.22407
2.43648e+07 -1.08036e+12 8.46541e+11 3.39631e+10 8.86982 1.28504 -2.18185 1.37294e+12 9.22418
2.44512e+07 -1.08036e+12 8.46541e+11 3.3963e+10 8.86993 1.28518 -2.1819 1.37294e+12 9.22432
2.45376e+07 -1.08036e+12 8.46541e+11 3.39629e+10 8.87004 1.28531 -2.18196 1.37294e+12 9.22446
2.4624e+07 -1.08036e+12 8.46542e+11 3.39628e+10 8.87015 1.28544 -2.18201 1.37294e+12 9.22459
2.47104e+07 -1.08036e+12 8.46542e+11 3.39627e+10 8.87026 1.28558 -2.18207 1.37294e+12 9.22473
2.47968e+07 -1.08036e+12 8.46542e+11 3.39626e+10 8.87037 1.28571 -2.18212 1.37294e+12 9.22487
2.48832e+07 -1.08036e+12 8.46542e+11 3.39625e+10 8.87048 1.28585 -2.18218 1.37294e+12 9.22501
2.49696e+07 -1.08036e+12 8.46542e+11 3.39624e+10 8.87059 1.28598 -2.18223 1.37294e+12 9.22515
2.5056e+07 -1.08036e+12 8.46542e+11 3.39624e+10 8.87071 1.28612 -2.18229 1.37294e+12 9.22529
2.51424e+07 -1.08036e+12 8.46542e+11 3.39623e+10 8.87082 1.28625 -2.18234 1.37294e+12 9.22542
2.52288e+07 -1.08036e+12 8.46542e+11 3.39622e+10 8.87093 1.28638 -2.1824 1.37294e+12 9.22556
2.53152e+07 -1.08036e+12 8.46542e+11 3.39621e+10 8.87104 1.28652 -2.18245 1.37294e+12 9.2257
2.54016e+07 -1.08036e+12 8.46542e+11 3.3962e+10 8.87115 1.28665 -2.18251 1.37294e+12 9.22584
2.5488e+07 -1.08035e+12 8.46542e+11 3.39619e+10 8.87126 1.28679 -2.18256 1.37294e+12 9.22598
2.55744e+07 -1.08035e+12 8.46542e+11 3.39618e+10 8.87137 1.28692 -2.18262 1.37294e+12 9.22612
2.56608e+07 -1.08035e+12 8.46542e+11 3.39617e+10 8.87148 1.28706 -2.18267 1.37294e+12 9.22625
2.57472e+07 -1.08035e+12 8.46542e+11 3.39616e+10 8.87159 1.28719 -2.18273 1.37294e+12 9.22639
2.58336e+07 -1.08035e+12 8.46542e+11 3.39615e+10 8.8717 1.28732 -2.18278 1.37293e+12 9.22653
2.592e+07 -1.08035e+12 8.46542e+11 3.39614e+10 8.87181 1.28746 -2.18284 1.37293e+12 9.22667
2.60064e+07 -1.08035e+12 8.46542e+11 3.39613e+10 8.87193 1.28759 -2.18289 1.37293e+12 9.22681
2.60928e+07 -1.08035e+12 8.46542e+11 3.39612e+10 8.87204 1.28773 -2.18295 1.37293e+12 9.22695
2.61792e+07 -1.08035e+12 8.46543e+11 3.39611e+10 8.87215 1.28786 -2.183 1.37293e+12 9.22708
2.62656e+07 -1.08035e+12 8.46543e+11 3.3961e+10 8.87226 1.28799 -2.18306 1.37293e+12 9.22722
2.6352e+07 -1.08035e+12 8.46543e+11 3.39609e+10 8.87237 1.28813 -2.18311 1.37293e+12 9.22736
2.64384e+07 -1.08035e+12 8.46543e+11 3.39608e+10 8.87248 1.28826 -2.18317 1.37293e+12 9.2275
2.65248e+07 -1.08035e+12 8.46543e+11 3.39608e+10 8.87259 1.2884 -2.18322 1.37293e+12 9.22764
2.66112e+07 -1.08035e+12 8.46543e+11 3.39607e+10 8.8727 1.28853 -2.18328 1.37293e+12 9.22778
2.66976e+07 -1.08035e+12 8.46543e+11 3.39606e+10 8.87281 1.28867 -2.18333 1.37293e+12 9.22791
2.6784e+07 -1.08035e+12 8.46543e+11 3.39605e+10 8.87292 1.2888 -2.18339 1.37293e+12 9.22805
2.68704e+07 -1.08035e+12 8.46543e+11 3.39604e+10 8.87303 1.28894 -2.18344 1.37293e+12 9.22819
2.69568e+07 -1.08035e+12 8.46543e+11 3.39603e+10 8.87315 1.28907 -2.1835 1.37293e+12 9.22833
2.70432e+07 -1.08035e+12 8.46543e+11 3.39602e+10 8.87326 1.2892 -2.18355 1.37293e+12 9.22847
2.71296e+07 -1.08035e+12 8.46543e+11 3.39601e+10 8.87337 1.28934 -2.18361 1.37293e+12 9.22861
2.7216e+07 -1.08035e+12 8.46543e+11 3.396e+10 8.87348 1.28947 -2.18366 1.37293e+12 9.22875
2.73024e+07 -1.08035e+12 8.46543e+11 3.39599e+10 8.87359 1.28961 -2.18372 1.37293e+12 9.22888
2.73888e+07 -1.08035e+12 8.46543e+11 3.39598e+10 8.8737 1.28974 -2.18377 1.37293e+12 9.22902
2.74752e+07 -1.08035e+12 8.46543e+11 3.39597e+10 8.87381 1.28988 -2.18383 1.37293e+12 9.22916
2.75616e+07 -1.08035e+12 8.46543e+11 3.39596e+10 8.87392 1.29001 -2.18388 1.37293e+12 9.2293
2.7648e+07 -1.08035e+12 8.46543e+11 3.39595e+10 8.87403 1.29014 -2.18394 1.37293e+12 9.22944
2.77344e+07 -1.08034e+12 8.46544e+11 3.39594e+10 8.87414 1.29028 -2.18399 1.37293e+12 9.22958
2.78208e+07 -1.08034e+12 8.46544e+11 3.39593e+10 8.87426 1.29041 -2.18405 1.37293e+12 9.22972
2.79072e+07 -1.08034e+12 8.46544e+11 3.39592e+10 8.87437 1.29055 -2.1841 1.37293e+12 9.22985
2.79936e+07 -1.08034e+12 8.46544e+11 3.39592e+10 8.87448 1.29068 -2.18416 1.37293e+12 9.22999
2.808e+07 -1.08034e+12 8.46544e+11 3.39591e+10 8.87459 1.29082 -2.18421 1.37293e+12 9.23013
2.81664e+07 -1.08034e+12 8.46544e+11 3.3959e+10 8.8747 1.29095 -2.18427 1.37293e+12 9.23027
2.82528e+07 -1.08034e+12 8.46544e+11 3.39589e+10 8.87481 1.29109 -2.18432 1.37293e+12 9.23041
2.83392e+07 -1.08034e+12 8.46544e+11 3.39588e+10 8.87492 1.29122 -2.18438 1.37293e+12 9.23055
2.84256e+07 -1.08034e+12 8.46544e+11 3.39587e+10 8.87503 1.29136 -2.18444 1.37293e+12 9.23069
2.8512e+07 -1.08034e+12 8.46544e+11 3.39586e+10 8.87514 1.29149 -2.18449 1.37293e+12 9.23083
2.85984e+07 -1.08034e+12 8.46544e+11 3.39585e+10 8.87526 1.29162 -2.18455 1.37293e+12 9.23096
2.86848e+07 -1.08034e+12 8.46544e+11 3.39584e+10 8.87537 1.29176 -2.1846 1.37293e+12 9.2311
2.87712e+07 -1.08034e+12 8.46544e+11 3.39583e+10 8.87548 1.29189 -2.18466 1.37293e+12 9.23124
2.88576e+07 -1.08034e+12 8.46544e+11 3.39582e+10 8.87559 1.29203 -2.18471 1.37293e+12 9.23138
2.8944e+07 -1.08034e+12 8.46544e+11 3.39581e+10 8.8757 1.29216 -2.18477 1.37293e+12 9.23152
2.90304e+07 -1.08034e+12 8.46544e+11 3.3958e+10 8.87581 1.2923 -2.18482 1.37292e+12 9.23166
2.91168e+07 -1.08034e+12 8.46544e+11 3.39579e+10 8.87592 1.29243 -2.18488 1.37292e+12 9.2318
2.92032e+07 -1.08034e+12 8.46544e+11 3.39578e+10 8.87603 1.29257 -2.18493 1.37292e+12 9.23194
2.92896e+07 -1.08034e+12 8.46545e+11 3.39577e+10 8.87615 1.2927 -2.18499 1.37292e+12 9.23207
2.9376e+07 -1.08034e+12 8.46545e+11 3.39576e+10 8.87626 1.29284 -2.18504 1.37292e+12 9.23221
2.94624e+07 -1.08034e+12 8.46545e+11 3.39575e+10 8.87637 1.29297 -2.1851 1.37292e+12 9.23235
2.95488e+07 -1.08034e+12 8.46545e+11 3.39575e+10 8.87648 1.2931 -2.18515 1.37292e+12 9.23249
2.96352e+07 -1.08034e+12 8.46545e+11 3.39574e+10 8.87659 1.29324 -2.18521 1.37292e+12 9.23263
2.97216e+07 -1.08034e+12 8.46545e+11 3.39573e+10 8.8767 1.29337 -2.18526 1.37292e+12 9.23277
2.9808e+07 -1.08034e+12 8.46545e+11 3.39572e+10 8.87681 1.29351 -2.18532 1.37292e+12 9.23291
2.98944e+07 -1.08034e+12 8.46545e+11 3.39571e+10 8.87692 1.29364 -2.18537 1.37292e+12 9.23305
2.99808e+07 -1.08033e+12 8.46545e+11 3.3957e+10 8.87703 1.29378 -2.18543 1.37292e+12 9.23318
3.00672e+07 -1.08033e+12 8.46545e+11 3.39569e+10 8.87715 1.29391 -2.18548 1.37292e+12 9.23332
3.01536e+07 -1.08033e+12 8.46545e+11 3.39568e+10 8.87726 1.29405 -2.18554 1.37292e+12 9.23346
3.024e+07 -1.08033e+12 8.46545e+11 3.39567e+10 8.87737 1.29418 -2.18559 1.37292e+12 9.2336
3.03264e+07 -1.08033e+12 8.46545e+11 3.39566e+10 8.87748 1.29432 -2.18565 1.37292e+12 9.23374
3.04128e+07 -1.08033e+12 8.46545e+11 3.39565e+10 8.87759 1.29445 -2.1857 1.37292e+12 9.23388
3.04992e+07 -1.08033e+12 8.46545e+11 3.39564e+10 8.8777 1.29459 -2.18576 1.37292e+12 9.23402
3.05856e+07 -1.08033e+12 8.46545e+11 3.39563e+10 8.87781 1.29472 -2.18581 1.37292e+12 9.23416
3.0672e+07 -1.08033e+12 8.46545e+11 3.39562e+10 8.87792 1.29486 -2.18587 1.37292e+12 9.2343
3.07584e+07 -1.08033e+12 8.46545e+11 3.39561e+10 8.87804 1.29499 -2.18593 1.37292e+12 9.23444
3.08448e+07 -1.08033e+12 8.46546e+11 3.3956e+10 8.87815 1.29513 -2.18598 1.37292e+12 9.23457
3.09312e+07 -1.08033e+12 8.46546e+11 3.39559e+10 8.87826 1.29526 -2.18604 1.37292e+12 9.23471
3.10176e+07 -1.08033e+12 8.46546e+11 3.39559e+10 8.87837 1.29539 -2.18609 1.37292e+12 9.23485
3.1104e+07 -1.08033e+12 8.46546e+11 3.39558e+10 8.87848 1.29553 -2.18615 1.37292e+12 9.23499
3.11904e+07 -1.08033e+12 8.46546e+11 3.39557e+10 8.87859 1.29566 -2.1862 1.37292e+12 9.23513
3.12768e+07 -1.08033e+12 8.46546e+11 3.39556e+10 8.8787 1.2958 -2.18626 1.37292e+12 9.23527
3.13632e+07 -1.08033e+12 8.46546e+11 3.39555e+10 8.87882 1.29593 -2.18631 1.37292e+12 9.23541
3.14496e+07 -1.08033e+12 8.46546e+11 3.39554e+10 8.87893 1.29607 -2.18637 1.37292e+12 9.23555
