0 -2.08268e+12 -1.84261e+12 2.0181e+10 4461.76 -5418.6 -77.7943 2.78086e+12 7019.59
86400 -2.08229e+12 -1.84308e+12 2.01742e+10 4462.98 -5417.67 -78.0345 2.78088e+12 7019.64
172800 -2.08236e+12 -1.84304e+12 2.03415e+10 -1410.72 990.947 3547.99 2.7809e+12 3944.66
259200 -2.08236e+12 -1.84304e+12 2.03428e+10 -5.43341 5.31038 14.7769 2.7809e+12 16.6156
345600 -2.08236e+12 -1.84304e+12 2.0343e+10 8.008 0.291235 7.32935 2.7809e+12 10.8597
432000 -2.08236e+12 -1.84304e+12 2.03429e+10 2.42721 0.443348 -1.54497 2.7809e+12 2.91116
518400 -2.08236e+12 -1.84304e+12 2.03429e+10 1.11365 0.986964 -0.00987698 2.7809e+12 1.48809
604800 -2.08236e+12 -1.84304e+12 2.03429e+10 1.1097 0.988599 -0.00525926 2.7809e+12 1.4862
691200 -2.08236e+12 -1.84304e+12 2.03429e+10 1.10964 0.988626 -0.0051827 2.7809e+12 1.48617
777600 -2.08236e+12 -1.84304e+12 2.03429e+10 1.10958 0.988649 -0.00511793 2.7809e+12 1.48614
864000 -2.08236e+12 -1.84304e+12 2.03429e+10 1.10953 0.988672 -0.00505141 2.7809e+12 1.48612
950400 -2.08236e+12 -1.84304e+12 2.03429e+10 1.10947 0.988696 -0.00498304 2.7809e+12 1.48609
1.0368e+06 -2.08236e+12 -1.84304e+12 2.03429e+10 1.10941 0.98872 -0.00491272 2.7809e+12 1.48606
1.1232e+06 -2.08236e+12 -1.84304e+12 2.03429e+10 1.10935 0.988745 -0.00484037 2.7809e+12 1.48604
1.2096e+06 -2.08235e+12 -1.84304e+12 2.03429e+10 1.10929 0.988771 -0.0047659 2.7809e+12 1.48601
1.296e+06 -2.08235e+12 -1.84304e+12 2.03429e+10 1.10923 0.988798 -0.00468919 2.7809e+12 1.48598
1.3824e+06 -2.08235e+12 -1.84304e+12 2.03429e+10 1.10916 0.988826 -0.00461014 2.7809e+12 1.48595
1.4688e+06 -2.08235e+12 -1.84304e+12 2.03429e+10 1.10909 0.988854 -0.00452864 2.7809e+12 1.48591
1.5552e+06 -2.08235e+12 -1.84304e+12 2.03429e+10 1.10902 0.988883 -0.00444456 2.7809e+12 1.48588
1.6416e+06 -2.08235e+12 -1.84304e+12 2.03429e+10 1.10895 0.988914 -0.00435776 2.7809e+12 1.48585
1.728e+06 -2.08235e+12 -1.84304e+12 2.03429e+10 1.10888 0.988945 -0.00426812 2.7809e+12 1.48581
1.8144e+06 -2.08235e+12 -1.84304e+12 2.03429e+10 1.1088 0.988977 -0.00417546 2.7809e+12 1.48578
1.9008e+06 -2.08235e+12 -1.84304e+12 2.03429e+10 1.10872 0.98901 -0.00407964 2.7809e+12 1.48574
1.9872e+06 -2.08235e+12 -1.84304e+12 2.03429e+10 1.10864 0.989045 -0.00398046 2.7809e+12 1.4857
2.0736e+06 -2.08235e+12 -1.84304e+12 2.03429e+10 1.10855 0.989081 -0.00387775 2.7809e+12 1.48566
2.16e+06 -2.08235e+12 -1.84304e+12 2.03429e+10 1.10846 0.989118 -0.00377129 2.7809e+12 1.48562
2.2464e+06 -2.08235e+12 -1.84304e+12 2.03429e+10 1.10837 0.989156 -0.00366086 2.7809e+12 1.48557
2.3328e+06 -2.08235e+12 -1.84304e+12 2.03429e+10 1.10828 0.989196 -0.00354622 2.7809e+12 1.48553
2.4192e+06 -2.08235e+12 -1.84304e+12 2.03429e+10 1.10818 0.989238 -0.00342711 2.7809e+12 1.48548
2.5056e+06 -2.08235e+12 -1.84304e+12 2.03429e+10 1.10808 0.989281 -0.00330325 2.7809e+12 1.48544
2.592e+06 -2.08235e+12 -1.84304e+12 2.03429e+10 1.10797 0.989326 -0.00317431 2.7809e+12 1.48539
2.6784e+06 -2.08235e+12 -1.84304e+12 2.03429e+10 1.10786 0.989373 -0.00303997 2.7809e+12 1.48533
2.7648e+06 -2.08235e+12 -1.84304e+12 2.03429e+10 1.10774 0.989421 -0.00289985 2.7809e+12 1.48528
2.8512e+06 -2.08235e+12 -1.84304e+12 2.03429e+10 1.10762 0.989472 -0.00275354 2.7809e+12 1.48522
2.9376e+06 -2.08235e+12 -1.84304e+12 2.03429e+10 1.10749 0.989526 -0.0026006 2.7809e+12 1.48516
3.024e+06 -2.08235e+12 -1.84304e+12 2.03429e+10 1.10736 0.989581 -0.00244053 2.7809e+12 1.4851
3.1104e+06 -2.08235e+12 -1.84304e+12 2.03429e+10 1.10722 0.98964 -0.00227279 2.7809e+12 1.48503
3.1968e+06 -2.08235e+12 -1.84303e+12 2.03429e+10 1.10707 0.989701 -0.00209677 2.7809e+12 1.48497
3.2832e+06 -2.08235e+12 -1.84303e+12 2.03429e+10 1.10692 0.989765 -0.00191181 2.7809e+12 1.48489
3.3696e+06 -2.08235e+12 -1.84303e+12 2.03429e+10 1.10676 0.989833 -0.00171715 2.7809e+12 1.48482
3.456e+06 -2.08235e+12 -1.84303e+12 2.03429e+10 1.10659 0.989905 -0.00151195 2.7809e+12 1.48474
3.5424e+06 -2.08235e+12 -1.84303e+12 2.03429e+10 1.10641 0.98998 -0.00129528 2.7809e+12 1.48465
3.6288e+06 -2.08235e+12 -1.84303e+12 2.03429e+10 1.10622 0.99006 -0.00106608 2.7809e+12 1.48457
3.7152e+06 -2.08235e+12 -1.84303e+12 2.03429e+10 1.10602 0.990144 -0.000823143 2.7809e+12 1.48447
3.8016e+06 -2.08235e+12 -1.84303e+12 2.03429e+10 1.1058 0.990234 -0.000565116 2.7809e+12 1.48437
3.888e+06 -2.08235e+12 -1.84303e+12 2.03429e+10 1.10557 0.99033 -0.000290444 2.7809e+12 1.48427
3.9744e+06 -2.08235e+12 -1.84303e+12 2.03429e+10 1.10533 0.990432 2.65488e-06 2.7809e+12 1.48415
4.0608e+06 -2.08235e+12 -1.84303e+12 2.03429e+10 1.10507 0.990541 0.000316234 2.7809e+12 1.48403
4.1472e+06 -2.08235e+12 -1.84303e+12 2.03429e+10 1.10479 0.990658 0.000652674 2.7809e+12 1.4839
4.2336e+06 -2.08235e+12 -1.84303e+12 2.03429e+10 1.10449 0.990784 0.00101475 2.7809e+12 1.48376
4.32e+06 -2.08235e+12 -1.84303e+12 2.03429e+10 1.10416 0.99092 0.00140573 2.7809e+12 1.48361
4.4064e+06 -2.08235e+12 -1.84303e+12 2.03429e+10 1.10381 0.991067 0.00182948 2.7809e+12 1.48345
4.4928e+06 -2.08235e+12 -1.84303e+12 2.03429e+10 1.10343 0.991228 0.00229059 2.7809e+12 1.48327
4.5792e+06 -2.08235e+12 -1.84303e+12 2.03429e+10 1.10301 0.991403 0.00279462 2.7809e+12 1.48308
4.6656e+06 -2.08235e+12 -1.84303e+12 2.03429e+10 1.10255 0.991596 0.00334829 2.7809e+12 1.48287
4.752e+06 -2.08235e+12 -1.84303e+12 2.03429e+10 1.10204 0.991808 0.00395988 2.7809e+12 1.48263
4.8384e+06 -2.08235e+12 -1.84303e+12 2.03429e+10 1.10148 0.992045 0.00463968 2.7809e+12 1.48237
4.9248e+06 -2.08235e+12 -1.84303e+12 2.03429e+10 1.10085 0.992309 0.00540067 2.7809e+12 1.48208
5.0112e+06 -2.08235e+12 -1.84303e+12 2.03429e+10 1.10013 0.992608 0.00625943 2.7809e+12 1.48176
5.0976e+06 -2.08235e+12 -1.84303e+12 2.03429e+10 1.09932 0.992948 0.00723764 2.7809e+12 1.48139
5.184e+06 -2.08235e+12 -1.84303e+12 2.03429e+10 1.09839 0.99334 0.00836406 2.7809e+12 1.48096
5.2704e+06 -2.08235e+12 -1.84303e+12 2.03429e+10 1.0973 0.993797 0.00967795 2.7809e+12 1.48047
5.3568e+06 -2.08235e+12 -1.84303e+12 2.03429e+10 1.096 0.994338 0.0112343 2.7809e+12 1.47988
5.4432e+06 -2.08235e+12 -1.84303e+12 2.03429e+10 1.09444 0.994992 0.0131128 2.7809e+12 1.47918
5.5296e+06 -2.08235e+12 -1.84303e+12 2.03429e+10 1.09251 0.995799 0.0154342 2.7809e+12 1.47832
5.616e+06 -2.08235e+12 -1.84303e+12 2.03429e+10 1.09006 0.996827 0.0183908 2.7809e+12 1.47724
5.7024e+06 -2.08235e+12 -1.84303e+12 2.03429e+10 1.0868 0.998191 0.0223108 2.7809e+12 1.47581
5.7888e+06 -2.08235e+12 -1.84303e+12 2.03429e+10 1.08224 1.0001 0.0278093 2.7809e+12 1.47384
5.8752e+06 -2.08235e+12 -1.84303e+12 2.03429e+10 1.07527 1.00302 0.0362035 2.7809e+12 1.47091
5.9616e+06 -2.08235e+12 -1.84303e+12 2.03429e+10 1.06299 1.00816 0.0509877 2.7809e+12 1.46593
6.048e+06 -2.08235e+12 -1.84303e+12 2.03429e+10 1.03367 1.02044 0.0863005 2.7809e+12 1.45507
6.1344e+06 -2.08235e+12 -1.84303e+12 2.03429e+10 0.539712 1.22718 0.681014 2.7809e+12 1.50368
6.2208e+06 -2.08235e+12 -1.84303e+12 2.03429e+10 1.35348 0.886481 -0.298849 2.78089e+12 1.64531
6.3072e+06 -2.08235e+12 -1.84303e+12 2.03429e+10 1.08955 0.997042 0.0190074 2.78089e+12 1.47701
6.3936e+06 -2.08235e+12 -1.84303e+12 2.03429e+10 1.08514 0.998887 0.0243106 2.78089e+12 1.47509
6.48e+06 -2.08235e+12 -1.84303e+12 2.03429e+10 1.07978 1.00113 0.0307663 2.78089e+12 1.4728
6.5664e+06 -2.08235e+12 -1.84303e+12 2.03429e+10 1.0712 1.00473 0.0411068 2.78089e+12 1.46923
6.6528e+06 -2.08235e+12 -1.84303e+12 2.03429e+10 1.05461 1.01167 0.0610806 2.78089e+12 1.46267
6.7392e+06 -2.08235e+12 -1.84303e+12 2.03429e+10 1.00251 1.03349 0.123822 2.78089e+12 1.44515
6.8256e+06 -2.08235e+12 -1.84303e+12 2.0343e+10 -1.89286 2.24574 3.61019 2.78089e+12 4.65401
6.912e+06 -2.08235e+12 -1.84303e+12 2.0343e+10 1.10634 0.990011 -0.00121153 2.78089e+12 1.48462
6.9984e+06 -2.08235e+12 -1.84303e+12 2.0343e+10 1.11533 0.986246 -0.0120394 2.78089e+12 1.48889
7.0848e+06 -2.08235e+12 -1.84303e+12 2.0343e+10 1.11536 0.986234 -0.0120724 2.78089e+12 1.4889
7.1712e+06 -2.08235e+12 -1.84303e+12 2.0343e+10 1.11536 0.986234 -0.0120732 2.78089e+12 1.4889
7.2576e+06 -2.08235e+12 -1.84303e+12 2.0343e+10 1.11536 0.986234 -0.0120738 2.78089e+12 1.4889
7.344e+06 -2.08235e+12 -1.84303e+12 2.0343e+10 1.11536 0.986234 -0.0120744 2.78089e+12 1.4889
7.4304e+06 -2.08235e+12 -1.84303e+12 2.0343e+10 1.11536 0.986234 -0.012075 2.78089e+12 1.4889
7.5168e+06 -2.08235e+12 -1.84303e+12 2.0343e+10 1.11536 0.986234 -0.0120756 2.78089e+12 1.4889
7.6032e+06 -2.08235e+12 -1.84303e+12 2.0343e+10 1.11536 0.986234 -0.0120762 2.78089e+12 1.4889
7.6896e+06 -2.08235e+12 -1.84303e+12 2.0343e+10 1.11536 0.986233 -0.0120769 2.78089e+12 1.4889
7.776e+06 -2.08235e+12 -1.84303e+12 2.0343e+10 1.11536 0.986233 -0.0120775 2.78089e+12 1.4889
7.8624e+06 -2.08235e+12 -1.84303e+12 2.0343e+10 1.11536 0.986233 -0.0120781 2.78089e+12 1.4889
7.9488e+06 -2.08235e+12 -1.84303e+12 2.0343e+10 1.11536 0.986233 -0.0120787 2.78089e+12 1.4889
8.0352e+06 -2.08235e+12 -1.84303e+12 2.0343e+10 1.11536 0.986233 -0.0120794 2.78089e+12 1.4889
8.1216e+06 -2.08235e+12 -1.84303e+12 2.0343e+10 1.11536 0.986233 -0.01208 2.78089e+12 1.4889
8.208e+06 -2.08235e+12 -1.84303e+12 2.0343e+10 1.11536 0.986232 -0.0120806 2.78089e+12 1.4889
8.2944e+06 -2.08235e+12 -1.84303e+12 2.0343e+10 1.11536 0.986232 -0.0120812 2.78089e+12 1.4889
8.3808e+06 -2.08235e+12 -1.84303e+12 2.0343e+10 1.11536 0.986232 -0.0120819 2.78089e+12 1.4889
8.4672e+06 -2.08235e+12 -1.84303e+12 2.0343e+10 1.11537 0.986232 -0.0120825 2.78089e+12 1.48891
8.5536e+06 -2.08235e+12 -1.84303e+12 2.0343e+10 1.11537 0.986232 -0.0120831 2.78089e+12 1.48891
8.64e+06 -2.08235e+12 -1.84303e+12 2.0343e+10 1.11537 0.986232 -0.0120837 2.78089e+12 1.48891
8.7264e+06 -2.08235e+12 -1.84303e+12 2.0343e+10 1.11537 0.986231 -0.0120844 2.78089e+12 1.48891
8.8128e+06 -2.08235e+12 -1.84303e+12 2.0343e+10 1.11537 0.986231 -0.012085 2.78089e+12 1.48891
8.8992e+06 -2.08235e+12 -1.84303e+12 2.0343e+10 1.11537 0.986231 -0.0120856 2.78089e+12 1.48891
8.9856e+06 -2.08235e+12 -1.84303e+12 2.0343e+10 1.11537 0.986231 -0.0120863 2.78089e+12 1.48891
9.072e+06 -2.08235e+12 -1.84303e+12 2.0343e+10 1.11537 0.986231 -0.0120869 2.78089e+12 1.48891
9.1584e+06 -2.08235e+12 -1.84303e+12 2.0343e+10 1.11537 0.986231 -0.0120875 2.78089e+12 1.48891
9.2448e+06 -2.08235e+12 -1.84303e+12 2.0343e+10 1.11537 0.986231 -0.0120882 2.78089e+12 1.48891
9.3312e+06 -2.08235e+12 -1.84303e+12 2.0343e+10 1.11537 0.98623 -0.0120888 2.78089e+12 1.48891
9.4176e+06 -2.08235e+12 -1.84303e+12 2.0343e+10 1.11537 0.98623 -0.0120895 2.78089e+12 1.48891
9.504e+06 -2.08235e+12 -1.84303e+12 2.0343e+10 1.11537 0.98623 -0.0120901 2.78089e+12 1.48891
9.5904e+06 -2.08235e+12 -1.84303e+12 2.0343e+10 1.11537 0.98623 -0.0120907 2.78089e+12 1.48891
9.6768e+06 -2.08235e+12 -1.84303e+12 2.0343e+10 1.11537 0.98623 -0.0120914 2.78089e+12 1.48891
9.7632e+06 -2.08235e+12 -1.84303e+12 2.0343e+10 1.11537 0.98623 -0.012092 2.78089e+12 1.48891
9.8496e+06 -2.08235e+12 -1.84303e+12 2.0343e+10 1.11537 0.986229 -0.0120927 2.78089e+12 1.48891
9.936e+06 -2.08235e+12 -1.84303e+12 2.0343e+10 1.11537 0.986229 -0.0120933 2.78089e+12 1.48891
1.00224e+07 -2.08235e+12 -1.84303e+12 2.0343e+10 1.11537 0.986229 -0.012094 2.78089e+12 1.48891
1.01088e+07 -2.08235e+12 -1.84303e+12 2.0343e+10 1.11538 0.986229 -0.0120946 2.78089e+12 1.48891
1.01952e+07 -2.08235e+12 -1.84303e+12 2.0343e+10 1.11538 0.986229 -0.0120953 2.78089e+12 1.48891
1.02816e+07 -2.08235e+12 -1.84303e+12 2.0343e+10 1.11538 0.986229 -0.0120959 2.78089e+12 1.48891
1.0368e+07 -2.08235e+12 -1.84303e+12 2.0343e+10 1.11538 0.986228 -0.0120966 2.78089e+12 1.48891
1.04544e+07 -2.08235e+12 -1.84303e+12 2.0343e+10 1.11538 0.986228 -0.0120972 2.78089e+12 1.48891
1.05408e+07 -2.08235e+12 -1.84303e+12 2.0343e+10 1.11538 0.986228 -0.0120979 2.78089e+12 1.48891
1.06272e+07 -2.08235e+12 -1.84303e+12 2.0343e+10 1.11538 0.986228 -0.0120985 2.78089e+12 1.48891
1.07136e+07 -2.08235e+12 -1.84303e+12 2.0343e+10 1.11538 0.986228 -0.0120992 2.78089e+12 1.48891
1.08e+07 -2.08235e+12 -1.84303e+12 2.0343e+10 1.11538 0.986228 -0.0120998 2.78089e+12 1.48891
1.08864e+07 -2.08235e+12 -1.84303e+12 2.0343e+10 1.11538 0.986227 -0.0121005 2.78089e+12 1.48891
1.09728e+07 -2.08235e+12 -1.84303e+12 2.0343e+10 1.11538 0.986227 -0.0121012 2.78089e+12 1.48891
1.10592e+07 -2.08235e+12 -1.84303e+12 2.0343e+10 1.11538 0.986227 -0.0121018 2.78089e+12 1.48891
1.11456e+07 -2.08235e+12 -1.84303e+12 2.0343e+10 1.11538 0.986227 -0.0121025 2.78089e+12 1.48891
1.1232e+07 -2.08235e+12 -1.84303e+12 2.0343e+10 1.11538 0.986227 -0.0121031 2.78089e+12 1.48891
1.13184e+07 -2.08235e+12 -1.84303e+12 2.0343e+10 1.11538 0.986227 -0.0121038 2.78089e+12 1.48891
1.14048e+07 -2.08235e+12 -1.84303e+12 2.0343e+10 1.11538 0.986226 -0.0121045 2.78089e+12 1.48892
1.14912e+07 -2.08235e+12 -1.84303e+12 2.0343e+10 1.11538 0.986226 -0.0121051 2.78089e+12 1.48892
1.15776e+07 -2.08235e+12 -1.84303e+12 2.0343e+10 1.11538 0.986226 -0.0121058 2.78089e+12 1.48892
1.1664e+07 -2.08235e+12 -1.84303e+12 2.0343e+10 1.11538 0.986226 -0.0121065 2.78089e+12 1.48892
1.17504e+07 -2.08235e+12 -1.84303e+12 2.0343e+10 1.11539 0.986226 -0.0121071 2.78089e+12 1.48892
1.18368e+07 -2.08235e+12 -1.84303e+12 2.0343e+10 1.11539 0.986226 -0.0121078 2.78089e+12 1.48892
1.19232e+07 -2.08235e+12 -1.84303e+12 2.0343e+10 1.11539 0.986225 -0.0121085 2.78089e+12 1.48892
1.20096e+07 -2.08235e+12 -1.84303e+12 2.0343e+10 1.11539 0.986225 -0.0121091 2.78089e+12 1.48892
1.2096e+07 -2.08235e+12 -1.84303e+12 2.0343e+10 1.11539 0.986225 -0.0121098 2.78089e+12 1.48892
1.21824e+07 -2.08235e+12 -1.84303e+12 2.0343e+10 1.11539 0.986225 -0.0121105 2.78089e+12 1.48892
1.22688e+07 -2.08235e+12 -1.84303e+12 2.0343e+10 1.11539 0.986225 -0.0121111 2.78089e+12 1.48892
1.23552e+07 -2.08235e+12 -1.84303e+12 2.0343e+10 1.11539 0.986224 -0.0121118 2.78089e+12 1.48892
1.24416e+07 -2.08235e+12 -1.84303e+12 2.0343e+10 1.11539 0.986224 -0.0121125 2.78089e+12 1.48892
1.2528e+07 -2.08235e+12 -1.84303e+12 2.0343e+10 1.11539 0.986224 -0.0121132 2.78089e+12 1.48892
1.26144e+07 -2.08235e+12 -1.84303e+12 2.0343e+10 1.11539 0.986224 -0.0121139 2.78089e+12 1.48892
1.27008e+07 -2.08235e+12 -1.84303e+12 2.0343e+10 1.11539 0.986224 -0.0121145 2.78089e+12 1.48892
1.27872e+07 -2.08235e+12 -1.84303e+12 2.0343e+10 1.11539 0.986224 -0.0121152 2.78089e+12 1.48892
1.28736e+07 -2.08235e+12 -1.84303e+12 2.0343e+10 1.11539 0.986223 -0.0121159 2.78089e+12 1.48892
1.296e+07 -2.08235e+12 -1.84303e+12 2.0343e+10 1.11539 0.986223 -0.0121166 2.78089e+12 1.48892
1.30464e+07 -2.08235e+12 -1.84303e+12 2.0343e+10 1.11539 0.986223 -0.0121173 2.78089e+12 1.48892
1.31328e+07 -2.08235e+12 -1.84303e+12 2.0343e+10 1.11539 0.986223 -0.0121179 2.78089e+12 1.48892
1.32192e+07 -2.08235e+12 -1.84303e+12 2.0343e+10 1.11539 0.986223 -0.0121186 2.78089e+12 1.48892
1.33056e+07 -2.08235e+12 -1.84303e+12 2.0343e+10 1.1154 0.986223 -0.0121193 2.78089e+12 1.48892
1.3392e+07 -2.08235e+12 -1.84303e+12 2.0343e+10 1.1154 0.986222 -0.01212 2.78089e+12 1.48892
1.34784e+07 -2.08235e+12 -1.84303e+12 2.0343e+10 1.1154 0.986222 -0.0121207 2.78089e+12 1.48892
1.35648e+07 -2.08235e+12 -1.84303e+12 2.0343e+10 1.1154 0.986222 -0.0121214 2.78089e+12 1.48892
1.36512e+07 -2.08235e+12 -1.84303e+12 2.0343e+10 1.1154 0.986222 -0.0121221 2.78089e+12 1.48892
1.37376e+07 -2.08235e+12 -1.84303e+12 2.0343e+10 1.1154 0.986222 -0.0121228 2.78089e+12 1.48892
1.3824e+07 -2.08235e+12 -1.84303e+12 2.0343e+10 1.1154 0.986221 -0.0121235 2.78089e+12 1.48892
1.39104e+07 -2.08235e+12 -1.84303e+12 2.0343e+10 1.1154 0.986221 -0.0121242 2.78089e+12 1.48892
1.39968e+07 -2.08235e+12 -1.84303e+12 2.0343e+10 1.1154 0.986221 -0.0121249 2.78089e+12 1.48892
1.40832e+07 -2.08235e+12 -1.84303e+12 2.0343e+10 1.1154 0.986221 -0.0121256 2.78089e+12 1.48892
1.41696e+07 -2.08235e+12 -1.84303e+12 2.0343e+10 1.1154 0.986221 -0.0121263 2.78089e+12 1.48892
1.4256e+07 -2.08235e+12 -1.84303e+12 2.0343e+10 1.1154 0.986221 -0.012127 2.78089e+12 1.48893
1.43424e+07 -2.08235e+12 -1.84303e+12 2.0343e+10 1.1154 0.98622 -0.0121277 2.78089e+12 1.48893
1.44288e+07 -2.08235e+12 -1.84303e+12 2.0343e+10 1.1154 0.98622 -0.0121284 2.78089e+12 1.48893
1.45152e+07 -2.08235e+12 -1.84303e+12 2.0343e+10 1.1154 0.98622 -0.0121291 2.78089e+12 1.48893
1.46016e+07 -2.08235e+12 -1.84303e+12 2.0343e+10 1.1154 0.98622 -0.0121298 2.78089e+12 1.48893
1.4688e+07 -2.08235e+12 -1.84303e+12 2.0343e+10 1.1154 0.98622 -0.0121305 2.78089e+12 1.48893
1.47744e+07 -2.08235e+12 -1.84303e+12 2.0343e+10 1.1154 0.986219 -0.0121312 2.78089e+12 1.48893
1.48608e+07 -2.08235e+12 -1.84303e+12 2.0343e+10 1.11541 0.986219 -0.0121319 2.78089e+12 1.48893
1.49472e+07 -2.08235e+12 -1.84303e+12 2.0343e+10 1.11541 0.986219 -0.0121326 2.78089e+12 1.48893
1.50336e+07 -2.08235e+12 -1.84303e+12 2.0343e+10 1.11541 0.986219 -0.0121333 2.78089e+12 1.48893
1.512e+07 -2.08235e+12 -1.84303e+12 2.0343e+10 1.11541 0.986219 -0.012134 2.78089e+12 1.48893
1.52064e+07 -2.08235e+12 -1.84303e+12 2.0343e+10 1.11541 0.986219 -0.0121347 2.78089e+12 1.48893
1.52928e+07 -2.08235e+12 -1.84303e+12 2.0343e+10 1.11541 0.986218 -0.0121354 2.78089e+12 1.48893
1.53792e+07 -2.08235e+12 -1.84303e+12 2.0343e+10 1.11541 0.986218 -0.0121362 2.78089e+12 1.48893
1.54656e+07 -2.08235e+12 -1.84303e+12 2.0343e+10 1.11541 0.986218 -0.0121369 2.78089e+12 1.48893
1.5552e+07 -2.08235e+12 -1.84303e+12 2.0343e+10 1.11541 0.986218 -0.0121376 2.78089e+12 1.48893
1.56384e+07 -2.08235e+12 -1.84303e+12 2.0343e+10 1.11541 0.986218 -0.0121383 2.78089e+12 1.48893
1.57248e+07 -2.08235e+12 -1.84303e+12 2.0343e+10 1.11541 0.986217 -0.012139 2.78089e+12 1.48893
1.58112e+07 -2.08235e+12 -1.84303e+12 2.0343e+10 1.11541 0.986217 -0.0121398 2.78089e+12 1.48893
1.58976e+07 -2.08235e+12 -1.84303e+12 2.0343e+10 1.11541 0.986217 -0.0121405 2.78089e+12 1.48893
1.5984e+07 -2.08235e+12 -1.84303e+12 2.0343e+10 1.11541 0.986217 -0.0121412 2.78089e+12 1.48893
1.60704e+07 -2.08235e+12 -1.84303e+12 2.0343e+10 1.11541 0.986217 -0.0121419 2.78089e+12 1.48893
1.61568e+07 -2.08235e+12 -1.84303e+12 2.0343e+10 1.11541 0.986216 -0.0121427 2.78089e+12 1.48893
1.62432e+07 -2.08235e+12 -1.84303e+12 2.0343e+10 1.11541 0.986216 -0.0121434 2.78089e+12 1.48893
1.63296e+07 -2.08235e+12 -1.84303e+12 2.0343e+10 1.11542 0.986216 -0.0121441 2.78089e+12 1.48893
1.6416e+07 -2.08235e+12 -1.84303e+12 2.0343e+10 1.11542 0.986216 -0.0121448 2.78089e+12 1.48893
1.65024e+07 -2.08235e+12 -1.84303e+12 2.0343e+10 1.11542 0.986216 -0.0121456 2.78089e+12 1.48893
1.65888e+07 -2.08235e+12 -1.84303e+12 2.0343e+10 1.11542 0.986216 -0.0121463 2.78089e+12 1.48893
1.66752e+07 -2.08235e+12 -1.84303e+12 2.0343e+10 1.11542 0.986215 -0.012147 2.78089e+12 1.48893
1.67616e+07 -2.08235e+12 -1.84303e+12 2.0343e+10 1.11542 0.986215 -0.0121478 2.78089e+12 1.48893
1.6848e+07 -2.08235e+12 -1.84303e+12 2.0343e+10 1.11542 0.986215 -0.0121485 2.78089e+12 1.48893
1.69344e+07 -2.08235e+12 -1.84303e+12 2.0343e+10 1.11542 0.986215 -0.0121492 2.78089e+12 1.48894
1.70208e+07 -2.08235e+12 -1.84303e+12 2.0343e+10 1.11542 0.986215 -0.01215 2.78089e+12 1.48894
1.71072e+07 -2.08235e+12 -1.84303e+12 2.0343e+10 1.11542 0.986214 -0.0121507 2.78089e+12 1.48894
1.71936e+07 -2.08235e+12 -1.84303e+12 2.0343e+10 1.11542 0.986214 -0.0121515 2.78089e+12 1.48894
1.728e+07 -2.08235e+12 -1.84303e+12 2.0343e+10 1.11542 0.986214 -0.0121522 2.78089e+12 1.48894
1.73664e+07 -2.08235e+12 -1.84303e+12 2.0343e+10 1.11542 0.986214 -0.0121529 2.78089e+12 1.48894
1.74528e+07 -2.08235e+12 -1.84303e+12 2.0343e+10 1.11542 0.986214 -0.0121537 2.78089e+12 1.48894
1.75392e+07 -2.08235e+12 -1.84303e+12 2.0343e+10 1.11542 0.986213 -0.0121544 2.78089e+12 1.48894
1.76256e+07 -2.08235e+12 -1.84303e+12 2.0343e+10 1.11542 0.986213 -0.0121552 2.78089e+12 1.48894
1.7712e+07 -2.08235e+12 -1.84303e+12 2.0343e+10 1.11542 0.986213 -0.0121559 2.78089e+12 1.48894
1.77984e+07 -2.08235e+12 -1.84303e+12 2.0343e+10 1.11543 0.986213 -0.0121567 2.78089e+12 1.48894
1.78848e+07 -2.08235e+12 -1.84303e+12 2.0343e+10 1.11543 0.986213 -0.0121574 2.78089e+12 1.48894
1.79712e+07 -2.08235e+12 -1.84303e+12 2.0343e+10 1.11543 0.986212 -0.0121582 2.78089e+12 1.48894
1.80576e+07 -2.08235e+12 -1.84303e+12 2.0343e+10 1.11543 0.986212 -0.0121589 2.78089e+12 1.48894
1.8144e+07 -2.08235e+12 -1.84303e+12 2.0343e+10 1.11543 0.986212 -0.0121597 2.78089e+12 1.48894
1.82304e+07 -2.08235e+12 -1.84303e+12 2.0343e+10 1.11543 0.986212 -0.0121605 2.78089e+12 1.48894
1.83168e+07 -2.08235e+12 -1.84303e+12 2.0343e+10 1.11543 0.986212 -0.0121612 2.78089e+12 1.48894
1.84032e+07 -2.08235e+12 -1.84303e+12 2.0343e+10 1.11543 0.986211 -0.012162 2.78089e+12 1.48894
1.84896e+07 -2.08235e+12 -1.84303e+12 2.0343e+10 1.11543 0.986211 -0.0121627 2.78089e+12 1.48894
1.8576e+07 -2.08235e+12 -1.84303e+12 2.0343e+10 1.11543 0.986211 -0.0121635 2.78089e+12 1.48894
1.86624e+07 -2.08235e+12 -1.84303e+12 2.0343e+10 1.11543 0.986211 -0.0121643 2.78089e+12 1.48894
1.87488e+07 -2.08235e+12 -1.84303e+12 2.0343e+10 1.11543 0.986211 -0.012165 2.78089e+12 1.48894
1.88352e+07 -2.08235e+12 -1.84303e+12 2.0343e+10 1.11543 0.98621 -0.0121658 2.78089e+12 1.48894
1.89216e+07 -2.08235e+12 -1.84303e+12 2.0343e+10 1.11543 0.98621 -0.0121666 2.78089e+12 1.48894
1.9008e+07 -2.08235e+12 -1.84303e+12 2.0343e+10 1.11543 0.98621 -0.0121673 2.78089e+12 1.48894
1.90944e+07 -2.08235e+12 -1.84303e+12 2.0343e+10 1.11543 0.98621 -0.0121681 2.78089e+12 1.48894
1.91808e+07 -2.08235e+12 -1.84303e+12 2.0343e+10 1.11544 0.986209 -0.0121689 2.78089e+12 1.48894
1.92672e+07 -2.08235e+12 -1.84303e+12 2.0343e+10 1.11544 0.986209 -0.0121696 2.78089e+12 1.48894
1.93536e+07 -2.08235e+12 -1.84303e+12 2.0343e+10 1.11544 0.986209 -0.0121704 2.78089e+12 1.48894
1.944e+07 -2.08234e+12 -1.84303e+12 2.0343e+10 1.11544 0.986209 -0.0121712 2.78089e+12 1.48894
1.95264e+07 -2.08234e+12 -1.84303e+12 2.0343e+10 1.11544 0.986209 -0.012172 2.78089e+12 1.48895
1.96128e+07 -2.08234e+12 -1.84303e+12 2.0343e+10 1.11544 0.986208 -0.0121727 2.78089e+12 1.48895
1.96992e+07 -2.08234e+12 -1.84303e+12 2.0343e+10 1.11544 0.986208 -0.0121735 2.78089e+12 1.48895
1.97856e+07 -2.08234e+12 -1.84303e+12 2.0343e+10 1.11544 0.986208 -0.0121743 2.78088e+12 1.48895
1.9872e+07 -2.08234e+12 -1.84303e+12 2.0343e+10 1.11544 0.986208 -0.0121751 2.78088e+12 1.48895
1.99584e+07 -2.08234e+12 -1.84303e+12 2.0343e+10 1.11544 0.986208 -0.0121759 2.78088e+12 1.48895
2.00448e+07 -2.08234e+12 -1.84303e+12 2.0343e+10 1.11544 0.986207 -0.0121767 2.78088e+12 1.48895
2.01312e+07 -2.08234e+12 -1.84303e+12 2.0343e+10 1.11544 0.986207 -0.0121774 2.78088e+12 1.48895
2.02176e+07 -2.08234e+12 -1.84303e+12 2.0343e+10 1.11544 0.986207 -0.0121782 2.78088e+12 1.48895
2.0304e+07 -2.08234e+12 -1.84303e+12 2.0343e+10 1.11544 0.986207 -0.012179 2.78088e+12 1.48895
2.03904e+07 -2.08234e+12 -1.84303e+12 2.0343e+10 1.11544 0.986207 -0.0121798 2.78088e+12 1.48895
2.04768e+07 -2.08234e+12 -1.84303e+12 2.0343e+10 1.11545 0.986206 -0.0121806 2.78088e+12 1.48895
2.05632e+07 -2.08234e+12 -1.84303e+12 2.0343e+10 1.11545 0.986206 -0.0121814 2.78088e+12 1.48895
2.06496e+07 -2.08234e+12 -1.84303e+12 2.0343e+10 1.11545 0.986206 -0.0121822 2.78088e+12 1.48895
2.0736e+07 -2.08234e+12 -1.84303e+12 2.0343e+10 1.11545 0.986206 -0.012183 2.78088e+12 1.48895
2.08224e+07 -2.08234e+12 -1.84303e+12 2.0343e+10 1.11545 0.986205 -0.0121838 2.78088e+12 1.48895
2.09088e+07 -2.08234e+12 -1.84303e+12 2.0343e+10 1.11545 0.986205 -0.0121846 2.78088e+12 1.48895
2.09952e+07 -2.08234e+12 -1.84303e+12 2.0343e+10 1.11545 0.986205 -0.0121854 2.78088e+12 1.48895
2.10816e+07 -2.08234e+12 -1.84303e+12 2.0343e+10 1.11545 0.986205 -0.0121862 2.78088e+12 1.48895
2.1168e+07 -2.08234e+12 -1.84303e+12 2.0343e+10 1.11545 0.986205 -0.012187 2.78088e+12 1.48895
2.12544e+07 -2.08234e+12 -1.84303e+12 2.0343e+10 1.11545 0.986204 -0.0121878 2.78088e+12 1.48895
2.13408e+07 -2.08234e+12 -1.84303e+12 2.0343e+10 1.11545 0.986204 -0.0121886 2.78088e+12 1.48895
2.14272e+07 -2.08234e+12 -1.84303e+12 2.0343e+10 1.11545 0.986204 -0.0121894 2.78088e+12 1.48895
2.15136e+07 -2.08234e+12 -1.84303e+12 2.0343e+10 1.11545 0.986204 -0.0121902 2.78088e+12 1.48895
2.16e+07 -2.08234e+12 -1.84303e+12 2.0343e+10 1.11545 0.986204 -0.012191 2.78088e+12 1.48895
2.16864e+07 -2.08234e+12 -1.84303e+12 2.0343e+10 1.11545 0.986203 -0.0121918 2.78088e+12 1.48895
2.17728e+07 -2.08234e+12 -1.84303e+12 2.03429e+10 1.11545 0.986203 -0.0121927 2.78088e+12 1.48895
2.18592e+07 -2.08234e+12 -1.84303e+12 2.03429e+10 1.11546 0.986203 -0.0121935 2.78088e+12 1.48895
2.19456e+07 -2.08234e+12 -1.84303e+12 2.03429e+10 1.11546 0.986203 -0.0121943 2.78088e+12 1.48895
2.2032e+07 -2.08234e+12 -1.84303e+12 2.03429e+10 1.11546 0.986202 -0.0121951 2.78088e+12 1.48896
2.21184e+07 -2.08234e+12 -1.84303e+12 2.03429e+10 1.11546 0.986202 -0.0121959 2.78088e+12 1.48896
2.22048e+07 -2.08234e+12 -1.84303e+12 2.03429e+10 1.11546 0.986202 -0.0121968 2.78088e+12 1.48896
2.22912e+07 -2.08234e+12 -1.84303e+12 2.03429e+10 1.11546 0.986202 -0.0121976 2.78088e+12 1.48896
2.23776e+07 -2.08234e+12 -1.84303e+12 2.03429e+10 1.11546 0.986202 -0.0121984 2.78088e+12 1.48896
2.2464e+07 -2.08234e+12 -1.84303e+12 2.03429e+10 1.11546 0.986201 -0.0121992 2.78088e+12 1.48896
2.25504e+07 -2.08234e+12 -1.84303e+12 2.03429e+10 1.11546 0.986201 -0.0122001 2.78088e+12 1.48896
2.26368e+07 -2.08234e+12 -1.84303e+12 2.03429e+10 1.11546 0.986201 -0.0122009 2.78088e+12 1.48896
2.27232e+07 -2.08234e+12 -1.84303e+12 2.03429e+10 1.11546 0.986201 -0.0122017 2.78088e+12 1.48896
2.28096e+07 -2.08234e+12 -1.84303e+12 2.03429e+10 1.11546 0.9862 -0.0122025 2.78088e+12 1.48896
2.2896e+07 -2.08234e+12 -1.84303e+12 2.03429e+10 1.11546 0.9862 -0.0122034 2.78088e+12 1.48896
2.29824e+07 -2.08234e+12 -1.84303e+12 2.03429e+10 1.11546 0.9862 -0.0122042 2.78088e+12 1.48896
2.30688e+07 -2.08234e+12 -1.84303e+12 2.03429e+10 1.11546 0.9862 -0.0122051 2.78088e+12 1.48896
2.31552e+07 -2.08234e+12 -1.84303e+12 2.03429e+10 1.11547 0.986199 -0.0122059 2.78088e+12 1.48896
2.32416e+07 -2.08234e+12 -1.84303e+12 2.03429e+10 1.11547 0.986199 -0.0122067 2.78088e+12 1.48896
2.3328e+07 -2.08234e+12 -1.84303e+12 2.03429e+10 1.11547 0.986199 -0.0122076 2.78088e+12 1.48896
2.34144e+07 -2.08234e+12 -1.84302e+12 2.03429e+10 1.11547 0.986199 -0.0122084 2.78088e+12 1.48896
2.35008e+07 -2.08234e+12 -1.84302e+12 2.03429e+10 1.11547 0.986199 -0.0122093 2.78088e+12 1.48896
2.35872e+07 -2.08234e+12 -1.84302e+12 2.03429e+10 1.11547 0.986198 -0.0122101 2.78088e+12 1.48896
2.36736e+07 -2.08234e+12 -1.84302e+12 2.03429e+10 1.11547 0.986198 -0.012211 2.78088e+12 1.48896
2.376e+07 -2.08234e+12 -1.84302e+12 2.03429e+10 1.11547 0.986198 -0.0122118 2.78088e+12 1.48896
2.38464e+07 -2.08234e+12 -1.84302e+12 2.03429e+10 1.11547 0.986198 -0.0122127 2.78088e+12 1.48896
2.39328e+07 -2.08234e+12 -1.84302e+12 2.03429e+10 1.11547 0.986197 -0.0122135 2.78088e+12 1.48896
2.40192e+07 -2.08234e+12 -1.84302e+12 2.03429e+10 1.11547 0.986197 -0.0122144 2.78088e+12 1.48896
2.41056e+07 -2.08234e+12 -1.84302e+12 2.03429e+10 1.11547 0.986197 -0.0122152 2.78088e+12 1.48896
2.4192e+07 -2.08234e+12 -1.84302e+12 2.03429e+10 1.11547 0.986197 -0.0122161 2.78088e+12 1.48896
2.42784e+07 -2.08234e+12 -1.84302e+12 2.03429e+10 1.11548 0.986196 -0.012217 2.78088e+12 1.48897
2.43648e+07 -2.08234e+12 -1.84302e+12 2.03429e+10 1.11548 0.986195 -0.0122182 2.78088e+12 1.48897
2.44512e+07 -2.08234e+12 -1.84302e+12 2.03429e+10 1.11548 0.986195 -0.012219 2.78088e+12 1.48897
2.45376e+07 -2.08234e+12 -1.84302e+12 2.03429e+10 1.11548 0.986195 -0.0122199 2.78088e+12 1.48897
2.4624e+07 -2.08234e+12 -1.84302e+12 2.03429e+10 1.11548 0.986194 -0.0122208 2.78088e+12 1.48897
2.47104e+07 -2.08234e+12 -1.84302e+12 2.03429e+10 1.11548 0.986194 -0.0122216 2.78088e+12 1.48897
2.47968e+07 -2.08234e+12 -1.84302e+12 2.03429e+10 1.11548 0.986194 -0.0122225 2.78088e+12 1.48897
2.48832e+07 -2.08234e+12 -1.84302e+12 2.03429e+10 1.11548 0.986194 -0.0122234 2.78088e+12 1.48897
2.49696e+07 -2.08234e+12 -1.84302e+12 2.03429e+10 1.11548 0.986193 -0.0122242 2.78088e+12 1.48897
2.5056e+07 -2.08234e+12 -1.84302e+12 2.03429e+10 1.11548 0.986193 -0.0122251 2.78088e+12 1.48897
2.51424e+07 -2.08234e+12 -1.84302e+12 2.03429e+10 1.11549 0.986193 -0.012226 2.78088e+12 1.48897
2.52288e+07 -2.08234e+12 -1.84302e+12 2.03429e+10 1.11549 0.986193 -0.0122269 2.78088e+12 1.48897
2.53152e+07 -2.08234e+12 -1.84302e+12 2.03429e+10 1.11549 0.986193 -0.0122277 2.78088e+12 1.48897
2.54016e+07 -2.08234e+12 -1.84302e+12 2.03429e+10 1.11549 0.986192 -0.0122286 2.78088e+12 1.48897
2.5488e+07 -2.08234e+12 -1.84302e+12 2.03429e+10 1.11549 0.986192 -0.0122295 2.78088e+12 1.48897
2.55744e+07 -2.08234e+12 -1.84302e+12 2.03429e+10 1.11549 0.986192 -0.0122304 2.78088e+12 1.48897
2.56608e+07 -2.08234e+12 -1.84302e+12 2.03429e+10 1.11549 0.986192 -0.0122313 2.78088e+12 1.48897
2.57472e+07 -2.08234e+12 -1.84302e+12 2.03429e+10 1.11549 0.986191 -0.0122322 2.78088e+12 1.48897
2.58336e+07 -2.08234e+12 -1.84302e+12 2.03429e+10 1.11549 0.986191 -0.012233 2.78088e+12 1.48897
2.592e+07 -2.08234e+12 -1.84302e+12 2.03429e+10 1.11549 0.986191 -0.0122339 2.78088e+12 1.48897
2.60064e+07 -2.08234e+12 -1.84302e+12 2.03429e+10 1.11549 0.986191 -0.0122348 2.78088e+12 1.48897
2.60928e+07 -2.08234e+12 -1.84302e+12 2.03429e+10 1.11549 0.98619 -0.0122357 2.78088e+12 1.48897
2.61792e+07 -2.08234e+12 -1.84302e+12 2.03429e+10 1.11549 0.98619 -0.0122366 2.78088e+12 1.48898
2.62656e+07 -2.08234e+12 -1.84302e+12 2.03429e+10 1.11549 0.98619 -0.0122375 2.78088e+12 1.48898
2.6352e+07 -2.08234e+12 -1.84302e+12 2.03429e+10 1.1155 0.98619 -0.0122384 2.78088e+12 1.48898
2.64384e+07 -2.08234e+12 -1.84302e+12 2.03429e+10 1.1155 0.986189 -0.0122393 2.78088e+12 1.48898
2.65248e+07 -2.08234e+12 -1.84302e+12 2.03429e+10 1.1155 0.986189 -0.0122402 2.78088e+12 1.48898
2.66112e+07 -2.08234e+12 -1.84302e+12 2.03429e+10 1.1155 0.986189 -0.0122411 2.78088e+12 1.48898
2.66976e+07 -2.08234e+12 -1.84302e+12 2.03429e+10 1.1155 0.986189 -0.012242 2.78088e+12 1.48898
2.6784e+07 -2.08234e+12 -1.84302e+12 2.03429e+10 1.1155 0.986188 -0.0122429 2.78088e+12 1.48898
2.68704e+07 -2.08234e+12 -1.84302e+12 2.03429e+10 1.1155 0.986188 -0.0122439 2.78088e+12 1.48898
2.69568e+07 -2.08234e+12 -1.84302e+12 2.03429e+10 1.1155 0.986188 -0.0122448 2.78088e+12 1.48898
2.70432e+07 -2.08234e+12 -1.84302e+12 2.03429e+10 1.1155 0.986188 -0.0122457 2.78088e+12 1.48898
2.71296e+07 -2.08234e+12 -1.84302e+12 2.03429e+10 1.1155 0.986187 -0.0122466 2.78088e+12 1.48898
2.7216e+07 -2.08234e+12 -1.84302e+12 2.03429e+10 1.1155 0.986187 -0.0122475 2.78088e+12 1.48898
2.73024e+07 -2.08234e+12 -1.84302e+12 2.03429e+10 1.1155 0.986187 -0.0122484 2.78088e+12 1.48898
2.73888e+07 -2.08234e+12 -1.84302e+12 2.03429e+10 1.1155 0.986186 -0.0122494 2.78088e+12 1.48898
2.74752e+07 -2.08234e+12 -1.84302e+12 2.03429e+10 1.1155 0.986186 -0.0122503 2.78088e+12 1.48898
2.75616e+07 -2.08234e+12 -1.84302e+12 2.03429e+10 1.11551 0.986186 -0.0122512 2.78088e+12 1.48898
2.7648e+07 -2.08234e+12 -1.84302e+12 2.03429e+10 1.11551 0.986186 -0.0122521 2.78088e+12 1.48898
2.77344e+07 -2.08234e+12 -1.84302e+12 2.03429e+10 1.11551 0.986185 -0.0122531 2.78088e+12 1.48898
2.78208e+07 -2.08234e+12 -1.84302e+12 2.03429e+10 1.11551 0.986185 -0.012254 2.78088e+12 1.48898
2.79072e+07 -2.08234e+12 -1.84302e+12 2.03429e+10 1.11551 0.986185 -0.0122549 2.78088e+12 1.48898
2.79936e+07 -2.08234e+12 -1.84302e+12 2.03429e+10 1.11551 0.986185 -0.0122559 2.78088e+12 1.48898
2.808e+07 -2.08234e+12 -1.84302e+12 2.03429e+10 1.11551 0.986184 -0.0122568 2.78088e+12 1.48898
2.81664e+07 -2.08234e+12 -1.84302e+12 2.03429e+10 1.11551 0.986184 -0.0122577 2.78088e+12 1.48898
2.82528e+07 -2.08234e+12 -1.84302e+12 2.03429e+10 1.11551 0.986184 -0.0122587 2.78088e+12 1.48898
2.83392e+07 -2.08234e+12 -1.84302e+12 2.03429e+10 1.11551 0.986184 -0.0122596 2.78088e+12 1.48899
2.84256e+07 -2.08234e+12 -1.84302e+12 2.03429e+10 1.11551 0.986183 -0.0122606 2.78088e+12 1.48899
2.8512e+07 -2.08234e+12 -1.84302e+12 2.03429e+10 1.11551 0.986183 -0.0122615 2.78088e+12 1.48899
2.85984e+07 -2.08234e+12 -1.84302e+12 2.03429e+10 1.11551 0.986183 -0.0122625 2.78088e+12 1.48899
2.86848e+07 -2.08234e+12 -1.84302e+12 2.03429e+10 1.11552 0.986183 -0.0122634 2.78088e+12 1.48899
2.87712e+07 -2.08234e+12 -1.84302e+12 2.03429e+10 1.11552 0.986182 -0.0122644 2.78088e+12 1.48899
2.88576e+07 -2.08234e+12 -1.84302e+12 2.03429e+10 1.11552 0.986182 -0.0122653 2.78088e+12 1.48899
2.8944e+07 -2.08234e+12 -1.84302e+12 2.03429e+10 1.11552 0.986182 -0.0122663 2.78088e+12 1.48899
2.90304e+07 -2.08234e+12 -1.84302e+12 2.03429e+10 1.11552 0.986181 -0.0122672 2.78088e+12 1.48899
2.91168e+07 -2.08234e+12 -1.84302e+12 2.03429e+10 1.11552 0.986181 -0.0122682 2.78088e+12 1.48899
2.92032e+07 -2.08234e+12 -1.84302e+12 2.03429e+10 1.11552 0.986181 -0.0122691 2.78088e+12 1.48899
2.92896e+07 -2.08234e+12 -1.84302e+12 2.03429e+10 1.11552 0.986181 -0.0122701 2.78088e+12 1.48899
2.9376e+07 -2.08234e+12 -1.84302e+12 2.03429e+10 1.11552 0.98618 -0.0122711 2.78088e+12 1.48899
2.94624e+07 -2.08234e+12 -1.84302e+12 2.03429e+10 1.11552 0.98618 -0.012272 2.78088e+12 1.48899
2.95488e+07 -2.08234e+12 -1.84302e+12 2.03429e+10 1.11552 0.98618 -0.012273 2.78088e+12 1.48899
2.96352e+07 -2.08234e+12 -1.84302e+12 2.03429e+10 1.11552 0.98618 -0.012274 2.78088e+12 1.48899
2.97216e+07 -2.08234e+12 -1.84302e+12 2.03429e+10 1.11552 0.986179 -0.0122749 2.78088e+12 1.48899
2.9808e+07 -2.08234e+12 -1.84302e+12 2.03429e+10 1.11553 0.986179 -0.0122759 2.78088e+12 1.48899
2.98944e+07 -2.08234e+12 -1.84302e+12 2.03429e+10 1.11553 0.986179 -0.0122769 2.78088e+12 1.48899
2.99808e+07 -2.08234e+12 -1.84302e+12 2.03429e+10 1.11553 0.986178 -0.0122779 2.78088e+12 1.48899
3.00672e+07 -2.08234e+12 -1.84302e+12 2.03429e+10 1.11553 0.986178 -0.0122789 2.78088e+12 1.48899
3.01536e+07 -2.08234e+12 -1.84302e+12 2.03429e+10 1.11553 0.986178 -0.0122798 2.78088e+12 1.48899
3.024e+07 -2.08234e+12 -1.84302e+12 2.03429e+10 1.11553 0.986178 -0.0122808 2.78088e+12 1.48899
3.03264e+07 -2.08234e+12 -1.84302e+12 2.03429e+10 1.11553 0.986177 -0.0122818 2.78088e+12 1.48899
3.04128e+07 -2.08234e+12 -1.84302e+12 2.03429e+10 1.11553 0.986177 -0.0122828 2.78088e+12 1.489
3.04992e+07 -2.08234e+12 -1.84302e+12 2.03429e+10 1.11553 0.986177 -0.0122838 2.78088e+12 1.489
3.05856e+07 -2.08234e+12 -1.84302e+12 2.03429e+10 1.11553 0.986176 -0.0122848 2.78088e+12 1.489
3.0672e+07 -2.08234e+12 -1.84302e+12 2.03429e+10 1.11553 0.986176 -0.0122858 2.78088e+12 1.489
3.07584e+07 -2.08234e+12 -1.84302e+12 2.03429e+10 1.11553 0.986176 -0.0122868 2.78088e+12 1.489
3.08448e+07 -2.08234e+12 -1.84302e+12 2.03429e+10 1.11554 0.986176 -0.0122878 2.78088e+12 1.489
3.09312e+07 -2.08234e+12 -1.84302e+12 2.03429e+10 1.11554 0.986175 -0.0122888 2.78088e+12 1.489
3.10176e+07 -2.08234e+12 -1.84302e+12 2.03429e+10 1.11554 0.986175 -0.0122898 2.78088e+12 1.489
3.1104e+07 -2.08234e+12 -1.84302e+12 2.03429e+10 1.11554 0.986175 -0.0122908 2.78088e+12 1.489
3.11904e+07 -2.08234e+12 -1.84302e+12 2.03429e+10 1.11554 0.986174 -0.0122918 2.78088e+12 1.489
3.12768e+07 -2.08234e+12 -1.84302e+12 2.03429e+10 1.11554 0.986174 -0.0122928 2.78088e+12 1.489
3.13632e+07 -2.08234e+12 -1.84302e+12 2.03429e+10 1.11554 0.986174 -0.0122938 2.78088e+12 1.489
3.14496e+07 -2.08234e+12 -1.84302e+12 2.03429e+10 1.11554 0.986174 -0.0122948 2.78088e+12 1.489
