0 1.23134e+11 7.51163e+11 -5.85163e+09 -13048.7 2716.63 280.988 7.61211e+11 13331.4
86400 1.22001e+11 7.51398e+11 -5.82724e+09 -13050.5 2697.69 281.186 7.6126e+11 13329.3
172800 1.21988e+11 7.51404e+11 -5.8271e+09 -209.852 78.3521 1.76321 7.61264e+11 224.009
259200 1.21926e+11 7.51391e+11 -5.82818e+09 -1532.16 -308.552 -26.9936 7.61242e+11 1563.15
345600 1.21926e+11 7.51391e+11 -5.82818e+09 -7.62316 -20.657 0.0638705 7.61241e+11 22.0188
432000 1.21926e+11 7.5139e+11 -5.82818e+09 -3.00448 -19.8733 0.142899 7.6124e+11 20.0997
518400 1.21926e+11 7.51389e+11 -5.82817e+09 -2.86693 -20.0905 0.137245 7.61239e+11 20.2945
604800 1.21926e+11 7.51388e+11 -5.82816e+09 -7.0942 -12.5785 0.338583 7.61238e+11 14.4451
691200 1.21925e+11 7.51387e+11 -5.82816e+09 -3.1424 -19.6017 0.150367 7.61237e+11 19.8525
777600 1.21925e+11 7.51386e+11 -5.82815e+09 -3.12973 -19.6243 0.149764 7.61237e+11 19.8728
864000 1.21925e+11 7.51386e+11 -5.82814e+09 -3.12834 -19.6268 0.149698 7.61236e+11 19.8751
950400 1.21925e+11 7.51385e+11 -5.82814e+09 -3.12686 -19.6295 0.149627 7.61235e+11 19.8775
1.0368e+06 1.21925e+11 7.51384e+11 -5.82813e+09 -3.12521 -19.6324 0.149549 7.61234e+11 19.8802
1.1232e+06 1.21925e+11 7.51383e+11 -5.82812e+09 -3.12338 -19.6358 0.149461 7.61233e+11 19.8832
1.2096e+06 1.21925e+11 7.51382e+11 -5.82812e+09 -3.12131 -19.6395 0.149363 7.61232e+11 19.8865
1.296e+06 1.21924e+11 7.51381e+11 -5.82811e+09 -3.11897 -19.6437 0.149252 7.61231e+11 19.8903
1.3824e+06 1.21924e+11 7.5138e+11 -5.82811e+09 -3.11629 -19.6485 0.149124 7.61231e+11 19.8946
1.4688e+06 1.21924e+11 7.5138e+11 -5.8281e+09 -3.11319 -19.6541 0.148976 7.6123e+11 19.8997
1.5552e+06 1.21924e+11 7.51379e+11 -5.82809e+09 -3.10954 -19.6606 0.148802 7.61229e+11 19.9055
1.6416e+06 1.21924e+11 7.51378e+11 -5.82809e+09 -3.10518 -19.6684 0.148595 7.61228e+11 19.9125
1.728e+06 1.21924e+11 7.51377e+11 -5.82808e+09 -3.09987 -19.6779 0.148342 7.61227e+11 19.9211
1.8144e+06 1.21924e+11 7.51376e+11 -5.82807e+09 -3.09321 -19.6897 0.148025 7.61226e+11 19.9318
1.9008e+06 1.21923e+11 7.51375e+11 -5.82807e+09 -3.08458 -19.7051 0.147614 7.61225e+11 19.9456
1.9872e+06 1.21923e+11 7.51374e+11 -5.82806e+09 -3.07287 -19.726 0.147056 7.61225e+11 19.9644
2.0736e+06 1.21923e+11 7.51374e+11 -5.82805e+09 -3.05585 -19.7562 0.146245 7.61224e+11 19.9917
2.16e+06 1.21923e+11 7.51373e+11 -5.82805e+09 -3.02837 -19.805 0.144937 7.61223e+11 20.0358
2.2464e+06 1.21923e+11 7.51372e+11 -5.82804e+09 -2.97445 -19.9008 0.142369 7.61222e+11 20.1224
2.3328e+06 1.21923e+11 7.51371e+11 -5.82804e+09 -2.79516 -20.2191 0.133829 7.61221e+11 20.4118
2.4192e+06 1.21923e+11 7.5137e+11 -5.82804e+09 4.34652 -32.8903 -0.206313 7.6122e+11 33.1769
2.5056e+06 1.21923e+11 7.51369e+11 -5.82804e+09 -3.14537 -19.5977 0.150509 7.61219e+11 19.8491
2.592e+06 1.21923e+11 7.51368e+11 -5.82803e+09 -3.16784 -19.5579 0.151579 7.61218e+11 19.8133
2.6784e+06 1.21923e+11 7.51367e+11 -5.82802e+09 -3.16791 -19.5578 0.151583 7.61217e+11 19.8133
2.7648e+06 1.21922e+11 7.51366e+11 -5.82802e+09 -3.16792 -19.5578 0.151583 7.61216e+11 19.8133
2.8512e+06 1.21922e+11 7.51365e+11 -5.82801e+09 -3.16793 -19.5579 0.151583 7.61216e+11 19.8134
2.9376e+06 1.21922e+11 7.51365e+11 -5.828e+09 -3.16794 -19.5579 0.151584 7.61215e+11 19.8134
3.024e+06 1.21922e+11 7.51364e+11 -5.828e+09 -3.16795 -19.5579 0.151584 7.61214e+11 19.8134
3.1104e+06 1.21922e+11 7.51363e+11 -5.82799e+09 -3.16796 -19.558 0.151585 7.61213e+11 19.8135
3.1968e+06 1.21922e+11 7.51362e+11 -5.82798e+09 -3.16797 -19.558 0.151585 7.61212e+11 19.8135
3.2832e+06 1.21922e+11 7.51361e+11 -5.82798e+09 -3.16798 -19.5581 0.151586 7.61211e+11 19.8136
3.3696e+06 1.21922e+11 7.5136e+11 -5.82797e+09 -3.16799 -19.5581 0.151586 7.6121e+11 19.8136
3.456e+06 1.21921e+11 7.5136e+11 -5.82797e+09 -3.168 -19.5581 0.151587 7.6121e+11 19.8136
3.5424e+06 1.21921e+11 7.51359e+11 -5.82796e+09 -3.16801 -19.5582 0.151587 7.61209e+11 19.8137
3.6288e+06 1.21921e+11 7.51358e+11 -5.82795e+09 -3.16802 -19.5582 0.151587 7.61208e+11 19.8137
3.7152e+06 1.21921e+11 7.51357e+11 -5.82795e+09 -3.16803 -19.5583 0.151588 7.61207e+11 19.8138
3.8016e+06 1.21921e+11 7.51356e+11 -5.82794e+09 -3.16803 -19.5583 0.151588 7.61206e+11 19.8138
3.888e+06 1.21921e+11 7.51355e+11 -5.82793e+09 -3.16804 -19.5583 0.151589 7.61205e+11 19.8138
3.9744e+06 1.21921e+11 7.51354e+11 -5.82793e+09 -3.16805 -19.5584 0.151589 7.61204e+11 19.8139
4.0608e+06 1.2192e+11 7.51354e+11 -5.82792e+09 -3.16806 -19.5584 0.15159 7.61204e+11 19.8139
4.1472e+06 1.2192e+11 7.51353e+11 -5.82791e+09 -3.16807 -19.5585 0.15159 7.61203e+11 19.814
4.2336e+06 1.2192e+11 7.51352e+11 -5.82791e+09 -3.16808 -19.5585 0.151591 7.61202e+11 19.814
4.32e+06 1.2192e+11 7.51351e+11 -5.8279e+09 -3.16809 -19.5585 0.151591 7.61201e+11 19.814
4.4064e+06 1.2192e+11 7.5135e+11 -5.82789e+09 -3.1681 -19.5586 0.151592 7.612e+11 19.8141
4.4928e+06 1.2192e+11 7.51349e+11 -5.82789e+09 -3.16811 -19.5586 0.151592 7.61199e+11 19.8141
4.5792e+06 1.2192e+11 7.51349e+11 -5.82788e+09 -3.16812 -19.5587 0.151592 7.61198e+11 19.8142
4.6656e+06 1.21919e+11 7.51348e+11 -5.82787e+09 -3.16813 -19.5587 0.151593 7.61198e+11 19.8142
4.752e+06 1.21919e+11 7.51347e+11 -5.82787e+09 -3.16814 -19.5587 0.151593 7.61197e+11 19.8142
4.8384e+06 1.21919e+11 7.51346e+11 -5.82786e+09 -3.16815 -19.5588 0.151594 7.61196e+11 19.8143
4.9248e+06 1.21919e+11 7.51345e+11 -5.82785e+09 -3.16816 -19.5588 0.151594 7.61195e+11 19.8143
5.0112e+06 1.21919e+11 7.51344e+11 -5.82785e+09 -3.16817 -19.5589 0.151595 7.61194e+11 19.8144
5.0976e+06 1.21919e+11 7.51343e+11 -5.82784e+09 -3.16818 -19.5589 0.151595 7.61193e+11 19.8144
5.184e+06 1.21919e+11 7.51343e+11 -5.82783e+09 -3.16819 -19.5589 0.151596 7.61192e+11 19.8145
5.2704e+06 1.21919e+11 7.51342e+11 -5.82783e+09 -3.1682 -19.559 0.151596 7.61192e+11 19.8145
5.3568e+06 1.21918e+11 7.51341e+11 -5.82782e+09 -3.16821 -19.559 0.151597 7.61191e+11 19.8145
5.4432e+06 1.21918e+11 7.5134e+11 -5.82781e+09 -3.16822 -19.5591 0.151597 7.6119e+11 19.8146
5.5296e+06 1.21918e+11 7.51339e+11 -5.82781e+09 -3.16823 -19.5591 0.151598 7.61189e+11 19.8146
5.616e+06 1.21918e+11 7.51338e+11 -5.8278e+09 -3.16824 -19.5591 0.151598 7.61188e+11 19.8147
5.7024e+06 1.21918e+11 7.51338e+11 -5.8278e+09 -3.16824 -19.5592 0.151598 7.61187e+11 19.8147
5.7888e+06 1.21918e+11 7.51337e+11 -5.82779e+09 -3.16825 -19.5592 0.151599 7.61186e+11 19.8147
5.8752e+06 1.21918e+11 7.51336e+11 -5.82778e+09 -3.16826 -19.5593 0.151599 7.61186e+11 19.8148
5.9616e+06 1.21917e+11 7.51335e+11 -5.82778e+09 -3.16827 -19.5593 0.1516 7.61185e+11 19.8148
6.048e+06 1.21917e+11 7.51334e+11 -5.82777e+09 -3.16828 -19.5593 0.1516 7.61184e+11 19.8149
6.1344e+06 1.21917e+11 7.51333e+11 -5.82776e+09 -3.16829 -19.5594 0.151601 7.61183e+11 19.8149
6.2208e+06 1.21917e+11 7.51333e+11 -5.82776e+09 -3.1683 -19.5594 0.151601 7.61182e+11 19.8149
6.3072e+06 1.21917e+11 7.51332e+11 -5.82775e+09 -3.16831 -19.5595 0.151602 7.61181e+11 19.815
6.3936e+06 1.21917e+11 7.51331e+11 -5.82774e+09 -3.16832 -19.5595 0.151602 7.6118e+11 19.815
6.48e+06 1.21917e+11 7.5133e+11 -5.82774e+09 -3.16833 -19.5595 0.151603 7.6118e+11 19.8151
6.5664e+06 1.21916e+11 7.51329e+11 -5.82773e+09 -3.16834 -19.5596 0.151603 7.61179e+11 19.8151
6.6528e+06 1.21916e+11 7.51328e+11 -5.82772e+09 -3.16835 -19.5596 0.151603 7.61178e+11 19.8151
6.7392e+06 1.21916e+11 7.51327e+11 -5.82772e+09 -3.16836 -19.5597 0.151604 7.61177e+11 19.8152
6.8256e+06 1.21916e+11 7.51327e+11 -5.82771e+09 -3.16837 -19.5597 0.151604 7.61176e+11 19.8152
6.912e+06 1.21916e+11 7.51326e+11 -5.8277e+09 -3.16838 -19.5597 0.151605 7.61175e+11 19.8153
6.9984e+06 1.21916e+11 7.51325e+11 -5.8277e+09 -3.16839 -19.5598 0.151605 7.61174e+11 19.8153
7.0848e+06 1.21916e+11 7.51324e+11 -5.82769e+09 -3.1684 -19.5598 0.151606 7.61174e+11 19.8153
7.1712e+06 1.21915e+11 7.51323e+11 -5.82768e+09 -3.16841 -19.5598 0.151606 7.61173e+11 19.8154
7.2576e+06 1.21915e+11 7.51322e+11 -5.82768e+09 -3.16842 -19.5599 0.151607 7.61172e+11 19.8154
7.344e+06 1.21915e+11 7.51322e+11 -5.82767e+09 -3.16843 -19.5599 0.151607 7.61171e+11 19.8155
7.4304e+06 1.21915e+11 7.51321e+11 -5.82766e+09 -3.16844 -19.56 0.151608 7.6117e+11 19.8155
7.5168e+06 1.21915e+11 7.5132e+11 -5.82766e+09 -3.16845 -19.56 0.151608 7.61169e+11 19.8155
7.6032e+06 1.21915e+11 7.51319e+11 -5.82765e+09 -3.16846 -19.56 0.151609 7.61168e+11 19.8156
7.6896e+06 1.21915e+11 7.51318e+11 -5.82764e+09 -3.16847 -19.5601 0.151609 7.61168e+11 19.8156
7.776e+06 1.21915e+11 7.51317e+11 -5.82764e+09 -3.16848 -19.5601 0.15161 7.61167e+11 19.8157
7.8624e+06 1.21914e+11 7.51316e+11 -5.82763e+09 -3.16849 -19.5602 0.15161 7.61166e+11 19.8157
7.9488e+06 1.21914e+11 7.51316e+11 -5.82763e+09 -3.1685 -19.5602 0.15161 7.61165e+11 19.8157
8.0352e+06 1.21914e+11 7.51315e+11 -5.82762e+09 -3.16851 -19.5602 0.151611 7.61164e+11 19.8158
8.1216e+06 1.21914e+11 7.51314e+11 -5.82761e+09 -3.16852 -19.5603 0.151611 7.61163e+11 19.8158
8.208e+06 1.21914e+11 7.51313e+11 -5.82761e+09 -3.16853 -19.5603 0.151612 7.61162e+11 19.8159
8.2944e+06 1.21914e+11 7.51312e+11 -5.8276e+09 -3.16853 -19.5604 0.151612 7.61162e+11 19.8159
8.3808e+06 1.21914e+11 7.51311e+11 -5.82759e+09 -3.16854 -19.5604 0.151613 7.61161e+11 19.8159
8.4672e+06 1.21913e+11 7.51311e+11 -5.82759e+09 -3.16855 -19.5604 0.151613 7.6116e+11 19.816
8.5536e+06 1.21913e+11 7.5131e+11 -5.82758e+09 -3.16856 -19.5605 0.151614 7.61159e+11 19.816
8.64e+06 1.21913e+11 7.51309e+11 -5.82757e+09 -3.16857 -19.5605 0.151614 7.61158e+11 19.8161
8.7264e+06 1.21913e+11 7.51308e+11 -5.82757e+09 -3.16858 -19.5606 0.151615 7.61157e+11 19.8161
8.8128e+06 1.21913e+11 7.51307e+11 -5.82756e+09 -3.16859 -19.5606 0.151615 7.61157e+11 19.8161
8.8992e+06 1.21913e+11 7.51306e+11 -5.82755e+09 -3.1686 -19.5606 0.151616 7.61156e+11 19.8162
8.9856e+06 1.21913e+11 7.51306e+11 -5.82755e+09 -3.16861 -19.5607 0.151616 7.61155e+11 19.8162
9.072e+06 1.21912e+11 7.51305e+11 -5.82754e+09 -3.16862 -19.5607 0.151617 7.61154e+11 19.8163
9.1584e+06 1.21912e+11 7.51304e+11 -5.82753e+09 -3.16863 -19.5607 0.151617 7.61153e+11 19.8163
9.2448e+06 1.21912e+11 7.51303e+11 -5.82753e+09 -3.16864 -19.5608 0.151617 7.61152e+11 19.8163
9.3312e+06 1.21912e+11 7.51302e+11 -5.82752e+09 -3.16865 -19.5608 0.151618 7.61151e+11 19.8164
9.4176e+06 1.21912e+11 7.51301e+11 -5.82751e+09 -3.16866 -19.5609 0.151618 7.61151e+11 19.8164
9.504e+06 1.21912e+11 7.513e+11 -5.82751e+09 -3.16867 -19.5609 0.151619 7.6115e+11 19.8165
9.5904e+06 1.21912e+11 7.513e+11 -5.8275e+09 -3.16868 -19.5609 0.151619 7.61149e+11 19.8165
9.6768e+06 1.21912e+11 7.51299e+11 -5.82749e+09 -3.16869 -19.561 0.15162 7.61148e+11 19.8166
9.7632e+06 1.21911e+11 7.51298e+11 -5.82749e+09 -3.1687 -19.561 0.15162 7.61147e+11 19.8166
9.8496e+06 1.21911e+11 7.51297e+11 -5.82748e+09 -3.16871 -19.5611 0.151621 7.61146e+11 19.8166
9.936e+06 1.21911e+11 7.51296e+11 -5.82747e+09 -3.16872 -19.5611 0.151621 7.61145e+11 19.8167
1.00224e+07 1.21911e+11 7.51295e+11 -5.82747e+09 -3.16873 -19.5611 0.151622 7.61145e+11 19.8167
1.01088e+07 1.21911e+11 7.51295e+11 -5.82746e+09 -3.16874 -19.5612 0.151622 7.61144e+11 19.8168
1.01952e+07 1.21911e+11 7.51294e+11 -5.82746e+09 -3.16875 -19.5612 0.151623 7.61143e+11 19.8168
1.02816e+07 1.21911e+11 7.51293e+11 -5.82745e+09 -3.16876 -19.5613 0.151623 7.61142e+11 19.8168
1.0368e+07 1.2191e+11 7.51292e+11 -5.82744e+09 -3.16877 -19.5613 0.151624 7.61141e+11 19.8169
1.04544e+07 1.2191e+11 7.51291e+11 -5.82744e+09 -3.16878 -19.5613 0.151624 7.6114e+11 19.8169
1.05408e+07 1.2191e+11 7.5129e+11 -5.82743e+09 -3.16879 -19.5614 0.151625 7.61139e+11 19.817
1.06272e+07 1.2191e+11 7.51289e+11 -5.82742e+09 -3.1688 -19.5614 0.151625 7.61139e+11 19.817
1.07136e+07 1.2191e+11 7.51289e+11 -5.82742e+09 -3.16881 -19.5615 0.151626 7.61138e+11 19.817
1.08e+07 1.2191e+11 7.51288e+11 -5.82741e+09 -3.16882 -19.5615 0.151626 7.61137e+11 19.8171
1.08864e+07 1.2191e+11 7.51287e+11 -5.8274e+09 -3.16883 -19.5615 0.151626 7.61136e+11 19.8171
1.09728e+07 1.21909e+11 7.51286e+11 -5.8274e+09 -3.16884 -19.5616 0.151627 7.61135e+11 19.8172
1.10592e+07 1.21909e+11 7.51285e+11 -5.82739e+09 -3.16885 -19.5616 0.151627 7.61134e+11 19.8172
1.11456e+07 1.21909e+11 7.51284e+11 -5.82738e+09 -3.16886 -19.5616 0.151628 7.61133e+11 19.8172
1.1232e+07 1.21909e+11 7.51284e+11 -5.82738e+09 -3.16887 -19.5617 0.151628 7.61133e+11 19.8173
1.13184e+07 1.21909e+11 7.51283e+11 -5.82737e+09 -3.16888 -19.5617 0.151629 7.61132e+11 19.8173
1.14048e+07 1.21909e+11 7.51282e+11 -5.82736e+09 -3.16889 -19.5618 0.151629 7.61131e+11 19.8174
1.14912e+07 1.21909e+11 7.51281e+11 -5.82736e+09 -3.1689 -19.5618 0.15163 7.6113e+11 19.8174
1.15776e+07 1.21909e+11 7.5128e+11 -5.82735e+09 -3.16891 -19.5618 0.15163 7.61129e+11 19.8174
1.1664e+07 1.21908e+11 7.51279e+11 -5.82734e+09 -3.16892 -19.5619 0.151631 7.61128e+11 19.8175
1.17504e+07 1.21908e+11 7.51279e+11 -5.82734e+09 -3.16893 -19.5619 0.151631 7.61127e+11 19.8175
1.18368e+07 1.21908e+11 7.51278e+11 -5.82733e+09 -3.16894 -19.562 0.151632 7.61127e+11 19.8176
1.19232e+07 1.21908e+11 7.51277e+11 -5.82732e+09 -3.16895 -19.562 0.151632 7.61126e+11 19.8176
1.20096e+07 1.21908e+11 7.51276e+11 -5.82732e+09 -3.16896 -19.562 0.151633 7.61125e+11 19.8176
1.2096e+07 1.21908e+11 7.51275e+11 -5.82731e+09 -3.16897 -19.5621 0.151633 7.61124e+11 19.8177
1.21824e+07 1.21908e+11 7.51274e+11 -5.8273e+09 -3.16898 -19.5621 0.151634 7.61123e+11 19.8177
1.22688e+07 1.21907e+11 7.51273e+11 -5.8273e+09 -3.16899 -19.5621 0.151634 7.61122e+11 19.8177
1.23552e+07 1.21907e+11 7.51273e+11 -5.82729e+09 -3.169 -19.5622 0.151635 7.61121e+11 19.8178
1.24416e+07 1.21907e+11 7.51272e+11 -5.82728e+09 -3.16901 -19.5622 0.151635 7.61121e+11 19.8178
1.2528e+07 1.21907e+11 7.51271e+11 -5.82728e+09 -3.16902 -19.5623 0.151636 7.6112e+11 19.8179
1.26144e+07 1.21907e+11 7.5127e+11 -5.82727e+09 -3.16903 -19.5623 0.151636 7.61119e+11 19.8179
1.27008e+07 1.21907e+11 7.51269e+11 -5.82727e+09 -3.16904 -19.5623 0.151637 7.61118e+11 19.8179
1.27872e+07 1.21907e+11 7.51268e+11 -5.82726e+09 -3.16905 -19.5624 0.151637 7.61117e+11 19.818
1.28736e+07 1.21906e+11 7.51268e+11 -5.82725e+09 -3.16906 -19.5624 0.151638 7.61116e+11 19.818
1.296e+07 1.21906e+11 7.51267e+11 -5.82725e+09 -3.16907 -19.5625 0.151638 7.61115e+11 19.8181
1.30464e+07 1.21906e+11 7.51266e+11 -5.82724e+09 -3.16908 -19.5625 0.151638 7.61115e+11 19.8181
1.31328e+07 1.21906e+11 7.51265e+11 -5.82723e+09 -3.16909 -19.5625 0.151639 7.61114e+11 19.8181
1.32192e+07 1.21906e+11 7.51264e+11 -5.82723e+09 -3.1691 -19.5626 0.151639 7.61113e+11 19.8182
1.33056e+07 1.21906e+11 7.51263e+11 -5.82722e+09 -3.16911 -19.5626 0.15164 7.61112e+11 19.8182
1.3392e+07 1.21906e+11 7.51262e+11 -5.82721e+09 -3.16912 -19.5627 0.15164 7.61111e+11 19.8183
1.34784e+07 1.21906e+11 7.51262e+11 -5.82721e+09 -3.16913 -19.5627 0.151641 7.6111e+11 19.8183
1.35648e+07 1.21905e+11 7.51261e+11 -5.8272e+09 -3.16914 -19.5627 0.151641 7.61109e+11 19.8183
1.36512e+07 1.21905e+11 7.5126e+11 -5.82719e+09 -3.16915 -19.5628 0.151642 7.61109e+11 19.8184
1.37376e+07 1.21905e+11 7.51259e+11 -5.82719e+09 -3.16916 -19.5628 0.151642 7.61108e+11 19.8184
1.3824e+07 1.21905e+11 7.51258e+11 -5.82718e+09 -3.16917 -19.5628 0.151643 7.61107e+11 19.8185
1.39104e+07 1.21905e+11 7.51257e+11 -5.82717e+09 -3.16918 -19.5629 0.151643 7.61106e+11 19.8185
1.39968e+07 1.21905e+11 7.51257e+11 -5.82717e+09 -3.16919 -19.5629 0.151644 7.61105e+11 19.8185
1.40832e+07 1.21905e+11 7.51256e+11 -5.82716e+09 -3.1692 -19.563 0.151644 7.61104e+11 19.8186
1.41696e+07 1.21904e+11 7.51255e+11 -5.82715e+09 -3.16921 -19.563 0.151645 7.61103e+11 19.8186
1.4256e+07 1.21904e+11 7.51254e+11 -5.82715e+09 -3.16922 -19.563 0.151645 7.61103e+11 19.8187
1.43424e+07 1.21904e+11 7.51253e+11 -5.82714e+09 -3.16923 -19.5631 0.151646 7.61102e+11 19.8187
1.44288e+07 1.21904e+11 7.51252e+11 -5.82713e+09 -3.16924 -19.5631 0.151646 7.61101e+11 19.8187
1.45152e+07 1.21904e+11 7.51251e+11 -5.82713e+09 -3.16926 -19.5632 0.151647 7.611e+11 19.8188
1.46016e+07 1.21904e+11 7.51251e+11 -5.82712e+09 -3.16927 -19.5632 0.151647 7.61099e+11 19.8188
1.4688e+07 1.21904e+11 7.5125e+11 -5.82711e+09 -3.16928 -19.5632 0.151648 7.61098e+11 19.8189
1.47744e+07 1.21903e+11 7.51249e+11 -5.82711e+09 -3.16929 -19.5633 0.151648 7.61098e+11 19.8189
1.48608e+07 1.21903e+11 7.51248e+11 -5.8271e+09 -3.1693 -19.5633 0.151649 7.61097e+11 19.8189
1.49472e+07 1.21903e+11 7.51247e+11 -5.8271e+09 -3.16931 -19.5633 0.151649 7.61096e+11 19.819
1.50336e+07 1.21903e+11 7.51246e+11 -5.82709e+09 -3.16932 -19.5634 0.15165 7.61095e+11 19.819
1.512e+07 1.21903e+11 7.51246e+11 -5.82708e+09 -3.16933 -19.5634 0.15165 7.61094e+11 19.8191
1.52064e+07 1.21903e+11 7.51245e+11 -5.82708e+09 -3.16934 -19.5635 0.151651 7.61093e+11 19.8191
1.52928e+07 1.21903e+11 7.51244e+11 -5.82707e+09 -3.16935 -19.5635 0.151651 7.61092e+11 19.8191
1.53792e+07 1.21903e+11 7.51243e+11 -5.82706e+09 -3.16936 -19.5635 0.151652 7.61092e+11 19.8192
1.54656e+07 1.21902e+11 7.51242e+11 -5.82706e+09 -3.16937 -19.5636 0.151652 7.61091e+11 19.8192
1.5552e+07 1.21902e+11 7.51241e+11 -5.82705e+09 -3.16938 -19.5636 0.151653 7.6109e+11 19.8193
1.56384e+07 1.21902e+11 7.51241e+11 -5.82704e+09 -3.16939 -19.5636 0.151653 7.61089e+11 19.8193
1.57248e+07 1.21902e+11 7.5124e+11 -5.82704e+09 -3.1694 -19.5637 0.151654 7.61088e+11 19.8193
1.58112e+07 1.21902e+11 7.51239e+11 -5.82703e+09 -3.16941 -19.5637 0.151654 7.61087e+11 19.8194
1.58976e+07 1.21902e+11 7.51238e+11 -5.82702e+09 -3.16942 -19.5638 0.151655 7.61086e+11 19.8194
1.5984e+07 1.21902e+11 7.51237e+11 -5.82702e+09 -3.16943 -19.5638 0.151655 7.61086e+11 19.8194
1.60704e+07 1.21901e+11 7.51236e+11 -5.82701e+09 -3.16944 -19.5638 0.151656 7.61085e+11 19.8195
1.61568e+07 1.21901e+11 7.51235e+11 -5.827e+09 -3.16945 -19.5639 0.151656 7.61084e+11 19.8195
1.62432e+07 1.21901e+11 7.51235e+11 -5.827e+09 -3.16946 -19.5639 0.151657 7.61083e+11 19.8196
1.63296e+07 1.21901e+11 7.51234e+11 -5.82699e+09 -3.16947 -19.564 0.151657 7.61082e+11 19.8196
1.6416e+07 1.21901e+11 7.51233e+11 -5.82698e+09 -3.16948 -19.564 0.151658 7.61081e+11 19.8196
1.65024e+07 1.21901e+11 7.51232e+11 -5.82698e+09 -3.16949 -19.564 0.151658 7.6108e+11 19.8197
1.65888e+07 1.21901e+11 7.51231e+11 -5.82697e+09 -3.1695 -19.5641 0.151659 7.6108e+11 19.8197
1.66752e+07 1.219e+11 7.5123e+11 -5.82696e+09 -3.16951 -19.5641 0.151659 7.61079e+11 19.8198
1.67616e+07 1.219e+11 7.5123e+11 -5.82696e+09 -3.16952 -19.5641 0.15166 7.61078e+11 19.8198
1.6848e+07 1.219e+11 7.51229e+11 -5.82695e+09 -3.16954 -19.5642 0.15166 7.61077e+11 19.8198
1.69344e+07 1.219e+11 7.51228e+11 -5.82694e+09 -3.16955 -19.5642 0.151661 7.61076e+11 19.8199
1.70208e+07 1.219e+11 7.51227e+11 -5.82694e+09 -3.16956 -19.5643 0.151661 7.61075e+11 19.8199
1.71072e+07 1.219e+11 7.51226e+11 -5.82693e+09 -3.16957 -19.5643 0.151662 7.61074e+11 19.82
1.71936e+07 1.219e+11 7.51225e+11 -5.82692e+09 -3.16958 -19.5643 0.151662 7.61074e+11 19.82
1.728e+07 1.21899e+11 7.51224e+11 -5.82692e+09 -3.16959 -19.5644 0.151663 7.61073e+11 19.82
1.73664e+07 1.21899e+11 7.51224e+11 -5.82691e+09 -3.1696 -19.5644 0.151663 7.61072e+11 19.8201
1.74528e+07 1.21899e+11 7.51223e+11 -5.82691e+09 -3.16961 -19.5644 0.151664 7.61071e+11 19.8201
1.75392e+07 1.21899e+11 7.51222e+11 -5.8269e+09 -3.16962 -19.5645 0.151664 7.6107e+11 19.8202
1.76256e+07 1.21899e+11 7.51221e+11 -5.82689e+09 -3.16963 -19.5645 0.151665 7.61069e+11 19.8202
1.7712e+07 1.21899e+11 7.5122e+11 -5.82689e+09 -3.16964 -19.5646 0.151665 7.61068e+11 19.8202
1.77984e+07 1.21899e+11 7.51219e+11 -5.82688e+09 -3.16965 -19.5646 0.151666 7.61068e+11 19.8203
1.78848e+07 1.21899e+11 7.51219e+11 -5.82687e+09 -3.16966 -19.5646 0.151666 7.61067e+11 19.8203
1.79712e+07 1.21898e+11 7.51218e+11 -5.82687e+09 -3.16967 -19.5647 0.151667 7.61066e+11 19.8203
1.80576e+07 1.21898e+11 7.51217e+11 -5.82686e+09 -3.16968 -19.5647 0.151667 7.61065e+11 19.8204
1.8144e+07 1.21898e+11 7.51216e+11 -5.82685e+09 -3.16969 -19.5647 0.151668 7.61064e+11 19.8204
1.82304e+07 1.21898e+11 7.51215e+11 -5.82685e+09 -3.1697 -19.5648 0.151668 7.61063e+11 19.8205
1.83168e+07 1.21898e+11 7.51214e+11 -5.82684e+09 -3.16971 -19.5648 0.151669 7.61062e+11 19.8205
1.84032e+07 1.21898e+11 7.51214e+11 -5.82683e+09 -3.16973 -19.5649 0.151669 7.61062e+11 19.8205
1.84896e+07 1.21898e+11 7.51213e+11 -5.82683e+09 -3.16974 -19.5649 0.15167 7.61061e+11 19.8206
1.8576e+07 1.21897e+11 7.51212e+11 -5.82682e+09 -3.16975 -19.5649 0.15167 7.6106e+11 19.8206
1.86624e+07 1.21897e+11 7.51211e+11 -5.82681e+09 -3.16976 -19.565 0.151671 7.61059e+11 19.8207
1.87488e+07 1.21897e+11 7.5121e+11 -5.82681e+09 -3.16977 -19.565 0.151671 7.61058e+11 19.8207
1.88352e+07 1.21897e+11 7.51209e+11 -5.8268e+09 -3.16978 -19.565 0.151672 7.61057e+11 19.8207
1.89216e+07 1.21897e+11 7.51208e+11 -5.82679e+09 -3.16979 -19.5651 0.151672 7.61056e+11 19.8208
1.9008e+07 1.21897e+11 7.51208e+11 -5.82679e+09 -3.1698 -19.5651 0.151673 7.61056e+11 19.8208
1.90944e+07 1.21897e+11 7.51207e+11 -5.82678e+09 -3.16981 -19.5652 0.151673 7.61055e+11 19.8209
1.91808e+07 1.21896e+11 7.51206e+11 -5.82677e+09 -3.16982 -19.5652 0.151674 7.61054e+11 19.8209
1.92672e+07 1.21896e+11 7.51205e+11 -5.82677e+09 -3.16983 -19.5652 0.151674 7.61053e+11 19.8209
1.93536e+07 1.21896e+11 7.51204e+11 -5.82676e+09 -3.16984 -19.5653 0.151675 7.61052e+11 19.821
1.944e+07 1.21896e+11 7.51203e+11 -5.82675e+09 -3.16985 -19.5653 0.151675 7.61051e+11 19.821
1.95264e+07 1.21896e+11 7.51203e+11 -5.82675e+09 -3.16986 -19.5653 0.151676 7.6105e+11 19.821
1.96128e+07 1.21896e+11 7.51202e+11 -5.82674e+09 -3.16988 -19.5654 0.151676 7.6105e+11 19.8211
1.96992e+07 1.21896e+11 7.51201e+11 -5.82674e+09 -3.16989 -19.5654 0.151677 7.61049e+11 19.8211
1.97856e+07 1.21896e+11 7.512e+11 -5.82673e+09 -3.1699 -19.5655 0.151677 7.61048e+11 19.8212
1.9872e+07 1.21895e+11 7.51199e+11 -5.82672e+09 -3.16991 -19.5655 0.151678 7.61047e+11 19.8212
1.99584e+07 1.21895e+11 7.51198e+11 -5.82672e+09 -3.16992 -19.5655 0.151679 7.61046e+11 19.8212
2.00448e+07 1.21895e+11 7.51197e+11 -5.82671e+09 -3.16993 -19.5656 0.151679 7.61045e+11 19.8213
2.01312e+07 1.21895e+11 7.51197e+11 -5.8267e+09 -3.16994 -19.5656 0.15168 7.61044e+11 19.8213
2.02176e+07 1.21895e+11 7.51196e+11 -5.8267e+09 -3.16995 -19.5656 0.15168 7.61044e+11 19.8214
2.0304e+07 1.21895e+11 7.51195e+11 -5.82669e+09 -3.16996 -19.5657 0.151681 7.61043e+11 19.8214
2.03904e+07 1.21895e+11 7.51194e+11 -5.82668e+09 -3.16997 -19.5657 0.151681 7.61042e+11 19.8214
2.04768e+07 1.21894e+11 7.51193e+11 -5.82668e+09 -3.16998 -19.5658 0.151682 7.61041e+11 19.8215
2.05632e+07 1.21894e+11 7.51192e+11 -5.82667e+09 -3.17 -19.5658 0.151682 7.6104e+11 19.8215
2.06496e+07 1.21894e+11 7.51192e+11 -5.82666e+09 -3.17001 -19.5658 0.151683 7.61039e+11 19.8215
2.0736e+07 1.21894e+11 7.51191e+11 -5.82666e+09 -3.17002 -19.5659 0.151683 7.61038e+11 19.8216
2.08224e+07 1.21894e+11 7.5119e+11 -5.82665e+09 -3.17003 -19.5659 0.151684 7.61038e+11 19.8216
2.09088e+07 1.21894e+11 7.51189e+11 -5.82664e+09 -3.17004 -19.5659 0.151684 7.61037e+11 19.8217
2.09952e+07 1.21894e+11 7.51188e+11 -5.82664e+09 -3.17005 -19.566 0.151685 7.61036e+11 19.8217
2.10816e+07 1.21893e+11 7.51187e+11 -5.82663e+09 -3.17006 -19.566 0.151685 7.61035e+11 19.8217
2.1168e+07 1.21893e+11 7.51186e+11 -5.82662e+09 -3.17007 -19.5661 0.151686 7.61034e+11 19.8218
2.12544e+07 1.21893e+11 7.51186e+11 -5.82662e+09 -3.17008 -19.5661 0.151686 7.61033e+11 19.8218
2.13408e+07 1.21893e+11 7.51185e+11 -5.82661e+09 -3.17009 -19.5661 0.151687 7.61033e+11 19.8219
2.14272e+07 1.21893e+11 7.51184e+11 -5.8266e+09 -3.1701 -19.5662 0.151687 7.61032e+11 19.8219
2.15136e+07 1.21893e+11 7.51183e+11 -5.8266e+09 -3.17012 -19.5662 0.151688 7.61031e+11 19.8219
2.16e+07 1.21893e+11 7.51182e+11 -5.82659e+09 -3.17013 -19.5662 0.151688 7.6103e+11 19.822
2.16864e+07 1.21893e+11 7.51181e+11 -5.82658e+09 -3.17014 -19.5663 0.151689 7.61029e+11 19.822
2.17728e+07 1.21892e+11 7.51181e+11 -5.82658e+09 -3.17015 -19.5663 0.15169 7.61028e+11 19.822
2.18592e+07 1.21892e+11 7.5118e+11 -5.82657e+09 -3.17016 -19.5664 0.15169 7.61027e+11 19.8221
2.19456e+07 1.21892e+11 7.51179e+11 -5.82657e+09 -3.17017 -19.5664 0.151691 7.61027e+11 19.8221
2.2032e+07 1.21892e+11 7.51178e+11 -5.82656e+09 -3.17018 -19.5664 0.151691 7.61026e+11 19.8222
2.21184e+07 1.21892e+11 7.51177e+11 -5.82655e+09 -3.17019 -19.5665 0.151692 7.61025e+11 19.8222
2.22048e+07 1.21892e+11 7.51176e+11 -5.82655e+09 -3.1702 -19.5665 0.151692 7.61024e+11 19.8222
2.22912e+07 1.21892e+11 7.51176e+11 -5.82654e+09 -3.17022 -19.5665 0.151693 7.61023e+11 19.8223
2.23776e+07 1.21891e+11 7.51175e+11 -5.82653e+09 -3.17023 -19.5666 0.151693 7.61022e+11 19.8223
2.2464e+07 1.21891e+11 7.51174e+11 -5.82653e+09 -3.17024 -19.5666 0.151694 7.61021e+11 19.8224
2.25504e+07 1.21891e+11 7.51173e+11 -5.82652e+09 -3.17025 -19.5666 0.151694 7.61021e+11 19.8224
2.26368e+07 1.21891e+11 7.51172e+11 -5.82651e+09 -3.17026 -19.5667 0.151695 7.6102e+11 19.8224
2.27232e+07 1.21891e+11 7.51171e+11 -5.82651e+09 -3.17027 -19.5667 0.151695 7.61019e+11 19.8225
2.28096e+07 1.21891e+11 7.5117e+11 -5.8265e+09 -3.17028 -19.5668 0.151696 7.61018e+11 19.8225
2.2896e+07 1.21891e+11 7.5117e+11 -5.82649e+09 -3.17029 -19.5668 0.151696 7.61017e+11 19.8225
2.29824e+07 1.2189e+11 7.51169e+11 -5.82649e+09 -3.1703 -19.5668 0.151697 7.61016e+11 19.8226
2.30688e+07 1.2189e+11 7.51168e+11 -5.82648e+09 -3.17032 -19.5669 0.151698 7.61015e+11 19.8226
2.31552e+07 1.2189e+11 7.51167e+11 -5.82647e+09 -3.17033 -19.5669 0.151698 7.61015e+11 19.8227
2.32416e+07 1.2189e+11 7.51166e+11 -5.82647e+09 -3.17034 -19.5669 0.151699 7.61014e+11 19.8227
2.3328e+07 1.2189e+11 7.51165e+11 -5.82646e+09 -3.17035 -19.567 0.151699 7.61013e+11 19.8227
2.34144e+07 1.2189e+11 7.51165e+11 -5.82645e+09 -3.17036 -19.567 0.1517 7.61012e+11 19.8228
2.35008e+07 1.2189e+11 7.51164e+11 -5.82645e+09 -3.17037 -19.5671 0.1517 7.61011e+11 19.8228
2.35872e+07 1.2189e+11 7.51163e+11 -5.82644e+09 -3.17038 -19.5671 0.151701 7.6101e+11 19.8228
2.36736e+07 1.21889e+11 7.51162e+11 -5.82643e+09 -3.1704 -19.5671 0.151701 7.61009e+11 19.8229
2.376e+07 1.21889e+11 7.51161e+11 -5.82643e+09 -3.17041 -19.5672 0.151702 7.61009e+11 19.8229
2.38464e+07 1.21889e+11 7.5116e+11 -5.82642e+09 -3.17042 -19.5672 0.151702 7.61008e+11 19.823
2.39328e+07 1.21889e+11 7.51159e+11 -5.82641e+09 -3.17043 -19.5672 0.151703 7.61007e+11 19.823
2.40192e+07 1.21889e+11 7.51159e+11 -5.82641e+09 -3.17044 -19.5673 0.151703 7.61006e+11 19.823
2.41056e+07 1.21889e+11 7.51158e+11 -5.8264e+09 -3.17045 -19.5673 0.151704 7.61005e+11 19.8231
2.4192e+07 1.21889e+11 7.51157e+11 -5.82639e+09 -3.17046 -19.5673 0.151705 7.61004e+11 19.8231
2.42784e+07 1.21888e+11 7.51156e+11 -5.82639e+09 -3.17045 -19.5673 0.151701 7.61003e+11 19.8231
2.43648e+07 1.21888e+11 7.51155e+11 -5.82638e+09 -3.17037 -19.5672 0.151686 7.61003e+11 19.8229
2.44512e+07 1.21888e+11 7.51154e+11 -5.82638e+09 -3.17038 -19.5672 0.151686 7.61002e+11 19.823
2.45376e+07 1.21888e+11 7.51154e+11 -5.82637e+09 -3.17039 -19.5672 0.151687 7.61001e+11 19.823
2.4624e+07 1.21888e+11 7.51153e+11 -5.82636e+09 -3.1704 -19.5673 0.151688 7.61e+11 19.823
2.47104e+07 1.21888e+11 7.51152e+11 -5.82636e+09 -3.17041 -19.5673 0.151688 7.60999e+11 19.8231
2.47968e+07 1.21888e+11 7.51151e+11 -5.82635e+09 -3.17042 -19.5674 0.151689 7.60998e+11 19.8231
2.48832e+07 1.21887e+11 7.5115e+11 -5.82634e+09 -3.17043 -19.5674 0.151689 7.60997e+11 19.8232
2.49696e+07 1.21887e+11 7.51149e+11 -5.82634e+09 -3.17045 -19.5674 0.15169 7.60997e+11 19.8232
2.5056e+07 1.21887e+11 7.51148e+11 -5.82633e+09 -3.17046 -19.5675 0.15169 7.60996e+11 19.8232
2.51424e+07 1.21887e+11 7.51148e+11 -5.82632e+09 -3.17047 -19.5675 0.151691 7.60995e+11 19.8233
2.52288e+07 1.21887e+11 7.51147e+11 -5.82632e+09 -3.17048 -19.5675 0.151691 7.60994e+11 19.8233
2.53152e+07 1.21887e+11 7.51146e+11 -5.82631e+09 -3.17049 -19.5676 0.151692 7.60993e+11 19.8233
2.54016e+07 1.21887e+11 7.51145e+11 -5.8263e+09 -3.1705 -19.5676 0.151693 7.60992e+11 19.8234
2.5488e+07 1.21887e+11 7.51144e+11 -5.8263e+09 -3.17052 -19.5676 0.151693 7.60991e+11 19.8234
2.55744e+07 1.21886e+11 7.51143e+11 -5.82629e+09 -3.17053 -19.5677 0.151694 7.60991e+11 19.8235
2.56608e+07 1.21886e+11 7.51143e+11 -5.82628e+09 -3.17054 -19.5677 0.151694 7.6099e+11 19.8235
2.57472e+07 1.21886e+11 7.51142e+11 -5.82628e+09 -3.17055 -19.5677 0.151695 7.60989e+11 19.8235
2.58336e+07 1.21886e+11 7.51141e+11 -5.82627e+09 -3.17056 -19.5678 0.151695 7.60988e+11 19.8236
2.592e+07 1.21886e+11 7.5114e+11 -5.82626e+09 -3.17057 -19.5678 0.151696 7.60987e+11 19.8236
2.60064e+07 1.21886e+11 7.51139e+11 -5.82626e+09 -3.17059 -19.5679 0.151696 7.60986e+11 19.8236
2.60928e+07 1.21886e+11 7.51138e+11 -5.82625e+09 -3.1706 -19.5679 0.151697 7.60985e+11 19.8237
2.61792e+07 1.21885e+11 7.51138e+11 -5.82624e+09 -3.17061 -19.5679 0.151698 7.60985e+11 19.8237
2.62656e+07 1.21885e+11 7.51137e+11 -5.82624e+09 -3.17062 -19.568 0.151698 7.60984e+11 19.8237
2.6352e+07 1.21885e+11 7.51136e+11 -5.82623e+09 -3.17063 -19.568 0.151699 7.60983e+11 19.8238
2.64384e+07 1.21885e+11 7.51135e+11 -5.82622e+09 -3.17064 -19.568 0.151699 7.60982e+11 19.8238
2.65248e+07 1.21885e+11 7.51134e+11 -5.82622e+09 -3.17066 -19.5681 0.1517 7.60981e+11 19.8239
2.66112e+07 1.21885e+11 7.51133e+11 -5.82621e+09 -3.17067 -19.5681 0.1517 7.6098e+11 19.8239
2.66976e+07 1.21885e+11 7.51132e+11 -5.82621e+09 -3.17068 -19.5681 0.151701 7.60979e+11 19.8239
2.6784e+07 1.21884e+11 7.51132e+11 -5.8262e+09 -3.17069 -19.5682 0.151701 7.60979e+11 19.824
2.68704e+07 1.21884e+11 7.51131e+11 -5.82619e+09 -3.1707 -19.5682 0.151702 7.60978e+11 19.824
2.69568e+07 1.21884e+11 7.5113e+11 -5.82619e+09 -3.17072 -19.5682 0.151703 7.60977e+11 19.824
2.70432e+07 1.21884e+11 7.51129e+11 -5.82618e+09 -3.17073 -19.5683 0.151703 7.60976e+11 19.8241
2.71296e+07 1.21884e+11 7.51128e+11 -5.82617e+09 -3.17074 -19.5683 0.151704 7.60975e+11 19.8241
2.7216e+07 1.21884e+11 7.51127e+11 -5.82617e+09 -3.17075 -19.5684 0.151704 7.60974e+11 19.8242
2.73024e+07 1.21884e+11 7.51127e+11 -5.82616e+09 -3.17076 -19.5684 0.151705 7.60973e+11 19.8242
2.73888e+07 1.21883e+11 7.51126e+11 -5.82615e+09 -3.17077 -19.5684 0.151705 7.60973e+11 19.8242
2.74752e+07 1.21883e+11 7.51125e+11 -5.82615e+09 -3.17079 -19.5685 0.151706 7.60972e+11 19.8243
2.75616e+07 1.21883e+11 7.51124e+11 -5.82614e+09 -3.1708 -19.5685 0.151707 7.60971e+11 19.8243
2.7648e+07 1.21883e+11 7.51123e+11 -5.82613e+09 -3.17081 -19.5685 0.151707 7.6097e+11 19.8243
2.77344e+07 1.21883e+11 7.51122e+11 -5.82613e+09 -3.17082 -19.5686 0.151708 7.60969e+11 19.8244
2.78208e+07 1.21883e+11 7.51121e+11 -5.82612e+09 -3.17083 -19.5686 0.151708 7.60968e+11 19.8244
2.79072e+07 1.21883e+11 7.51121e+11 -5.82611e+09 -3.17085 -19.5686 0.151709 7.60967e+11 19.8245
2.79936e+07 1.21883e+11 7.5112e+11 -5.82611e+09 -3.17086 -19.5687 0.151709 7.60967e+11 19.8245
2.808e+07 1.21882e+11 7.51119e+11 -5.8261e+09 -3.17087 -19.5687 0.15171 7.60966e+11 19.8245
2.81664e+07 1.21882e+11 7.51118e+11 -5.82609e+09 -3.17088 -19.5687 0.151711 7.60965e+11 19.8246
2.82528e+07 1.21882e+11 7.51117e+11 -5.82609e+09 -3.17089 -19.5688 0.151711 7.60964e+11 19.8246
2.83392e+07 1.21882e+11 7.51116e+11 -5.82608e+09 -3.17091 -19.5688 0.151712 7.60963e+11 19.8246
2.84256e+07 1.21882e+11 7.51116e+11 -5.82607e+09 -3.17092 -19.5688 0.151712 7.60962e+11 19.8247
2.8512e+07 1.21882e+11 7.51115e+11 -5.82607e+09 -3.17093 -19.5689 0.151713 7.60962e+11 19.8247
2.85984e+07 1.21882e+11 7.51114e+11 -5.82606e+09 -3.17094 -19.5689 0.151713 7.60961e+11 19.8247
2.86848e+07 1.21881e+11 7.51113e+11 -5.82605e+09 -3.17096 -19.569 0.151714 7.6096e+11 19.8248
2.87712e+07 1.21881e+11 7.51112e+11 -5.82605e+09 -3.17097 -19.569 0.151715 7.60959e+11 19.8248
2.88576e+07 1.21881e+11 7.51111e+11 -5.82604e+09 -3.17098 -19.569 0.151715 7.60958e+11 19.8249
2.8944e+07 1.21881e+11 7.5111e+11 -5.82603e+09 -3.17099 -19.5691 0.151716 7.60957e+11 19.8249
2.90304e+07 1.21881e+11 7.5111e+11 -5.82603e+09 -3.171 -19.5691 0.151716 7.60956e+11 19.8249
2.91168e+07 1.21881e+11 7.51109e+11 -5.82602e+09 -3.17102 -19.5691 0.151717 7.60956e+11 19.825
2.92032e+07 1.21881e+11 7.51108e+11 -5.82602e+09 -3.17103 -19.5692 0.151718 7.60955e+11 19.825
2.92896e+07 1.2188e+11 7.51107e+11 -5.82601e+09 -3.17104 -19.5692 0.151718 7.60954e+11 19.825
2.9376e+07 1.2188e+11 7.51106e+11 -5.826e+09 -3.17105 -19.5692 0.151719 7.60953e+11 19.8251
2.94624e+07 1.2188e+11 7.51105e+11 -5.826e+09 -3.17107 -19.5693 0.151719 7.60952e+11 19.8251
2.95488e+07 1.2188e+11 7.51105e+11 -5.82599e+09 -3.17108 -19.5693 0.15172 7.60951e+11 19.8251
2.96352e+07 1.2188e+11 7.51104e+11 -5.82598e+09 -3.17109 -19.5693 0.151721 7.6095e+11 19.8252
2.97216e+07 1.2188e+11 7.51103e+11 -5.82598e+09 -3.1711 -19.5694 0.151721 7.6095e+11 19.8252
2.9808e+07 1.2188e+11 7.51102e+11 -5.82597e+09 -3.17111 -19.5694 0.151722 7.60949e+11 19.8253
2.98944e+07 1.2188e+11 7.51101e+11 -5.82596e+09 -3.17113 -19.5694 0.151722 7.60948e+11 19.8253
2.99808e+07 1.21879e+11 7.511e+11 -5.82596e+09 -3.17114 -19.5695 0.151723 7.60947e+11 19.8253
3.00672e+07 1.21879e+11 7.511e+11 -5.82595e+09 -3.17115 -19.5695 0.151723 7.60946e+11 19.8254
3.01536e+07 1.21879e+11 7.51099e+11 -5.82594e+09 -3.17116 -19.5695 0.151724 7.60945e+11 19.8254
3.024e+07 1.21879e+11 7.51098e+11 -5.82594e+09 -3.17118 -19.5696 0.151725 7.60944e+11 19.8254
3.03264e+07 1.21879e+11 7.51097e+11 -5.82593e+09 -3.17119 -19.5696 0.151725 7.60944e+11 19.8255
3.04128e+07 1.21879e+11 7.51096e+11 -5.82592e+09 -3.1712 -19.5696 0.151726 7.60943e+11 19.8255
3.04992e+07 1.21879e+11 7.51095e+11 -5.82592e+09 -3.17121 -19.5697 0.151726 7.60942e+11 19.8255
3.05856e+07 1.21878e+11 7.51094e+11 -5.82591e+09 -3.17123 -19.5697 0.151727 7.60941e+11 19.8256
3.0672e+07 1.21878e+11 7.51094e+11 -5.8259e+09 -3.17124 -19.5698 0.151728 7.6094e+11 19.8256
3.07584e+07 1.21878e+11 7.51093e+11 -5.8259e+09 -3.17125 -19.5698 0.151728 7.60939e+11 19.8256
3.08448e+07 1.21878e+11 7.51092e+11 -5.82589e+09 -3.17127 -19.5698 0.151729 7.60938e+11 19.8257
3.09312e+07 1.21878e+11 7.51091e+11 -5.82588e+09 -3.17128 -19.5699 0.151729 7.60938e+11 19.8257
3.10176e+07 1.21878e+11 7.5109e+11 -5.82588e+09 -3.17129 -19.5699 0.15173 7.60937e+11 19.8258
3.1104e+07 1.21878e+11 7.51089e+11 -5.82587e+09 -3.1713 -19.5699 0.151731 7.60936e+11 19.8258
3.11904e+07 1.21877e+11 7.51089e+11 -5.82586e+09 -3.17132 -19.57 0.151731 7.60935e+11 19.8258
3.12768e+07 1.21877e+11 7.51088e+11 -5.82586e+09 -3.17133 -19.57 0.151732 7.60934e+11 19.8259
3.13632e+07 1.21877e+11 7.51087e+11 -5.82585e+09 -3.17134 -19.57 0.151733 7.60933e+11 19.8259
3.14496e+07 1.21877e+11 7.51086e+11 -5.82584e+09 -3.17135 -19.5701 0.151733 7.60932e+11 19.8259
